x, y, probability density 
-175.5, 175.5, 0.00000E+00 
-166.5, 175.5, 0.00000E+00 
-157.5, 175.5, 0.00000E+00 
-148.5, 175.5, 0.00000E+00 
-139.5, 175.5, 0.00000E+00 
-130.5, 175.5, 0.00000E+00 
-121.5, 175.5, 0.00000E+00 
-112.5, 175.5, 0.00000E+00 
-103.5, 175.5, 0.00000E+00 
-94.5, 175.5, 0.00000E+00 
-85.5, 175.5, 0.00000E+00 
-76.5, 175.5, 3.80711E-04 
-67.5, 175.5, -5.73394E-04 
-58.5, 175.5, -2.95159E-03 
-49.5, 175.5, -3.09598E-03 
-40.5, 175.5, 0.00000E+00 
-31.5, 175.5, 0.00000E+00 
-22.5, 175.5, 0.00000E+00 
-13.5, 175.5, 0.00000E+00 
-4.5, 175.5, 0.00000E+00 
4.5, 175.5, 0.00000E+00 
13.5, 175.5, 0.00000E+00 
22.5, 175.5, 0.00000E+00 
31.5, 175.5, 0.00000E+00 
40.5, 175.5, 0.00000E+00 
49.5, 175.5, 2.08333E-02 
58.5, 175.5, 4.16667E-02 
67.5, 175.5, 9.00330E-02 
76.5, 175.5, 1.27634E-01 
85.5, 175.5, 1.52242E-01 
94.5, 175.5, 2.01305E-01 
103.5, 175.5, 2.31198E-01 
112.5, 175.5, 1.84967E-01 
121.5, 175.5, 7.64873E-02 
130.5, 175.5, 2.46427E-02 
139.5, 175.5, 2.97324E-03 
148.5, 175.5, 1.76134E-03 
157.5, 175.5, 0.00000E+00 
166.5, 175.5, 0.00000E+00 
175.5, 175.5, 0.00000E+00 
-175.5, 166.5, 0.00000E+00 
-166.5, 166.5, 0.00000E+00 
-157.5, 166.5, 0.00000E+00 
-148.5, 166.5, 0.00000E+00 
-139.5, 166.5, 0.00000E+00 
-130.5, 166.5, 0.00000E+00 
-121.5, 166.5, 0.00000E+00 
-112.5, 166.5, 0.00000E+00 
-103.5, 166.5, 0.00000E+00 
-94.5, 166.5, 0.00000E+00 
-85.5, 166.5, 2.04457E-04 
-76.5, 166.5, -1.68776E-04 
-67.5, 166.5, 0.00000E+00 
-58.5, 166.5, 0.00000E+00 
-49.5, 166.5, -1.37552E-03 
-40.5, 166.5, -1.72414E-02 
-31.5, 166.5, 0.00000E+00 
-22.5, 166.5, 0.00000E+00 
-13.5, 166.5, 0.00000E+00 
-4.5, 166.5, 0.00000E+00 
4.5, 166.5, 0.00000E+00 
13.5, 166.5, 0.00000E+00 
22.5, 166.5, 0.00000E+00 
31.5, 166.5, 0.00000E+00 
40.5, 166.5, 0.00000E+00 
49.5, 166.5, 0.00000E+00 
58.5, 166.5, 1.86047E-02 
67.5, 166.5, 4.07609E-02 
76.5, 166.5, 7.28719E-02 
85.5, 166.5, 1.09830E-01 
94.5, 166.5, 1.38145E-01 
103.5, 166.5, 1.48963E-01 
112.5, 166.5, 1.07383E-01 
121.5, 166.5, 4.97881E-02 
130.5, 166.5, 1.00615E-02 
139.5, 166.5, 2.24972E-03 
148.5, 166.5, 0.00000E+00 
157.5, 166.5, 0.00000E+00 
166.5, 166.5, 0.00000E+00 
175.5, 166.5, 0.00000E+00 
-175.5, 157.5, 0.00000E+00 
-166.5, 157.5, 0.00000E+00 
-157.5, 157.5, 0.00000E+00 
-148.5, 157.5, 0.00000E+00 
-139.5, 157.5, 0.00000E+00 
-130.5, 157.5, 0.00000E+00 
-121.5, 157.5, 0.00000E+00 
-112.5, 157.5, 0.00000E+00 
-103.5, 157.5, 0.00000E+00 
-94.5, 157.5, 0.00000E+00 
-85.5, 157.5, 0.00000E+00 
-76.5, 157.5, 1.08554E-04 
-67.5, 157.5, 3.61991E-04 
-58.5, 157.5, 2.35774E-03 
-49.5, 157.5, 3.82555E-04 
-40.5, 157.5, 5.74713E-03 
-31.5, 157.5, 4.34783E-02 
-22.5, 157.5, 0.00000E+00 
-13.5, 157.5, 0.00000E+00 
-4.5, 157.5, 0.00000E+00 
4.5, 157.5, 0.00000E+00 
13.5, 157.5, 0.00000E+00 
22.5, 157.5, 0.00000E+00 
31.5, 157.5, 0.00000E+00 
40.5, 157.5, 0.00000E+00 
49.5, 157.5, 0.00000E+00 
58.5, 157.5, 2.07254E-02 
67.5, 157.5, 4.18446E-02 
76.5, 157.5, 5.96115E-02 
85.5, 157.5, 9.31298E-02 
94.5, 157.5, 1.33433E-01 
103.5, 157.5, 1.50990E-01 
112.5, 157.5, 1.14994E-01 
121.5, 157.5, 6.12972E-02 
130.5, 157.5, 7.07214E-03 
139.5, 157.5, 0.00000E+00 
148.5, 157.5, 0.00000E+00 
157.5, 157.5, 0.00000E+00 
166.5, 157.5, 0.00000E+00 
175.5, 157.5, 0.00000E+00 
-175.5, 148.5, 0.00000E+00 
-166.5, 148.5, 0.00000E+00 
-157.5, 148.5, 0.00000E+00 
-148.5, 148.5, 0.00000E+00 
-139.5, 148.5, 0.00000E+00 
-130.5, 148.5, 0.00000E+00 
-121.5, 148.5, 0.00000E+00 
-112.5, 148.5, 0.00000E+00 
-103.5, 148.5, 0.00000E+00 
-94.5, 148.5, 0.00000E+00 
-85.5, 148.5, 0.00000E+00 
-76.5, 148.5, 4.68845E-05 
-67.5, 148.5, 7.85378E-04 
-58.5, 148.5, 1.42224E-03 
-49.5, 148.5, 1.97472E-03 
-40.5, 148.5, -4.05268E-03 
-31.5, 148.5, 0.00000E+00 
-22.5, 148.5, 0.00000E+00 
-13.5, 148.5, 0.00000E+00 
-4.5, 148.5, 0.00000E+00 
4.5, 148.5, 0.00000E+00 
13.5, 148.5, 0.00000E+00 
22.5, 148.5, 0.00000E+00 
31.5, 148.5, 0.00000E+00 
40.5, 148.5, 0.00000E+00 
49.5, 148.5, 0.00000E+00 
58.5, 148.5, 1.38889E-02 
67.5, 148.5, 6.19835E-02 
76.5, 148.5, 6.57419E-02 
85.5, 148.5, 1.04421E-01 
94.5, 148.5, 1.47008E-01 
103.5, 148.5, 1.99769E-01 
112.5, 148.5, 1.43646E-01 
121.5, 148.5, 5.78265E-02 
130.5, 148.5, 1.28894E-02 
139.5, 148.5, 4.35730E-03 
148.5, 148.5, 4.51977E-03 
157.5, 148.5, 0.00000E+00 
166.5, 148.5, 0.00000E+00 
175.5, 148.5, 0.00000E+00 
-175.5, 139.5, 0.00000E+00 
-166.5, 139.5, 0.00000E+00 
-157.5, 139.5, 0.00000E+00 
-148.5, 139.5, 0.00000E+00 
-139.5, 139.5, 0.00000E+00 
-130.5, 139.5, 0.00000E+00 
-121.5, 139.5, 0.00000E+00 
-112.5, 139.5, 0.00000E+00 
-103.5, 139.5, 0.00000E+00 
-94.5, 139.5, 0.00000E+00 
-85.5, 139.5, -1.34871E-04 
-76.5, 139.5, 5.44929E-05 
-67.5, 139.5, 9.84631E-04 
-58.5, 139.5, 2.94144E-03 
-49.5, 139.5, 5.52017E-03 
-40.5, 139.5, 4.93259E-03 
-31.5, 139.5, -1.04167E-02 
-22.5, 139.5, 0.00000E+00 
-13.5, 139.5, 0.00000E+00 
-4.5, 139.5, 0.00000E+00 
4.5, 139.5, 0.00000E+00 
13.5, 139.5, 0.00000E+00 
22.5, 139.5, 0.00000E+00 
31.5, 139.5, 0.00000E+00 
40.5, 139.5, 0.00000E+00 
49.5, 139.5, 0.00000E+00 
58.5, 139.5, 2.50000E-02 
67.5, 139.5, 1.25000E-01 
76.5, 139.5, 1.27865E-01 
85.5, 139.5, 2.38925E-01 
94.5, 139.5, 3.20656E-01 
103.5, 139.5, 3.56530E-01 
112.5, 139.5, 2.99873E-01 
121.5, 139.5, 1.18750E-01 
130.5, 139.5, 3.03541E-02 
139.5, 139.5, 3.50877E-03 
148.5, 139.5, 1.07527E-02 
157.5, 139.5, 3.50877E-03 
166.5, 139.5, 0.00000E+00 
175.5, 139.5, 0.00000E+00 
-175.5, 130.5, 0.00000E+00 
-166.5, 130.5, 0.00000E+00 
-157.5, 130.5, 0.00000E+00 
-148.5, 130.5, 0.00000E+00 
-139.5, 130.5, 0.00000E+00 
-130.5, 130.5, 0.00000E+00 
-121.5, 130.5, 0.00000E+00 
-112.5, 130.5, 0.00000E+00 
-103.5, 130.5, 0.00000E+00 
-94.5, 130.5, 0.00000E+00 
-85.5, 130.5, -1.32196E-04 
-76.5, 130.5, 5.26981E-04 
-67.5, 130.5, 1.71527E-03 
-58.5, 130.5, 5.04597E-03 
-49.5, 130.5, 1.12623E-02 
-40.5, 130.5, 1.23010E-02 
-31.5, 130.5, 3.90625E-03 
-22.5, 130.5, 2.85714E-02 
-13.5, 130.5, 0.00000E+00 
-4.5, 130.5, 0.00000E+00 
4.5, 130.5, 0.00000E+00 
13.5, 130.5, 0.00000E+00 
22.5, 130.5, 0.00000E+00 
31.5, 130.5, 0.00000E+00 
40.5, 130.5, 0.00000E+00 
49.5, 130.5, 0.00000E+00 
58.5, 130.5, 4.76190E-02 
67.5, 130.5, 1.30435E-01 
76.5, 130.5, 2.53968E-01 
85.5, 130.5, 5.62777E-01 
94.5, 130.5, 6.15578E-01 
103.5, 130.5, 8.12386E-01 
112.5, 130.5, 5.36797E-01 
121.5, 130.5, 1.69903E-01 
130.5, 130.5, 2.76498E-02 
139.5, 130.5, 1.76471E-02 
148.5, 130.5, 0.00000E+00 
157.5, 130.5, 0.00000E+00 
166.5, 130.5, 0.00000E+00 
175.5, 130.5, 0.00000E+00 
-175.5, 121.5, 0.00000E+00 
-166.5, 121.5, 0.00000E+00 
-157.5, 121.5, 0.00000E+00 
-148.5, 121.5, 0.00000E+00 
-139.5, 121.5, 0.00000E+00 
-130.5, 121.5, 0.00000E+00 
-121.5, 121.5, 0.00000E+00 
-112.5, 121.5, 0.00000E+00 
-103.5, 121.5, 0.00000E+00 
-94.5, 121.5, 0.00000E+00 
-85.5, 121.5, -1.70911E-04 
-76.5, 121.5, 4.07332E-04 
-67.5, 121.5, 1.57824E-03 
-58.5, 121.5, 8.92963E-03 
-49.5, 121.5, 2.45098E-02 
-40.5, 121.5, 3.27684E-02 
-31.5, 121.5, -2.40964E-03 
-22.5, 121.5, 0.00000E+00 
-13.5, 121.5, 0.00000E+00 
-4.5, 121.5, 0.00000E+00 
4.5, 121.5, 0.00000E+00 
13.5, 121.5, 0.00000E+00 
22.5, 121.5, 0.00000E+00 
31.5, 121.5, 0.00000E+00 
40.5, 121.5, 0.00000E+00 
49.5, 121.5, 0.00000E+00 
58.5, 121.5, 1.27660E-01 
67.5, 121.5, 3.19328E-01 
76.5, 121.5, 5.43860E-01 
85.5, 121.5, 9.14141E-01 
94.5, 121.5, 1.06569E+00 
103.5, 121.5, 1.41401E+00 
112.5, 121.5, 1.09917E+00 
121.5, 121.5, 2.77778E-01 
130.5, 121.5, 1.00671E-01 
139.5, 121.5, 4.67290E-02 
148.5, 121.5, 2.08333E-02 
157.5, 121.5, 1.23457E-02 
166.5, 121.5, 0.00000E+00 
175.5, 121.5, 0.00000E+00 
-175.5, 112.5, 0.00000E+00 
-166.5, 112.5, 0.00000E+00 
-157.5, 112.5, 0.00000E+00 
-148.5, 112.5, 0.00000E+00 
-139.5, 112.5, 0.00000E+00 
-130.5, 112.5, 0.00000E+00 
-121.5, 112.5, 0.00000E+00 
-112.5, 112.5, 0.00000E+00 
-103.5, 112.5, 0.00000E+00 
-94.5, 112.5, 0.00000E+00 
-85.5, 112.5, 2.68709E-04 
-76.5, 112.5, -2.28232E-04 
-67.5, 112.5, 2.11612E-03 
-58.5, 112.5, 1.12740E-02 
-49.5, 112.5, 2.22694E-02 
-40.5, 112.5, 3.84615E-02 
-31.5, 112.5, 3.19635E-02 
-22.5, 112.5, 0.00000E+00 
-13.5, 112.5, 0.00000E+00 
-4.5, 112.5, 0.00000E+00 
4.5, 112.5, 0.00000E+00 
13.5, 112.5, 0.00000E+00 
22.5, 112.5, 0.00000E+00 
31.5, 112.5, 0.00000E+00 
40.5, 112.5, 0.00000E+00 
49.5, 112.5, 1.00000E-01 
58.5, 112.5, 5.26316E-02 
67.5, 112.5, 3.19149E-01 
76.5, 112.5, 7.96178E-01 
85.5, 112.5, 1.21053E+00 
94.5, 112.5, 1.82684E+00 
103.5, 112.5, 2.24581E+00 
112.5, 112.5, 1.37778E+00 
121.5, 112.5, 7.06667E-01 
130.5, 112.5, 1.02041E-01 
139.5, 112.5, 1.09756E-01 
148.5, 112.5, 6.34921E-02 
157.5, 112.5, 4.39560E-02 
166.5, 112.5, 2.77778E-02 
175.5, 112.5, 0.00000E+00 
-175.5, 103.5, 0.00000E+00 
-166.5, 103.5, 0.00000E+00 
-157.5, 103.5, 0.00000E+00 
-148.5, 103.5, 0.00000E+00 
-139.5, 103.5, 0.00000E+00 
-130.5, 103.5, 0.00000E+00 
-121.5, 103.5, 0.00000E+00 
-112.5, 103.5, 0.00000E+00 
-103.5, 103.5, 0.00000E+00 
-94.5, 103.5, 0.00000E+00 
-85.5, 103.5, 0.00000E+00 
-76.5, 103.5, 4.41891E-04 
-67.5, 103.5, 2.23714E-03 
-58.5, 103.5, 1.44695E-02 
-49.5, 103.5, 2.00803E-02 
-40.5, 103.5, 1.79211E-02 
-31.5, 103.5, 5.61798E-02 
-22.5, 103.5, 0.00000E+00 
-13.5, 103.5, 0.00000E+00 
-4.5, 103.5, 0.00000E+00 
4.5, 103.5, 0.00000E+00 
13.5, 103.5, 0.00000E+00 
22.5, 103.5, 0.00000E+00 
31.5, 103.5, 0.00000E+00 
40.5, 103.5, 0.00000E+00 
49.5, 103.5, 4.54545E-02 
58.5, 103.5, 6.45161E-02 
67.5, 103.5, 2.85714E-01 
76.5, 103.5, 8.77005E-01 
85.5, 103.5, 2.07879E+00 
94.5, 103.5, 2.76730E+00 
103.5, 103.5, 3.53153E+00 
112.5, 103.5, 2.48485E+00 
121.5, 103.5, 1.36364E+00 
130.5, 103.5, 6.34615E-01 
139.5, 103.5, 3.82353E-01 
148.5, 103.5, 3.60656E-01 
157.5, 103.5, 7.69231E-02 
166.5, 103.5, 1.15385E-01 
175.5, 103.5, 0.00000E+00 
-175.5, 94.5, 0.00000E+00 
-166.5, 94.5, 0.00000E+00 
-157.5, 94.5, 0.00000E+00 
-148.5, 94.5, 0.00000E+00 
-139.5, 94.5, 0.00000E+00 
-130.5, 94.5, 0.00000E+00 
-121.5, 94.5, 0.00000E+00 
-112.5, 94.5, 0.00000E+00 
-103.5, 94.5, 0.00000E+00 
-94.5, 94.5, 0.00000E+00 
-85.5, 94.5, 0.00000E+00 
-76.5, 94.5, 1.46413E-03 
-67.5, 94.5, 4.83092E-03 
-58.5, 94.5, 1.96078E-02 
-49.5, 94.5, 2.18978E-02 
-40.5, 94.5, 7.31707E-02 
-31.5, 94.5, 5.88235E-02 
-22.5, 94.5, 0.00000E+00 
-13.5, 94.5, 0.00000E+00 
-4.5, 94.5, 0.00000E+00 
4.5, 94.5, 0.00000E+00 
13.5, 94.5, 0.00000E+00 
22.5, 94.5, 0.00000E+00 
31.5, 94.5, 4.65116E-02 
40.5, 94.5, 0.00000E+00 
49.5, 94.5, 9.80392E-02 
58.5, 94.5, 1.61017E-01 
67.5, 94.5, 3.88158E-01 
76.5, 94.5, 1.07759E+00 
85.5, 94.5, 3.44262E+00 
94.5, 94.5, 4.56604E+00 
103.5, 94.5, 4.61053E+00 
112.5, 94.5, 3.91667E+00 
121.5, 94.5, 1.55814E+00 
130.5, 94.5, 1.22222E+00 
139.5, 94.5, 1.12121E+00 
148.5, 94.5, 1.14815E+00 
157.5, 94.5, 4.09091E-01 
166.5, 94.5, 5.71429E-02 
175.5, 94.5, 0.00000E+00 
-175.5, 85.5, 0.00000E+00 
-166.5, 85.5, 0.00000E+00 
-157.5, 85.5, 0.00000E+00 
-148.5, 85.5, 0.00000E+00 
-139.5, 85.5, 0.00000E+00 
-130.5, 85.5, 0.00000E+00 
-121.5, 85.5, 0.00000E+00 
-112.5, 85.5, 0.00000E+00 
-103.5, 85.5, 0.00000E+00 
-94.5, 85.5, 0.00000E+00 
-85.5, 85.5, 6.55738E-04 
-76.5, 85.5, 0.00000E+00 
-67.5, 85.5, 4.34783E-03 
-58.5, 85.5, 2.19780E-02 
-49.5, 85.5, 7.54717E-02 
-40.5, 85.5, 0.00000E+00 
-31.5, 85.5, 0.00000E+00 
-22.5, 85.5, 0.00000E+00 
-13.5, 85.5, 0.00000E+00 
-4.5, 85.5, 0.00000E+00 
4.5, 85.5, 0.00000E+00 
13.5, 85.5, 0.00000E+00 
22.5, 85.5, 0.00000E+00 
31.5, 85.5, 4.93827E-02 
40.5, 85.5, 1.35135E-01 
49.5, 85.5, 2.41573E-01 
58.5, 85.5, 3.28647E-01 
67.5, 85.5, 7.41497E-01 
76.5, 85.5, 2.21053E+00 
85.5, 85.5, 6.83929E+00 
94.5, 85.5, 6.59016E+00 
103.5, 85.5, 5.28788E+00 
112.5, 85.5, 4.07843E+00 
121.5, 85.5, 3.78571E+00 
130.5, 85.5, 2.66667E+00 
139.5, 85.5, 2.50000E+00 
148.5, 85.5, 1.71875E+00 
157.5, 85.5, 1.29412E+00 
166.5, 85.5, 5.51724E-01 
175.5, 85.5, 0.00000E+00 
-175.5, 76.5, 0.00000E+00 
-166.5, 76.5, 0.00000E+00 
-157.5, 76.5, 0.00000E+00 
-148.5, 76.5, 0.00000E+00 
-139.5, 76.5, 0.00000E+00 
-130.5, 76.5, 0.00000E+00 
-121.5, 76.5, 0.00000E+00 
-112.5, 76.5, 0.00000E+00 
-103.5, 76.5, 0.00000E+00 
-94.5, 76.5, 0.00000E+00 
-85.5, 76.5, 0.00000E+00 
-76.5, 76.5, 0.00000E+00 
-67.5, 76.5, 7.72201E-03 
-58.5, 76.5, 4.30108E-02 
-49.5, 76.5, 1.66667E-01 
-40.5, 76.5, 0.00000E+00 
-31.5, 76.5, 2.50000E-01 
-22.5, 76.5, 0.00000E+00 
-13.5, 76.5, 0.00000E+00 
-4.5, 76.5, 0.00000E+00 
4.5, 76.5, 0.00000E+00 
13.5, 76.5, 1.05263E-01 
22.5, 76.5, 5.55556E-02 
31.5, 76.5, 1.19658E-01 
40.5, 76.5, 3.50427E-01 
49.5, 76.5, 4.95103E-01 
58.5, 76.5, 8.34426E-01 
67.5, 76.5, 1.58777E+00 
76.5, 76.5, 4.50224E+00 
85.5, 76.5, 9.22330E+00 
94.5, 76.5, 7.21622E+00 
103.5, 76.5, 7.02105E+00 
112.5, 76.5, 4.47959E+00 
121.5, 76.5, 3.82857E+00 
130.5, 76.5, 3.81818E+00 
139.5, 76.5, 3.37255E+00 
148.5, 76.5, 2.11111E+00 
157.5, 76.5, 1.93103E+00 
166.5, 76.5, 7.33333E-01 
175.5, 76.5, 0.00000E+00 
-175.5, 67.5, 0.00000E+00 
-166.5, 67.5, 0.00000E+00 
-157.5, 67.5, 0.00000E+00 
-148.5, 67.5, 0.00000E+00 
-139.5, 67.5, 0.00000E+00 
-130.5, 67.5, 0.00000E+00 
-121.5, 67.5, 0.00000E+00 
-112.5, 67.5, 0.00000E+00 
-103.5, 67.5, 0.00000E+00 
-94.5, 67.5, 0.00000E+00 
-85.5, 67.5, 0.00000E+00 
-76.5, 67.5, 7.53187E-03 
-67.5, 67.5, 9.23077E-03 
-58.5, 67.5, 4.91803E-02 
-49.5, 67.5, 5.00000E-01 
-40.5, 67.5, 5.00000E-01 
-31.5, 67.5, 0.00000E+00 
-22.5, 67.5, 0.00000E+00 
-13.5, 67.5, 0.00000E+00 
-4.5, 67.5, 0.00000E+00 
4.5, 67.5, 0.00000E+00 
13.5, 67.5, 1.53846E-01 
22.5, 67.5, 2.03125E-01 
31.5, 67.5, 3.82514E-01 
40.5, 67.5, 6.33010E-01 
49.5, 67.5, 1.10446E+00 
58.5, 67.5, 1.70168E+00 
67.5, 67.5, 3.19740E+00 
76.5, 67.5, 8.56598E+00 
85.5, 67.5, 9.06618E+00 
94.5, 67.5, 6.35484E+00 
103.5, 67.5, 7.21622E+00 
112.5, 67.5, 4.79558E+00 
121.5, 67.5, 3.39860E+00 
130.5, 67.5, 3.34579E+00 
139.5, 67.5, 3.52055E+00 
148.5, 67.5, 2.46269E+00 
157.5, 67.5, 1.83333E+00 
166.5, 67.5, 8.63636E-01 
175.5, 67.5, 1.25000E-01 
-175.5, 58.5, 0.00000E+00 
-166.5, 58.5, 0.00000E+00 
-157.5, 58.5, 0.00000E+00 
-148.5, 58.5, 0.00000E+00 
-139.5, 58.5, 0.00000E+00 
-130.5, 58.5, 0.00000E+00 
-121.5, 58.5, 0.00000E+00 
-112.5, 58.5, 0.00000E+00 
-103.5, 58.5, 0.00000E+00 
-94.5, 58.5, -3.53982E-04 
-85.5, 58.5, -2.63158E-03 
-76.5, 58.5, -6.61813E-04 
-67.5, 58.5, 3.34572E-02 
-58.5, 58.5, 9.18367E-02 
-49.5, 58.5, 2.50000E-01 
-40.5, 58.5, 0.00000E+00 
-31.5, 58.5, 0.00000E+00 
-22.5, 58.5, 0.00000E+00 
-13.5, 58.5, 0.00000E+00 
-4.5, 58.5, 0.00000E+00 
4.5, 58.5, 0.00000E+00 
13.5, 58.5, 0.00000E+00 
22.5, 58.5, 1.89189E-01 
31.5, 58.5, 7.94721E-01 
40.5, 58.5, 9.88850E-01 
49.5, 58.5, 1.66066E+00 
58.5, 58.5, 2.77559E+00 
67.5, 58.5, 5.49844E+00 
76.5, 58.5, 8.60187E+00 
85.5, 58.5, 7.09380E+00 
94.5, 58.5, 5.52913E+00 
103.5, 58.5, 5.08381E+00 
112.5, 58.5, 3.05882E+00 
121.5, 58.5, 1.99693E+00 
130.5, 58.5, 2.34706E+00 
139.5, 58.5, 2.52850E+00 
148.5, 58.5, 2.15942E+00 
157.5, 58.5, 1.04000E+00 
166.5, 58.5, 4.13793E-01 
175.5, 58.5, 5.55556E-02 
-175.5, 49.5, 0.00000E+00 
-166.5, 49.5, 0.00000E+00 
-157.5, 49.5, 0.00000E+00 
-148.5, 49.5, 0.00000E+00 
-139.5, 49.5, 0.00000E+00 
-130.5, 49.5, 0.00000E+00 
-121.5, 49.5, 0.00000E+00 
-112.5, 49.5, 0.00000E+00 
-103.5, 49.5, 0.00000E+00 
-94.5, 49.5, -6.55738E-04 
-85.5, 49.5, -1.53218E-03 
-76.5, 49.5, -1.97785E-02 
-67.5, 49.5, 2.42656E-02 
-58.5, 49.5, 1.96850E-01 
-49.5, 49.5, 2.00000E-01 
-40.5, 49.5, 0.00000E+00 
-31.5, 49.5, 0.00000E+00 
-22.5, 49.5, 0.00000E+00 
-13.5, 49.5, 0.00000E+00 
-4.5, 49.5, 0.00000E+00 
4.5, 49.5, 0.00000E+00 
13.5, 49.5, 0.00000E+00 
22.5, 49.5, 6.66667E-01 
31.5, 49.5, 5.33074E-01 
40.5, 49.5, 1.06042E+00 
49.5, 49.5, 1.80599E+00 
58.5, 49.5, 2.99672E+00 
67.5, 49.5, 5.76252E+00 
76.5, 49.5, 4.96258E+00 
85.5, 49.5, 4.31613E+00 
94.5, 49.5, 3.99069E+00 
103.5, 49.5, 3.26266E+00 
112.5, 49.5, 1.93127E+00 
121.5, 49.5, 1.37687E+00 
130.5, 49.5, 1.16730E+00 
139.5, 49.5, 1.32381E+00 
148.5, 49.5, 1.22951E+00 
157.5, 49.5, 6.25000E-01 
166.5, 49.5, 5.26316E-02 
175.5, 49.5, 0.00000E+00 
-175.5, 40.5, 0.00000E+00 
-166.5, 40.5, 0.00000E+00 
-157.5, 40.5, 0.00000E+00 
-148.5, 40.5, 0.00000E+00 
-139.5, 40.5, 0.00000E+00 
-130.5, 40.5, 0.00000E+00 
-121.5, 40.5, 0.00000E+00 
-112.5, 40.5, 0.00000E+00 
-103.5, 40.5, 0.00000E+00 
-94.5, 40.5, 0.00000E+00 
-85.5, 40.5, -5.54017E-03 
-76.5, 40.5, -1.85185E-02 
-67.5, 40.5, -6.62252E-03 
-58.5, 40.5, 3.93701E-02 
-49.5, 40.5, 9.09091E-02 
-40.5, 40.5, 0.00000E+00 
-31.5, 40.5, 0.00000E+00 
-22.5, 40.5, 0.00000E+00 
-13.5, 40.5, 0.00000E+00 
-4.5, 40.5, 0.00000E+00 
4.5, 40.5, 0.00000E+00 
13.5, 40.5, 0.00000E+00 
22.5, 40.5, 0.00000E+00 
31.5, 40.5, 2.63158E-01 
40.5, 40.5, 6.67060E-01 
49.5, 40.5, 1.10630E+00 
58.5, 40.5, 2.07967E+00 
67.5, 40.5, 2.69722E+00 
76.5, 40.5, 2.54631E+00 
85.5, 40.5, 2.38347E+00 
94.5, 40.5, 2.35083E+00 
103.5, 40.5, 2.26928E+00 
112.5, 40.5, 1.34785E+00 
121.5, 40.5, 7.37160E-01 
130.5, 40.5, 4.41718E-01 
139.5, 40.5, 5.66176E-01 
148.5, 40.5, 3.54839E-01 
157.5, 40.5, 1.78571E-01 
166.5, 40.5, 2.50000E-01 
175.5, 40.5, 0.00000E+00 
-175.5, 31.5, 0.00000E+00 
-166.5, 31.5, 0.00000E+00 
-157.5, 31.5, 0.00000E+00 
-148.5, 31.5, 0.00000E+00 
-139.5, 31.5, 0.00000E+00 
-130.5, 31.5, 0.00000E+00 
-121.5, 31.5, 0.00000E+00 
-112.5, 31.5, 0.00000E+00 
-103.5, 31.5, 0.00000E+00 
-94.5, 31.5, -5.24384E-04 
-85.5, 31.5, -6.16938E-03 
-76.5, 31.5, -1.75585E-02 
-67.5, 31.5, -2.41935E-02 
-58.5, 31.5, -5.91716E-03 
-49.5, 31.5, 3.33333E-01 
-40.5, 31.5, 0.00000E+00 
-31.5, 31.5, 0.00000E+00 
-22.5, 31.5, 0.00000E+00 
-13.5, 31.5, 0.00000E+00 
-4.5, 31.5, 0.00000E+00 
4.5, 31.5, 0.00000E+00 
13.5, 31.5, 0.00000E+00 
22.5, 31.5, 0.00000E+00 
31.5, 31.5, 1.11111E-01 
40.5, 31.5, 3.17221E-01 
49.5, 31.5, 6.82119E-01 
58.5, 31.5, 1.05198E+00 
67.5, 31.5, 1.31429E+00 
76.5, 31.5, 1.33696E+00 
85.5, 31.5, 1.38118E+00 
94.5, 31.5, 1.42711E+00 
103.5, 31.5, 1.52429E+00 
112.5, 31.5, 1.03652E+00 
121.5, 31.5, 4.55660E-01 
130.5, 31.5, 2.62537E-01 
139.5, 31.5, 1.71233E-01 
148.5, 31.5, 1.04478E-01 
157.5, 31.5, 7.69231E-02 
166.5, 31.5, 0.00000E+00 
175.5, 31.5, 0.00000E+00 
-175.5, 22.5, 0.00000E+00 
-166.5, 22.5, 0.00000E+00 
-157.5, 22.5, 0.00000E+00 
-148.5, 22.5, 0.00000E+00 
-139.5, 22.5, 0.00000E+00 
-130.5, 22.5, 0.00000E+00 
-121.5, 22.5, 0.00000E+00 
-112.5, 22.5, 0.00000E+00 
-103.5, 22.5, 0.00000E+00 
-94.5, 22.5, -7.74293E-04 
-85.5, 22.5, -4.95272E-03 
-76.5, 22.5, -2.25948E-02 
-67.5, 22.5, -6.00632E-02 
-58.5, 22.5, 0.00000E+00 
-49.5, 22.5, 0.00000E+00 
-40.5, 22.5, 0.00000E+00 
-31.5, 22.5, 0.00000E+00 
-22.5, 22.5, 0.00000E+00 
-13.5, 22.5, 0.00000E+00 
-4.5, 22.5, 0.00000E+00 
4.5, 22.5, 0.00000E+00 
13.5, 22.5, 0.00000E+00 
22.5, 22.5, 0.00000E+00 
31.5, 22.5, 0.00000E+00 
40.5, 22.5, 2.27273E-02 
49.5, 22.5, 3.16888E-01 
58.5, 22.5, 6.22357E-01 
67.5, 22.5, 7.62440E-01 
76.5, 22.5, 8.27220E-01 
85.5, 22.5, 9.12382E-01 
94.5, 22.5, 9.96532E-01 
103.5, 22.5, 1.01983E+00 
112.5, 22.5, 8.49961E-01 
121.5, 22.5, 4.19722E-01 
130.5, 22.5, 1.43236E-01 
139.5, 22.5, 7.01754E-02 
148.5, 22.5, 5.97015E-02 
157.5, 22.5, 0.00000E+00 
166.5, 22.5, 0.00000E+00 
175.5, 22.5, 0.00000E+00 
-175.5, 13.5, 0.00000E+00 
-166.5, 13.5, 0.00000E+00 
-157.5, 13.5, 0.00000E+00 
-148.5, 13.5, 0.00000E+00 
-139.5, 13.5, 0.00000E+00 
-130.5, 13.5, 0.00000E+00 
-121.5, 13.5, 0.00000E+00 
-112.5, 13.5, 0.00000E+00 
-103.5, 13.5, 0.00000E+00 
-94.5, 13.5, -7.38443E-04 
-85.5, 13.5, -4.38383E-03 
-76.5, 13.5, -1.13226E-02 
-67.5, 13.5, -1.09890E-02 
-58.5, 13.5, -5.92885E-02 
-49.5, 13.5, 4.00000E-02 
-40.5, 13.5, 0.00000E+00 
-31.5, 13.5, 0.00000E+00 
-22.5, 13.5, 0.00000E+00 
-13.5, 13.5, 0.00000E+00 
-4.5, 13.5, 0.00000E+00 
4.5, 13.5, 0.00000E+00 
13.5, 13.5, 0.00000E+00 
22.5, 13.5, 0.00000E+00 
31.5, 13.5, 0.00000E+00 
40.5, 13.5, 0.00000E+00 
49.5, 13.5, 1.57895E-01 
58.5, 13.5, 4.20584E-01 
67.5, 13.5, 5.25804E-01 
76.5, 13.5, 6.18370E-01 
85.5, 13.5, 6.95004E-01 
94.5, 13.5, 7.55310E-01 
103.5, 13.5, 7.79194E-01 
112.5, 13.5, 7.13571E-01 
121.5, 13.5, 2.96823E-01 
130.5, 13.5, 1.04651E-01 
139.5, 13.5, 2.47934E-02 
148.5, 13.5, 1.03093E-02 
157.5, 13.5, 0.00000E+00 
166.5, 13.5, 0.00000E+00 
175.5, 13.5, 0.00000E+00 
-175.5, 4.5, 0.00000E+00 
-166.5, 4.5, 0.00000E+00 
-157.5, 4.5, 0.00000E+00 
-148.5, 4.5, 0.00000E+00 
-139.5, 4.5, 0.00000E+00 
-130.5, 4.5, 0.00000E+00 
-121.5, 4.5, 0.00000E+00 
-112.5, 4.5, 0.00000E+00 
-103.5, 4.5, 0.00000E+00 
-94.5, 4.5, -2.29621E-04 
-85.5, 4.5, -1.58910E-03 
-76.5, 4.5, -2.25191E-03 
-67.5, 4.5, -9.96678E-03 
-58.5, 4.5, -3.17757E-02 
-49.5, 4.5, -1.55556E-01 
-40.5, 4.5, 1.66667E-01 
-31.5, 4.5, 0.00000E+00 
-22.5, 4.5, 0.00000E+00 
-13.5, 4.5, 0.00000E+00 
-4.5, 4.5, 0.00000E+00 
4.5, 4.5, 0.00000E+00 
13.5, 4.5, 0.00000E+00 
22.5, 4.5, 0.00000E+00 
31.5, 4.5, 0.00000E+00 
40.5, 4.5, 1.11111E-01 
49.5, 4.5, 1.55963E-01 
58.5, 4.5, 3.08707E-01 
67.5, 4.5, 4.36488E-01 
76.5, 4.5, 5.05628E-01 
85.5, 4.5, 5.91926E-01 
94.5, 4.5, 6.61519E-01 
103.5, 4.5, 6.46429E-01 
112.5, 4.5, 5.16810E-01 
121.5, 4.5, 2.63623E-01 
130.5, 4.5, 8.60377E-02 
139.5, 4.5, 4.07524E-02 
148.5, 4.5, 0.00000E+00 
157.5, 4.5, 0.00000E+00 
166.5, 4.5, 0.00000E+00 
175.5, 4.5, 0.00000E+00 
-175.5, -4.5, 0.00000E+00 
-166.5, -4.5, 0.00000E+00 
-157.5, -4.5, 0.00000E+00 
-148.5, -4.5, 0.00000E+00 
-139.5, -4.5, 0.00000E+00 
-130.5, -4.5, 0.00000E+00 
-121.5, -4.5, 0.00000E+00 
-112.5, -4.5, 0.00000E+00 
-103.5, -4.5, 0.00000E+00 
-94.5, -4.5, 0.00000E+00 
-85.5, -4.5, -2.73998E-04 
-76.5, -4.5, 0.00000E+00 
-67.5, -4.5, 1.70503E-03 
-58.5, -4.5, 1.31926E-02 
-49.5, -4.5, -6.42202E-02 
-40.5, -4.5, 0.00000E+00 
-31.5, -4.5, 0.00000E+00 
-22.5, -4.5, 0.00000E+00 
-13.5, -4.5, 0.00000E+00 
-4.5, -4.5, 0.00000E+00 
4.5, -4.5, 0.00000E+00 
13.5, -4.5, 0.00000E+00 
22.5, -4.5, 0.00000E+00 
31.5, -4.5, 0.00000E+00 
40.5, -4.5, 1.66667E-01 
49.5, -4.5, 6.66667E-02 
58.5, -4.5, 1.88785E-01 
67.5, -4.5, 3.48099E-01 
76.5, -4.5, 4.32818E-01 
85.5, -4.5, 5.25993E-01 
94.5, -4.5, 6.14237E-01 
103.5, -4.5, 5.85215E-01 
112.5, -4.5, 3.95551E-01 
121.5, -4.5, 2.13151E-01 
130.5, -4.5, 6.99507E-02 
139.5, -4.5, 3.03030E-02 
148.5, -4.5, 0.00000E+00 
157.5, -4.5, 0.00000E+00 
166.5, -4.5, 0.00000E+00 
175.5, -4.5, 0.00000E+00 
-175.5, -13.5, 0.00000E+00 
-166.5, -13.5, 0.00000E+00 
-157.5, -13.5, 0.00000E+00 
-148.5, -13.5, 0.00000E+00 
-139.5, -13.5, 0.00000E+00 
-130.5, -13.5, 0.00000E+00 
-121.5, -13.5, 0.00000E+00 
-112.5, -13.5, 0.00000E+00 
-103.5, -13.5, 0.00000E+00 
-94.5, -13.5, 0.00000E+00 
-85.5, -13.5, -8.42531E-05 
-76.5, -13.5, 5.08388E-04 
-67.5, -13.5, 7.02513E-03 
-58.5, -13.5, 1.05887E-02 
-49.5, -13.5, -3.28947E-02 
-40.5, -13.5, 0.00000E+00 
-31.5, -13.5, 0.00000E+00 
-22.5, -13.5, 0.00000E+00 
-13.5, -13.5, 0.00000E+00 
-4.5, -13.5, 0.00000E+00 
4.5, -13.5, 0.00000E+00 
13.5, -13.5, 0.00000E+00 
22.5, -13.5, 0.00000E+00 
31.5, -13.5, 0.00000E+00 
40.5, -13.5, 0.00000E+00 
49.5, -13.5, 2.80000E-01 
58.5, -13.5, 1.69960E-01 
67.5, -13.5, 2.60073E-01 
76.5, -13.5, 3.92917E-01 
85.5, -13.5, 5.04790E-01 
94.5, -13.5, 5.39802E-01 
103.5, -13.5, 5.25099E-01 
112.5, -13.5, 3.62530E-01 
121.5, -13.5, 1.52652E-01 
130.5, -13.5, 4.47653E-02 
139.5, -13.5, 2.14646E-02 
148.5, -13.5, 1.06952E-02 
157.5, -13.5, 8.84956E-03 
166.5, -13.5, 0.00000E+00 
175.5, -13.5, 0.00000E+00 
-175.5, -22.5, 0.00000E+00 
-166.5, -22.5, 0.00000E+00 
-157.5, -22.5, 0.00000E+00 
-148.5, -22.5, 0.00000E+00 
-139.5, -22.5, 0.00000E+00 
-130.5, -22.5, 0.00000E+00 
-121.5, -22.5, 0.00000E+00 
-112.5, -22.5, 0.00000E+00 
-103.5, -22.5, 0.00000E+00 
-94.5, -22.5, 0.00000E+00 
-85.5, -22.5, -1.85632E-04 
-76.5, -22.5, -1.65975E-04 
-67.5, -22.5, 3.95934E-03 
-58.5, -22.5, 9.96355E-03 
-49.5, -22.5, 7.59013E-03 
-40.5, -22.5, -2.27273E-02 
-31.5, -22.5, 0.00000E+00 
-22.5, -22.5, 0.00000E+00 
-13.5, -22.5, 0.00000E+00 
-4.5, -22.5, 0.00000E+00 
4.5, -22.5, 0.00000E+00 
13.5, -22.5, 0.00000E+00 
22.5, -22.5, 0.00000E+00 
31.5, -22.5, 0.00000E+00 
40.5, -22.5, 0.00000E+00 
49.5, -22.5, 0.00000E+00 
58.5, -22.5, 4.49438E-02 
67.5, -22.5, 2.45522E-01 
76.5, -22.5, 3.81924E-01 
85.5, -22.5, 4.52049E-01 
94.5, -22.5, 5.14518E-01 
103.5, -22.5, 4.58878E-01 
112.5, -22.5, 2.97962E-01 
121.5, -22.5, 1.52747E-01 
130.5, -22.5, 5.50098E-02 
139.5, -22.5, 2.30548E-02 
148.5, -22.5, 1.18110E-02 
157.5, -22.5, 4.85437E-03 
166.5, -22.5, 0.00000E+00 
175.5, -22.5, 0.00000E+00 
-175.5, -31.5, 0.00000E+00 
-166.5, -31.5, 0.00000E+00 
-157.5, -31.5, 0.00000E+00 
-148.5, -31.5, 0.00000E+00 
-139.5, -31.5, 0.00000E+00 
-130.5, -31.5, 0.00000E+00 
-121.5, -31.5, 0.00000E+00 
-112.5, -31.5, 0.00000E+00 
-103.5, -31.5, 0.00000E+00 
-94.5, -31.5, 0.00000E+00 
-85.5, -31.5, -3.62801E-04 
-76.5, -31.5, 6.86073E-04 
-67.5, -31.5, 3.18539E-03 
-58.5, -31.5, 2.44802E-02 
-49.5, -31.5, 2.36518E-02 
-40.5, -31.5, -1.51057E-02 
-31.5, -31.5, 0.00000E+00 
-22.5, -31.5, 0.00000E+00 
-13.5, -31.5, 0.00000E+00 
-4.5, -31.5, 0.00000E+00 
4.5, -31.5, 0.00000E+00 
13.5, -31.5, 0.00000E+00 
22.5, -31.5, 0.00000E+00 
31.5, -31.5, 0.00000E+00 
40.5, -31.5, 0.00000E+00 
49.5, -31.5, 1.42857E-01 
58.5, -31.5, 1.00592E-01 
67.5, -31.5, 2.76882E-01 
76.5, -31.5, 3.32776E-01 
85.5, -31.5, 4.26248E-01 
94.5, -31.5, 4.56214E-01 
103.5, -31.5, 4.24352E-01 
112.5, -31.5, 2.85714E-01 
121.5, -31.5, 1.32487E-01 
130.5, -31.5, 7.39645E-02 
139.5, -31.5, 1.41844E-02 
148.5, -31.5, 2.04082E-02 
157.5, -31.5, 1.13636E-02 
166.5, -31.5, 0.00000E+00 
175.5, -31.5, 0.00000E+00 
-175.5, -40.5, 0.00000E+00 
-166.5, -40.5, 0.00000E+00 
-157.5, -40.5, 0.00000E+00 
-148.5, -40.5, 0.00000E+00 
-139.5, -40.5, 0.00000E+00 
-130.5, -40.5, 0.00000E+00 
-121.5, -40.5, 0.00000E+00 
-112.5, -40.5, 0.00000E+00 
-103.5, -40.5, 0.00000E+00 
-94.5, -40.5, 0.00000E+00 
-85.5, -40.5, -1.04203E-03 
-76.5, -40.5, -9.57723E-04 
-67.5, -40.5, 3.65477E-03 
-58.5, -40.5, 1.86597E-02 
-49.5, -40.5, 3.69386E-02 
-40.5, -40.5, 5.90319E-03 
-31.5, -40.5, -5.26316E-02 
-22.5, -40.5, 0.00000E+00 
-13.5, -40.5, 0.00000E+00 
-4.5, -40.5, 0.00000E+00 
4.5, -40.5, 0.00000E+00 
13.5, -40.5, 0.00000E+00 
22.5, -40.5, 0.00000E+00 
31.5, -40.5, 0.00000E+00 
40.5, -40.5, 0.00000E+00 
49.5, -40.5, 0.00000E+00 
58.5, -40.5, 8.66142E-02 
67.5, -40.5, 2.29139E-01 
76.5, -40.5, 3.25758E-01 
85.5, -40.5, 3.60111E-01 
94.5, -40.5, 4.10161E-01 
103.5, -40.5, 3.49120E-01 
112.5, -40.5, 2.60124E-01 
121.5, -40.5, 1.05738E-01 
130.5, -40.5, 5.18688E-02 
139.5, -40.5, 3.42466E-02 
148.5, -40.5, 2.57576E-02 
157.5, -40.5, 2.02020E-02 
166.5, -40.5, 0.00000E+00 
175.5, -40.5, 0.00000E+00 
-175.5, -49.5, 0.00000E+00 
-166.5, -49.5, 0.00000E+00 
-157.5, -49.5, 0.00000E+00 
-148.5, -49.5, 0.00000E+00 
-139.5, -49.5, 0.00000E+00 
-130.5, -49.5, 0.00000E+00 
-121.5, -49.5, 0.00000E+00 
-112.5, -49.5, 0.00000E+00 
-103.5, -49.5, 0.00000E+00 
-94.5, -49.5, -4.43459E-04 
-85.5, -49.5, -4.04103E-03 
-76.5, -49.5, -8.31601E-03 
-67.5, -49.5, -1.04418E-02 
-58.5, -49.5, 8.56570E-03 
-49.5, -49.5, 2.94118E-02 
-40.5, -49.5, 6.04230E-03 
-31.5, -49.5, 1.16732E-02 
-22.5, -49.5, -1.11111E-01 
-13.5, -49.5, 0.00000E+00 
-4.5, -49.5, 0.00000E+00 
4.5, -49.5, 0.00000E+00 
13.5, -49.5, 0.00000E+00 
22.5, -49.5, 0.00000E+00 
31.5, -49.5, 0.00000E+00 
40.5, -49.5, 0.00000E+00 
49.5, -49.5, 2.00000E-01 
58.5, -49.5, 1.02362E-01 
67.5, -49.5, 2.36271E-01 
76.5, -49.5, 2.84019E-01 
85.5, -49.5, 3.56486E-01 
94.5, -49.5, 3.73770E-01 
103.5, -49.5, 3.33913E-01 
112.5, -49.5, 2.40809E-01 
121.5, -49.5, 1.08769E-01 
130.5, -49.5, 6.76768E-02 
139.5, -49.5, 3.94432E-02 
148.5, -49.5, 3.49418E-02 
157.5, -49.5, 1.48883E-02 
166.5, -49.5, 2.40964E-02 
175.5, -49.5, 0.00000E+00 
-175.5, -58.5, 0.00000E+00 
-166.5, -58.5, 0.00000E+00 
-157.5, -58.5, 0.00000E+00 
-148.5, -58.5, 0.00000E+00 
-139.5, -58.5, 0.00000E+00 
-130.5, -58.5, 0.00000E+00 
-121.5, -58.5, 0.00000E+00 
-112.5, -58.5, 0.00000E+00 
-103.5, -58.5, 0.00000E+00 
-94.5, -58.5, -1.61812E-03 
-85.5, -58.5, -8.65801E-03 
-76.5, -58.5, -3.80762E-02 
-67.5, -58.5, -3.98438E-02 
-58.5, -58.5, -1.49948E-02 
-49.5, -58.5, 4.82470E-03 
-40.5, -58.5, 2.57840E-02 
-31.5, -58.5, 3.22581E-02 
-22.5, -58.5, 5.40541E-02 
-13.5, -58.5, 0.00000E+00 
-4.5, -58.5, 0.00000E+00 
4.5, -58.5, 0.00000E+00 
13.5, -58.5, 0.00000E+00 
22.5, -58.5, 0.00000E+00 
31.5, -58.5, 0.00000E+00 
40.5, -58.5, 6.66667E-01 
49.5, -58.5, 1.25000E-01 
58.5, -58.5, 1.22449E-01 
67.5, -58.5, 2.15613E-01 
76.5, -58.5, 2.87227E-01 
85.5, -58.5, 3.11053E-01 
94.5, -58.5, 3.45133E-01 
103.5, -58.5, 2.85435E-01 
112.5, -58.5, 2.23543E-01 
121.5, -58.5, 9.52381E-02 
130.5, -58.5, 6.53207E-02 
139.5, -58.5, 7.78689E-02 
148.5, -58.5, 5.20231E-02 
157.5, -58.5, 9.92063E-03 
166.5, -58.5, 4.18410E-03 
175.5, -58.5, 1.85185E-02 
-175.5, -67.5, 0.00000E+00 
-166.5, -67.5, 0.00000E+00 
-157.5, -67.5, 0.00000E+00 
-148.5, -67.5, 0.00000E+00 
-139.5, -67.5, 0.00000E+00 
-130.5, -67.5, 0.00000E+00 
-121.5, -67.5, 0.00000E+00 
-112.5, -67.5, 0.00000E+00 
-103.5, -67.5, 0.00000E+00 
-94.5, -67.5, -7.16846E-03 
-85.5, -67.5, -2.94118E-02 
-76.5, -67.5, -6.15836E-02 
-67.5, -67.5, -7.56501E-02 
-58.5, -67.5, -4.08954E-02 
-49.5, -67.5, 3.26442E-03 
-40.5, -67.5, 2.91262E-02 
-31.5, -67.5, 3.82514E-02 
-22.5, -67.5, 1.56250E-02 
-13.5, -67.5, 7.69231E-02 
-4.5, -67.5, 0.00000E+00 
4.5, -67.5, 0.00000E+00 
13.5, -67.5, 0.00000E+00 
22.5, -67.5, 0.00000E+00 
31.5, -67.5, 0.00000E+00 
40.5, -67.5, 0.00000E+00 
49.5, -67.5, 1.00000E-01 
58.5, -67.5, 1.63934E-01 
67.5, -67.5, 1.96923E-01 
76.5, -67.5, 2.78100E-01 
85.5, -67.5, 3.16757E-01 
94.5, -67.5, 3.55422E-01 
103.5, -67.5, 3.58734E-01 
112.5, -67.5, 2.65333E-01 
121.5, -67.5, 1.33593E-01 
130.5, -67.5, 8.90805E-02 
139.5, -67.5, 9.55316E-02 
148.5, -67.5, 8.13772E-02 
157.5, -67.5, 4.63320E-02 
166.5, -67.5, 1.54440E-02 
175.5, -67.5, 0.00000E+00 
-175.5, -76.5, 0.00000E+00 
-166.5, -76.5, 0.00000E+00 
-157.5, -76.5, 0.00000E+00 
-148.5, -76.5, 0.00000E+00 
-139.5, -76.5, 0.00000E+00 
-130.5, -76.5, 0.00000E+00 
-121.5, -76.5, 0.00000E+00 
-112.5, -76.5, 0.00000E+00 
-103.5, -76.5, 0.00000E+00 
-94.5, -76.5, 0.00000E+00 
-85.5, -76.5, -1.94175E-02 
-76.5, -76.5, -9.41704E-02 
-67.5, -76.5, -2.16963E-02 
-58.5, -76.5, 1.31148E-02 
-49.5, -76.5, 5.33188E-02 
-40.5, -76.5, 4.70085E-02 
-31.5, -76.5, 6.83761E-02 
-22.5, -76.5, 0.00000E+00 
-13.5, -76.5, 0.00000E+00 
-4.5, -76.5, 0.00000E+00 
4.5, -76.5, 0.00000E+00 
13.5, -76.5, 0.00000E+00 
22.5, -76.5, 0.00000E+00 
31.5, -76.5, 0.00000E+00 
40.5, -76.5, 0.00000E+00 
49.5, -76.5, 2.08333E-01 
58.5, -76.5, 2.41935E-01 
67.5, -76.5, 3.24324E-01 
76.5, -76.5, 3.37304E-01 
85.5, -76.5, 3.75726E-01 
94.5, -76.5, 3.92035E-01 
103.5, -76.5, 3.76302E-01 
112.5, -76.5, 3.56083E-01 
121.5, -76.5, 1.50418E-01 
130.5, -76.5, 1.24066E-01 
139.5, -76.5, 1.64931E-01 
148.5, -76.5, 1.21417E-01 
157.5, -76.5, 9.24855E-02 
166.5, -76.5, 5.15873E-02 
175.5, -76.5, 3.79747E-02 
-175.5, -85.5, 0.00000E+00 
-166.5, -85.5, 0.00000E+00 
-157.5, -85.5, 0.00000E+00 
-148.5, -85.5, 0.00000E+00 
-139.5, -85.5, 0.00000E+00 
-130.5, -85.5, 0.00000E+00 
-121.5, -85.5, 0.00000E+00 
-112.5, -85.5, 0.00000E+00 
-103.5, -85.5, 0.00000E+00 
-94.5, -85.5, 0.00000E+00 
-85.5, -85.5, -7.14286E-02 
-76.5, -85.5, 6.57895E-03 
-67.5, -85.5, 0.00000E+00 
-58.5, -85.5, 4.74517E-02 
-49.5, -85.5, 1.06742E-01 
-40.5, -85.5, 1.35135E-01 
-31.5, -85.5, 1.48148E-01 
-22.5, -85.5, 5.97015E-02 
-13.5, -85.5, 0.00000E+00 
-4.5, -85.5, 0.00000E+00 
4.5, -85.5, 0.00000E+00 
13.5, -85.5, 0.00000E+00 
22.5, -85.5, 0.00000E+00 
31.5, -85.5, 6.66667E-01 
40.5, -85.5, 2.27273E-01 
49.5, -85.5, 5.66038E-01 
58.5, -85.5, 4.24908E-01 
67.5, -85.5, 5.06522E-01 
76.5, -85.5, 5.07864E-01 
85.5, -85.5, 5.02295E-01 
94.5, -85.5, 5.77114E-01 
103.5, -85.5, 4.96523E-01 
112.5, -85.5, 4.14133E-01 
121.5, -85.5, 2.49446E-01 
130.5, -85.5, 2.09770E-01 
139.5, -85.5, 2.61510E-01 
148.5, -85.5, 2.00418E-01 
157.5, -85.5, 1.52632E-01 
166.5, -85.5, 1.66667E-01 
175.5, -85.5, 2.77778E-02 
-175.5, -94.5, 5.40541E-02 
-166.5, -94.5, 0.00000E+00 
-157.5, -94.5, 0.00000E+00 
-148.5, -94.5, 0.00000E+00 
-139.5, -94.5, 0.00000E+00 
-130.5, -94.5, 0.00000E+00 
-121.5, -94.5, 0.00000E+00 
-112.5, -94.5, 0.00000E+00 
-103.5, -94.5, 0.00000E+00 
-94.5, -94.5, 0.00000E+00 
-85.5, -94.5, -4.91803E-02 
-76.5, -94.5, 0.00000E+00 
-67.5, -94.5, 1.97368E-02 
-58.5, -94.5, 5.93220E-02 
-49.5, -94.5, 5.88235E-02 
-40.5, -94.5, 1.72414E-01 
-31.5, -94.5, 2.32558E-01 
-22.5, -94.5, 5.71429E-02 
-13.5, -94.5, 7.69231E-02 
-4.5, -94.5, 2.50000E-01 
4.5, -94.5, 0.00000E+00 
13.5, -94.5, 2.00000E-01 
22.5, -94.5, 7.77778E-01 
31.5, -94.5, 4.70588E-01 
40.5, -94.5, 7.31707E-01 
49.5, -94.5, 9.19708E-01 
58.5, -94.5, 1.12990E+00 
67.5, -94.5, 1.01449E+00 
76.5, -94.5, 9.80234E-01 
85.5, -94.5, 9.50968E-01 
94.5, -94.5, 9.04578E-01 
103.5, -94.5, 6.26866E-01 
112.5, -94.5, 3.52705E-01 
121.5, -94.5, 2.25660E-01 
130.5, -94.5, 2.28122E-01 
139.5, -94.5, 3.65872E-01 
148.5, -94.5, 4.02266E-01 
157.5, -94.5, 3.63636E-01 
166.5, -94.5, 1.93878E-01 
175.5, -94.5, 1.21622E-01 
-175.5, -103.5, 4.16667E-02 
-166.5, -103.5, 0.00000E+00 
-157.5, -103.5, 0.00000E+00 
-148.5, -103.5, 0.00000E+00 
-139.5, -103.5, 0.00000E+00 
-130.5, -103.5, 0.00000E+00 
-121.5, -103.5, 0.00000E+00 
-112.5, -103.5, 0.00000E+00 
-103.5, -103.5, 0.00000E+00 
-94.5, -103.5, 0.00000E+00 
-85.5, -103.5, -6.06061E-03 
-76.5, -103.5, 1.06952E-02 
-67.5, -103.5, 4.23280E-02 
-58.5, -103.5, 3.22581E-02 
-49.5, -103.5, 2.27273E-01 
-40.5, -103.5, 0.00000E+00 
-31.5, -103.5, 1.25000E-01 
-22.5, -103.5, 0.00000E+00 
-13.5, -103.5, 0.00000E+00 
-4.5, -103.5, 0.00000E+00 
4.5, -103.5, 0.00000E+00 
13.5, -103.5, 1.25000E-01 
22.5, -103.5, 4.76190E-01 
31.5, -103.5, 8.42697E-01 
40.5, -103.5, 1.28674E+00 
49.5, -103.5, 1.81392E+00 
58.5, -103.5, 1.74009E+00 
67.5, -103.5, 1.49720E+00 
76.5, -103.5, 1.25188E+00 
85.5, -103.5, 1.06357E+00 
94.5, -103.5, 8.69888E-01 
103.5, -103.5, 6.27373E-01 
112.5, -103.5, 4.18766E-01 
121.5, -103.5, 2.97081E-01 
130.5, -103.5, 2.77533E-01 
139.5, -103.5, 4.67787E-01 
148.5, -103.5, 6.84657E-01 
157.5, -103.5, 4.66864E-01 
166.5, -103.5, 2.51852E-01 
175.5, -103.5, 1.71053E-01 
-175.5, -112.5, 2.63158E-02 
-166.5, -112.5, 0.00000E+00 
-157.5, -112.5, 0.00000E+00 
-148.5, -112.5, 0.00000E+00 
-139.5, -112.5, 0.00000E+00 
-130.5, -112.5, 0.00000E+00 
-121.5, -112.5, 0.00000E+00 
-112.5, -112.5, 0.00000E+00 
-103.5, -112.5, 0.00000E+00 
-94.5, -112.5, 0.00000E+00 
-85.5, -112.5, -1.21457E-02 
-76.5, -112.5, 3.18471E-02 
-67.5, -112.5, 2.12766E-02 
-58.5, -112.5, 5.26316E-02 
-49.5, -112.5, 0.00000E+00 
-40.5, -112.5, 0.00000E+00 
-31.5, -112.5, 0.00000E+00 
-22.5, -112.5, 0.00000E+00 
-13.5, -112.5, 0.00000E+00 
-4.5, -112.5, 0.00000E+00 
4.5, -112.5, 0.00000E+00 
13.5, -112.5, 2.50000E-01 
22.5, -112.5, 8.00000E-01 
31.5, -112.5, 9.63470E-01 
40.5, -112.5, 1.55385E+00 
49.5, -112.5, 2.05620E+00 
58.5, -112.5, 1.82999E+00 
67.5, -112.5, 1.50800E+00 
76.5, -112.5, 1.16102E+00 
85.5, -112.5, 9.60903E-01 
94.5, -112.5, 8.21839E-01 
103.5, -112.5, 6.16963E-01 
112.5, -112.5, 4.20709E-01 
121.5, -112.5, 3.06031E-01 
130.5, -112.5, 2.72745E-01 
139.5, -112.5, 4.16000E-01 
148.5, -112.5, 7.20993E-01 
157.5, -112.5, 5.38725E-01 
166.5, -112.5, 3.53900E-01 
175.5, -112.5, 1.69231E-01 
-175.5, -121.5, 4.37956E-02 
-166.5, -121.5, 0.00000E+00 
-157.5, -121.5, 0.00000E+00 
-148.5, -121.5, 0.00000E+00 
-139.5, -121.5, 0.00000E+00 
-130.5, -121.5, 0.00000E+00 
-121.5, -121.5, 0.00000E+00 
-112.5, -121.5, 0.00000E+00 
-103.5, -121.5, 0.00000E+00 
-94.5, -121.5, -4.86618E-03 
-85.5, -121.5, 0.00000E+00 
-76.5, -121.5, 0.00000E+00 
-67.5, -121.5, 0.00000E+00 
-58.5, -121.5, 4.25532E-02 
-49.5, -121.5, 0.00000E+00 
-40.5, -121.5, 0.00000E+00 
-31.5, -121.5, 0.00000E+00 
-22.5, -121.5, 0.00000E+00 
-13.5, -121.5, 0.00000E+00 
-4.5, -121.5, 0.00000E+00 
4.5, -121.5, 0.00000E+00 
13.5, -121.5, 3.07692E-01 
22.5, -121.5, 3.57143E-01 
31.5, -121.5, 6.38554E-01 
40.5, -121.5, 9.77401E-01 
49.5, -121.5, 1.34091E+00 
58.5, -121.5, 1.49720E+00 
67.5, -121.5, 1.18856E+00 
76.5, -121.5, 9.40394E-01 
85.5, -121.5, 7.88754E-01 
94.5, -121.5, 6.93636E-01 
103.5, -121.5, 5.47077E-01 
112.5, -121.5, 3.59849E-01 
121.5, -121.5, 2.43798E-01 
130.5, -121.5, 2.09813E-01 
139.5, -121.5, 3.25905E-01 
148.5, -121.5, 6.37753E-01 
157.5, -121.5, 4.65234E-01 
166.5, -121.5, 2.32967E-01 
175.5, -121.5, 8.37004E-02 
-175.5, -130.5, 1.36986E-02 
-166.5, -130.5, 0.00000E+00 
-157.5, -130.5, 0.00000E+00 
-148.5, -130.5, 0.00000E+00 
-139.5, -130.5, 0.00000E+00 
-130.5, -130.5, 0.00000E+00 
-121.5, -130.5, 0.00000E+00 
-112.5, -130.5, 0.00000E+00 
-103.5, -130.5, 0.00000E+00 
-94.5, -130.5, -2.51256E-03 
-85.5, -130.5, -1.47710E-03 
-76.5, -130.5, 4.53515E-03 
-67.5, -130.5, 0.00000E+00 
-58.5, -130.5, 0.00000E+00 
-49.5, -130.5, 2.50000E-01 
-40.5, -130.5, 0.00000E+00 
-31.5, -130.5, 0.00000E+00 
-22.5, -130.5, 0.00000E+00 
-13.5, -130.5, 0.00000E+00 
-4.5, -130.5, 0.00000E+00 
4.5, -130.5, 0.00000E+00 
13.5, -130.5, 0.00000E+00 
22.5, -130.5, 1.42857E-01 
31.5, -130.5, 2.73438E-01 
40.5, -130.5, 4.16787E-01 
49.5, -130.5, 5.62412E-01 
58.5, -130.5, 7.48255E-01 
67.5, -130.5, 7.63293E-01 
76.5, -130.5, 6.65788E-01 
85.5, -130.5, 5.82854E-01 
94.5, -130.5, 5.33286E-01 
103.5, -130.5, 4.23773E-01 
112.5, -130.5, 2.63761E-01 
121.5, -130.5, 1.71814E-01 
130.5, -130.5, 1.27564E-01 
139.5, -130.5, 1.68481E-01 
148.5, -130.5, 2.88143E-01 
157.5, -130.5, 2.26567E-01 
166.5, -130.5, 1.11959E-01 
175.5, -130.5, 5.02283E-02 
-175.5, -139.5, 0.00000E+00 
-166.5, -139.5, 0.00000E+00 
-157.5, -139.5, 0.00000E+00 
-148.5, -139.5, 0.00000E+00 
-139.5, -139.5, 0.00000E+00 
-130.5, -139.5, 0.00000E+00 
-121.5, -139.5, 0.00000E+00 
-112.5, -139.5, 0.00000E+00 
-103.5, -139.5, 0.00000E+00 
-94.5, -139.5, -5.96570E-03 
-85.5, -139.5, -2.17865E-03 
-76.5, -139.5, -9.65018E-03 
-67.5, -139.5, 1.47059E-02 
-58.5, -139.5, 0.00000E+00 
-49.5, -139.5, 0.00000E+00 
-40.5, -139.5, 0.00000E+00 
-31.5, -139.5, 0.00000E+00 
-22.5, -139.5, 0.00000E+00 
-13.5, -139.5, 0.00000E+00 
-4.5, -139.5, 0.00000E+00 
4.5, -139.5, 0.00000E+00 
13.5, -139.5, 5.00000E-01 
22.5, -139.5, 0.00000E+00 
31.5, -139.5, 9.37500E-02 
40.5, -139.5, 1.25945E-01 
49.5, -139.5, 1.89979E-01 
58.5, -139.5, 2.63214E-01 
67.5, -139.5, 3.70949E-01 
76.5, -139.5, 4.82644E-01 
85.5, -139.5, 5.02933E-01 
94.5, -139.5, 4.82540E-01 
103.5, -139.5, 3.84229E-01 
112.5, -139.5, 2.25081E-01 
121.5, -139.5, 1.02427E-01 
130.5, -139.5, 5.72846E-02 
139.5, -139.5, 6.59054E-02 
148.5, -139.5, 9.07612E-02 
157.5, -139.5, 5.10237E-02 
166.5, -139.5, 2.66785E-02 
175.5, -139.5, 9.25926E-03 
-175.5, -148.5, 0.00000E+00 
-166.5, -148.5, 0.00000E+00 
-157.5, -148.5, 0.00000E+00 
-148.5, -148.5, 0.00000E+00 
-139.5, -148.5, 0.00000E+00 
-130.5, -148.5, 0.00000E+00 
-121.5, -148.5, 0.00000E+00 
-112.5, -148.5, 0.00000E+00 
-103.5, -148.5, 0.00000E+00 
-94.5, -148.5, -2.16826E-03 
-85.5, -148.5, -9.26316E-03 
-76.5, -148.5, -4.22195E-03 
-67.5, -148.5, 1.23967E-02 
-58.5, -148.5, 2.77778E-02 
-49.5, -148.5, 0.00000E+00 
-40.5, -148.5, 0.00000E+00 
-31.5, -148.5, 0.00000E+00 
-22.5, -148.5, 0.00000E+00 
-13.5, -148.5, 0.00000E+00 
-4.5, -148.5, 0.00000E+00 
4.5, -148.5, 0.00000E+00 
13.5, -148.5, 0.00000E+00 
22.5, -148.5, 0.00000E+00 
31.5, -148.5, 4.44444E-02 
40.5, -148.5, 5.57244E-02 
49.5, -148.5, 8.39258E-02 
58.5, -148.5, 1.27332E-01 
67.5, -148.5, 1.94345E-01 
76.5, -148.5, 3.21206E-01 
85.5, -148.5, 4.37947E-01 
94.5, -148.5, 5.25310E-01 
103.5, -148.5, 4.61646E-01 
112.5, -148.5, 2.33467E-01 
121.5, -148.5, 8.93226E-02 
130.5, -148.5, 3.62976E-02 
139.5, -148.5, 1.78606E-02 
148.5, -148.5, 1.74135E-02 
157.5, -148.5, 9.88794E-03 
166.5, -148.5, 6.36943E-03 
175.5, -148.5, 1.58228E-03 
-175.5, -157.5, 0.00000E+00 
-166.5, -157.5, 0.00000E+00 
-157.5, -157.5, 0.00000E+00 
-148.5, -157.5, 0.00000E+00 
-139.5, -157.5, 0.00000E+00 
-130.5, -157.5, 0.00000E+00 
-121.5, -157.5, 0.00000E+00 
-112.5, -157.5, 0.00000E+00 
-103.5, -157.5, 0.00000E+00 
-94.5, -157.5, -8.95522E-04 
-85.5, -157.5, -3.05344E-03 
-76.5, -157.5, -4.68855E-03 
-67.5, -157.5, -5.97780E-03 
-58.5, -157.5, 2.07254E-02 
-49.5, -157.5, 0.00000E+00 
-40.5, -157.5, 0.00000E+00 
-31.5, -157.5, 0.00000E+00 
-22.5, -157.5, 0.00000E+00 
-13.5, -157.5, 0.00000E+00 
-4.5, -157.5, 0.00000E+00 
4.5, -157.5, 0.00000E+00 
13.5, -157.5, 0.00000E+00 
22.5, -157.5, 0.00000E+00 
31.5, -157.5, 0.00000E+00 
40.5, -157.5, 4.88506E-02 
49.5, -157.5, 7.00077E-02 
58.5, -157.5, 1.06735E-01 
67.5, -157.5, 1.70588E-01 
76.5, -157.5, 2.82023E-01 
85.5, -157.5, 3.72540E-01 
94.5, -157.5, 4.83396E-01 
103.5, -157.5, 4.94842E-01 
112.5, -157.5, 2.59747E-01 
121.5, -157.5, 1.00334E-01 
130.5, -157.5, 2.79691E-02 
139.5, -157.5, 6.75944E-03 
148.5, -157.5, 5.00626E-03 
157.5, -157.5, 2.64026E-03 
166.5, -157.5, 1.20228E-03 
175.5, -157.5, 8.61326E-04 
-175.5, -166.5, 0.00000E+00 
-166.5, -166.5, 0.00000E+00 
-157.5, -166.5, 0.00000E+00 
-148.5, -166.5, 0.00000E+00 
-139.5, -166.5, 0.00000E+00 
-130.5, -166.5, 0.00000E+00 
-121.5, -166.5, 0.00000E+00 
-112.5, -166.5, 0.00000E+00 
-103.5, -166.5, 0.00000E+00 
-94.5, -166.5, 0.00000E+00 
-85.5, -166.5, -1.77431E-04 
-76.5, -166.5, -1.07481E-03 
-67.5, -166.5, -5.43478E-03 
-58.5, -166.5, -9.30233E-03 
-49.5, -166.5, 0.00000E+00 
-40.5, -166.5, 0.00000E+00 
-31.5, -166.5, 0.00000E+00 
-22.5, -166.5, 0.00000E+00 
-13.5, -166.5, 0.00000E+00 
-4.5, -166.5, 0.00000E+00 
4.5, -166.5, 0.00000E+00 
13.5, -166.5, 0.00000E+00 
22.5, -166.5, 0.00000E+00 
31.5, -166.5, 0.00000E+00 
40.5, -166.5, 6.89655E-02 
49.5, -166.5, 7.29023E-02 
58.5, -166.5, 1.11767E-01 
67.5, -166.5, 1.86067E-01 
76.5, -166.5, 2.95190E-01 
85.5, -166.5, 3.58618E-01 
94.5, -166.5, 4.82779E-01 
103.5, -166.5, 5.01752E-01 
112.5, -166.5, 2.89571E-01 
121.5, -166.5, 1.06383E-01 
130.5, -166.5, 2.51397E-02 
139.5, -166.5, 5.66955E-03 
148.5, -166.5, 1.53649E-03 
157.5, -166.5, 1.58831E-03 
166.5, -166.5, 0.00000E+00 
175.5, -166.5, 0.00000E+00 
-175.5, -175.5, 0.00000E+00 
-166.5, -175.5, 0.00000E+00 
-157.5, -175.5, 0.00000E+00 
-148.5, -175.5, 0.00000E+00 
-139.5, -175.5, 0.00000E+00 
-130.5, -175.5, 0.00000E+00 
-121.5, -175.5, 0.00000E+00 
-112.5, -175.5, 0.00000E+00 
-103.5, -175.5, 0.00000E+00 
-94.5, -175.5, 0.00000E+00 
-85.5, -175.5, 0.00000E+00 
-76.5, -175.5, -2.94768E-04 
-67.5, -175.5, 8.25991E-04 
-58.5, -175.5, -1.06838E-03 
-49.5, -175.5, -2.08333E-02 
-40.5, -175.5, 0.00000E+00 
-31.5, -175.5, 0.00000E+00 
-22.5, -175.5, 0.00000E+00 
-13.5, -175.5, 0.00000E+00 
-4.5, -175.5, 0.00000E+00 
4.5, -175.5, 0.00000E+00 
13.5, -175.5, 0.00000E+00 
22.5, -175.5, 0.00000E+00 
31.5, -175.5, 0.00000E+00 
40.5, -175.5, 0.00000E+00 
49.5, -175.5, 7.12074E-02 
58.5, -175.5, 1.43447E-01 
67.5, -175.5, 1.87500E-01 
76.5, -175.5, 2.07487E-01 
85.5, -175.5, 2.64997E-01 
94.5, -175.5, 3.50775E-01 
103.5, -175.5, 4.34758E-01 
112.5, -175.5, 3.31865E-01 
121.5, -175.5, 1.20631E-01 
130.5, -175.5, 2.84698E-02 
139.5, -175.5, 3.57143E-03 
148.5, -175.5, 4.78240E-04 
157.5, -175.5, 6.40615E-04 
166.5, -175.5, 0.00000E+00 
175.5, -175.5, 0.00000E+00 
