x, y, probability density 
-175.5, 175.5, 4.03388E-03 
-166.5, 175.5, 0.00000E+00 
-157.5, 175.5, 0.00000E+00 
-148.5, 175.5, 0.00000E+00 
-139.5, 175.5, 0.00000E+00 
-130.5, 175.5, 0.00000E+00 
-121.5, 175.5, 0.00000E+00 
-112.5, 175.5, 0.00000E+00 
-103.5, 175.5, 0.00000E+00 
-94.5, 175.5, 0.00000E+00 
-85.5, 175.5, 2.63678E-04 
-76.5, 175.5, 3.80711E-04 
-67.5, 175.5, 5.73394E-04 
-58.5, 175.5, 1.12161E-02 
-49.5, 175.5, 3.40557E-02 
-40.5, 175.5, 0.00000E+00 
-31.5, 175.5, 0.00000E+00 
-22.5, 175.5, 0.00000E+00 
-13.5, 175.5, 0.00000E+00 
-4.5, 175.5, 0.00000E+00 
4.5, 175.5, 0.00000E+00 
13.5, 175.5, 0.00000E+00 
22.5, 175.5, 0.00000E+00 
31.5, 175.5, 0.00000E+00 
40.5, 175.5, 0.00000E+00 
49.5, 175.5, 6.25000E-02 
58.5, 175.5, 1.05769E-01 
67.5, 175.5, 1.08756E-01 
76.5, 175.5, 1.32351E-01 
85.5, 175.5, 1.40246E-01 
94.5, 175.5, 1.81920E-01 
103.5, 175.5, 2.48468E-01 
112.5, 175.5, 3.14050E-01 
121.5, 175.5, 2.88952E-01 
130.5, 175.5, 2.33613E-01 
139.5, 175.5, 1.99207E-01 
148.5, 175.5, 1.75253E-01 
157.5, 175.5, 1.32545E-01 
166.5, 175.5, 4.79371E-02 
175.5, 175.5, 1.80476E-02 
-175.5, 166.5, 1.93798E-03 
-166.5, 166.5, 4.53721E-04 
-157.5, 166.5, 0.00000E+00 
-148.5, 166.5, 0.00000E+00 
-139.5, 166.5, 0.00000E+00 
-130.5, 166.5, 0.00000E+00 
-121.5, 166.5, 0.00000E+00 
-112.5, 166.5, 0.00000E+00 
-103.5, 166.5, 0.00000E+00 
-94.5, 166.5, 0.00000E+00 
-85.5, 166.5, 0.00000E+00 
-76.5, 166.5, 6.75105E-04 
-67.5, 166.5, 1.77715E-03 
-58.5, 166.5, 4.26090E-03 
-49.5, 166.5, 9.62861E-03 
-40.5, 166.5, 0.00000E+00 
-31.5, 166.5, 0.00000E+00 
-22.5, 166.5, 0.00000E+00 
-13.5, 166.5, 0.00000E+00 
-4.5, 166.5, 0.00000E+00 
4.5, 166.5, 0.00000E+00 
13.5, 166.5, 0.00000E+00 
22.5, 166.5, 0.00000E+00 
31.5, 166.5, 0.00000E+00 
40.5, 166.5, 0.00000E+00 
49.5, 166.5, 0.00000E+00 
58.5, 166.5, 1.39535E-02 
67.5, 166.5, 4.61957E-02 
76.5, 166.5, 7.07223E-02 
85.5, 166.5, 8.56991E-02 
94.5, 166.5, 1.16892E-01 
103.5, 166.5, 1.43935E-01 
112.5, 166.5, 1.83725E-01 
121.5, 166.5, 1.68432E-01 
130.5, 166.5, 1.17384E-01 
139.5, 166.5, 9.11136E-02 
148.5, 166.5, 9.11392E-02 
157.5, 166.5, 6.78466E-02 
166.5, 166.5, 3.22108E-02 
175.5, 166.5, 9.52381E-03 
-175.5, 157.5, 0.00000E+00 
-166.5, 157.5, 0.00000E+00 
-157.5, 157.5, 0.00000E+00 
-148.5, 157.5, 0.00000E+00 
-139.5, 157.5, 0.00000E+00 
-130.5, 157.5, 0.00000E+00 
-121.5, 157.5, 0.00000E+00 
-112.5, 157.5, 0.00000E+00 
-103.5, 157.5, 0.00000E+00 
-94.5, 157.5, 0.00000E+00 
-85.5, 157.5, 3.00436E-04 
-76.5, 157.5, 6.51324E-04 
-67.5, 157.5, 1.08597E-03 
-58.5, 157.5, 2.86752E-03 
-49.5, 157.5, 3.82555E-04 
-40.5, 157.5, 1.43678E-02 
-31.5, 157.5, 0.00000E+00 
-22.5, 157.5, 0.00000E+00 
-13.5, 157.5, 0.00000E+00 
-4.5, 157.5, 0.00000E+00 
4.5, 157.5, 0.00000E+00 
13.5, 157.5, 0.00000E+00 
22.5, 157.5, 0.00000E+00 
31.5, 157.5, 0.00000E+00 
40.5, 157.5, 0.00000E+00 
49.5, 157.5, 0.00000E+00 
58.5, 157.5, 4.14508E-02 
67.5, 157.5, 1.28096E-02 
76.5, 157.5, 3.68386E-02 
85.5, 157.5, 6.25954E-02 
94.5, 157.5, 1.02388E-01 
103.5, 157.5, 1.17162E-01 
112.5, 157.5, 1.63472E-01 
121.5, 157.5, 1.28297E-01 
130.5, 157.5, 8.91089E-02 
139.5, 157.5, 5.16605E-02 
148.5, 157.5, 5.52408E-02 
157.5, 157.5, 3.16586E-02 
166.5, 157.5, 2.44604E-02 
175.5, 157.5, 1.36519E-03 
-175.5, 148.5, 0.00000E+00 
-166.5, 148.5, 0.00000E+00 
-157.5, 148.5, 0.00000E+00 
-148.5, 148.5, 0.00000E+00 
-139.5, 148.5, 0.00000E+00 
-130.5, 148.5, 0.00000E+00 
-121.5, 148.5, 0.00000E+00 
-112.5, 148.5, 0.00000E+00 
-103.5, 148.5, 0.00000E+00 
-94.5, 148.5, 0.00000E+00 
-85.5, 148.5, 2.91673E-04 
-76.5, 148.5, 3.28192E-04 
-67.5, 148.5, 1.07097E-03 
-58.5, 148.5, 3.76475E-03 
-49.5, 148.5, 2.76461E-03 
-40.5, 148.5, 0.00000E+00 
-31.5, 148.5, 0.00000E+00 
-22.5, 148.5, 0.00000E+00 
-13.5, 148.5, 0.00000E+00 
-4.5, 148.5, 0.00000E+00 
4.5, 148.5, 0.00000E+00 
13.5, 148.5, 0.00000E+00 
22.5, 148.5, 0.00000E+00 
31.5, 148.5, 0.00000E+00 
40.5, 148.5, 0.00000E+00 
49.5, 148.5, 0.00000E+00 
58.5, 148.5, 4.16667E-02 
67.5, 148.5, 3.71901E-02 
76.5, 148.5, 4.76478E-02 
85.5, 148.5, 5.81053E-02 
94.5, 148.5, 1.05377E-01 
103.5, 148.5, 1.27021E-01 
112.5, 148.5, 1.64167E-01 
121.5, 148.5, 1.65503E-01 
130.5, 148.5, 5.15575E-02 
139.5, 148.5, 3.70370E-02 
148.5, 148.5, 1.80791E-02 
157.5, 148.5, 2.12314E-02 
166.5, 148.5, 8.69565E-03 
175.5, 148.5, 0.00000E+00 
-175.5, 139.5, 0.00000E+00 
-166.5, 139.5, 0.00000E+00 
-157.5, 139.5, 0.00000E+00 
-148.5, 139.5, 0.00000E+00 
-139.5, 139.5, 0.00000E+00 
-130.5, 139.5, 0.00000E+00 
-121.5, 139.5, 0.00000E+00 
-112.5, 139.5, 0.00000E+00 
-103.5, 139.5, 0.00000E+00 
-94.5, 139.5, 0.00000E+00 
-85.5, 139.5, 0.00000E+00 
-76.5, 139.5, 2.72465E-04 
-67.5, 139.5, 1.84083E-03 
-58.5, 139.5, 4.36759E-03 
-49.5, 139.5, 5.85987E-03 
-40.5, 139.5, 6.24794E-03 
-31.5, 139.5, -5.20833E-03 
-22.5, 139.5, 0.00000E+00 
-13.5, 139.5, 0.00000E+00 
-4.5, 139.5, 0.00000E+00 
4.5, 139.5, 0.00000E+00 
13.5, 139.5, 0.00000E+00 
22.5, 139.5, 0.00000E+00 
31.5, 139.5, 0.00000E+00 
40.5, 139.5, 0.00000E+00 
49.5, 139.5, 2.50000E-01 
58.5, 139.5, 0.00000E+00 
67.5, 139.5, 5.88235E-02 
76.5, 139.5, 5.54885E-02 
85.5, 139.5, 1.11111E-01 
94.5, 139.5, 1.61074E-01 
103.5, 139.5, 2.13537E-01 
112.5, 139.5, 2.13469E-01 
121.5, 139.5, 1.68750E-01 
130.5, 139.5, 1.04553E-01 
139.5, 139.5, 3.85965E-02 
148.5, 139.5, 2.50896E-02 
157.5, 139.5, 2.45614E-02 
166.5, 139.5, 0.00000E+00 
175.5, 139.5, 0.00000E+00 
-175.5, 130.5, 0.00000E+00 
-166.5, 130.5, 0.00000E+00 
-157.5, 130.5, 0.00000E+00 
-148.5, 130.5, 0.00000E+00 
-139.5, 130.5, 0.00000E+00 
-130.5, 130.5, 0.00000E+00 
-121.5, 130.5, 0.00000E+00 
-112.5, 130.5, 0.00000E+00 
-103.5, 130.5, 0.00000E+00 
-94.5, 130.5, 0.00000E+00 
-85.5, 130.5, -1.32196E-04 
-76.5, 130.5, 0.00000E+00 
-67.5, 130.5, 1.93659E-03 
-58.5, 130.5, 5.73719E-03 
-49.5, 130.5, 1.03238E-02 
-40.5, 130.5, 1.73661E-02 
-31.5, 130.5, 3.90625E-02 
-22.5, 130.5, 0.00000E+00 
-13.5, 130.5, 0.00000E+00 
-4.5, 130.5, 0.00000E+00 
4.5, 130.5, 0.00000E+00 
13.5, 130.5, 0.00000E+00 
22.5, 130.5, 0.00000E+00 
31.5, 130.5, 0.00000E+00 
40.5, 130.5, 0.00000E+00 
49.5, 130.5, 0.00000E+00 
58.5, 130.5, 0.00000E+00 
67.5, 130.5, 5.79710E-02 
76.5, 130.5, 1.31519E-01 
85.5, 130.5, 1.66913E-01 
94.5, 130.5, 2.46231E-01 
103.5, 130.5, 3.60656E-01 
112.5, 130.5, 3.93939E-01 
121.5, 130.5, 2.28155E-01 
130.5, 130.5, 1.56682E-01 
139.5, 130.5, 4.11765E-02 
148.5, 130.5, 2.53165E-02 
157.5, 130.5, 6.71141E-03 
166.5, 130.5, 0.00000E+00 
175.5, 130.5, 0.00000E+00 
-175.5, 121.5, 0.00000E+00 
-166.5, 121.5, 0.00000E+00 
-157.5, 121.5, 0.00000E+00 
-148.5, 121.5, 0.00000E+00 
-139.5, 121.5, 0.00000E+00 
-130.5, 121.5, 0.00000E+00 
-121.5, 121.5, 0.00000E+00 
-112.5, 121.5, 0.00000E+00 
-103.5, 121.5, 0.00000E+00 
-94.5, 121.5, 0.00000E+00 
-85.5, 121.5, -1.70911E-04 
-76.5, 121.5, 0.00000E+00 
-67.5, 121.5, 9.77003E-04 
-58.5, 121.5, 5.59590E-03 
-49.5, 121.5, 2.04991E-02 
-40.5, 121.5, 1.80791E-02 
-31.5, 121.5, 3.61446E-02 
-22.5, 121.5, 3.57143E-02 
-13.5, 121.5, 0.00000E+00 
-4.5, 121.5, 0.00000E+00 
4.5, 121.5, 0.00000E+00 
13.5, 121.5, 0.00000E+00 
22.5, 121.5, 0.00000E+00 
31.5, 121.5, 0.00000E+00 
40.5, 121.5, 0.00000E+00 
49.5, 121.5, 0.00000E+00 
58.5, 121.5, 0.00000E+00 
67.5, 121.5, 1.68067E-02 
76.5, 121.5, 1.92982E-01 
85.5, 121.5, 2.62626E-01 
94.5, 121.5, 3.50365E-01 
103.5, 121.5, 5.47771E-01 
112.5, 121.5, 5.78512E-01 
121.5, 121.5, 2.53086E-01 
130.5, 121.5, 1.27517E-01 
139.5, 121.5, 8.41121E-02 
148.5, 121.5, 4.16667E-02 
157.5, 121.5, 4.93827E-02 
166.5, 121.5, 1.40845E-02 
175.5, 121.5, 0.00000E+00 
-175.5, 112.5, 0.00000E+00 
-166.5, 112.5, 0.00000E+00 
-157.5, 112.5, 0.00000E+00 
-148.5, 112.5, 0.00000E+00 
-139.5, 112.5, 0.00000E+00 
-130.5, 112.5, 0.00000E+00 
-121.5, 112.5, 0.00000E+00 
-112.5, 112.5, 0.00000E+00 
-103.5, 112.5, 0.00000E+00 
-94.5, 112.5, 0.00000E+00 
-85.5, 112.5, 0.00000E+00 
-76.5, 112.5, 9.12929E-04 
-67.5, 112.5, 2.64515E-03 
-58.5, 112.5, 8.56821E-03 
-49.5, 112.5, 1.06045E-02 
-40.5, 112.5, 4.35897E-02 
-31.5, 112.5, 4.56621E-03 
-22.5, 112.5, -4.00000E-02 
-13.5, 112.5, 8.33333E-02 
-4.5, 112.5, 0.00000E+00 
4.5, 112.5, 0.00000E+00 
13.5, 112.5, 0.00000E+00 
22.5, 112.5, 0.00000E+00 
31.5, 112.5, 0.00000E+00 
40.5, 112.5, 0.00000E+00 
49.5, 112.5, 2.00000E-01 
58.5, 112.5, 5.26316E-02 
67.5, 112.5, 7.80142E-02 
76.5, 112.5, 2.73885E-01 
85.5, 112.5, 3.03644E-01 
94.5, 112.5, 6.40693E-01 
103.5, 112.5, 6.14525E-01 
112.5, 112.5, 6.11111E-01 
121.5, 112.5, 5.86667E-01 
130.5, 112.5, 2.14286E-01 
139.5, 112.5, 7.31707E-02 
148.5, 112.5, 3.17460E-02 
157.5, 112.5, 8.79121E-02 
166.5, 112.5, 2.77778E-02 
175.5, 112.5, 0.00000E+00 
-175.5, 103.5, 0.00000E+00 
-166.5, 103.5, 0.00000E+00 
-157.5, 103.5, 0.00000E+00 
-148.5, 103.5, 0.00000E+00 
-139.5, 103.5, 0.00000E+00 
-130.5, 103.5, 0.00000E+00 
-121.5, 103.5, 0.00000E+00 
-112.5, 103.5, 0.00000E+00 
-103.5, 103.5, 0.00000E+00 
-94.5, 103.5, 0.00000E+00 
-85.5, 103.5, 4.94682E-04 
-76.5, 103.5, 1.76757E-03 
-67.5, 103.5, 3.35570E-03 
-58.5, 103.5, 1.12540E-02 
-49.5, 103.5, 2.27577E-02 
-40.5, 103.5, 4.65950E-02 
-31.5, 103.5, 7.86517E-02 
-22.5, 103.5, 4.76190E-02 
-13.5, 103.5, 0.00000E+00 
-4.5, 103.5, 0.00000E+00 
4.5, 103.5, 0.00000E+00 
13.5, 103.5, 0.00000E+00 
22.5, 103.5, 0.00000E+00 
31.5, 103.5, 0.00000E+00 
40.5, 103.5, 0.00000E+00 
49.5, 103.5, 0.00000E+00 
58.5, 103.5, 3.22581E-02 
67.5, 103.5, 1.16402E-01 
76.5, 103.5, 1.28342E-01 
85.5, 103.5, 4.42424E-01 
94.5, 103.5, 5.40881E-01 
103.5, 103.5, 9.00901E-01 
112.5, 103.5, 9.09091E-01 
121.5, 103.5, 8.18182E-01 
130.5, 103.5, 3.46154E-01 
139.5, 103.5, 2.35294E-01 
148.5, 103.5, 2.62295E-01 
157.5, 103.5, 1.92308E-01 
166.5, 103.5, 0.00000E+00 
175.5, 103.5, 0.00000E+00 
-175.5, 94.5, 0.00000E+00 
-166.5, 94.5, 0.00000E+00 
-157.5, 94.5, 0.00000E+00 
-148.5, 94.5, 0.00000E+00 
-139.5, 94.5, 0.00000E+00 
-130.5, 94.5, 0.00000E+00 
-121.5, 94.5, 0.00000E+00 
-112.5, 94.5, 0.00000E+00 
-103.5, 94.5, 0.00000E+00 
-94.5, 94.5, 0.00000E+00 
-85.5, 94.5, 8.24063E-04 
-76.5, 94.5, -7.32064E-04 
-67.5, 94.5, 4.83092E-03 
-58.5, 94.5, 1.22549E-02 
-49.5, 94.5, 0.00000E+00 
-40.5, 94.5, 1.70732E-01 
-31.5, 94.5, 5.88235E-02 
-22.5, 94.5, 1.11111E-01 
-13.5, 94.5, 0.00000E+00 
-4.5, 94.5, 0.00000E+00 
4.5, 94.5, 0.00000E+00 
13.5, 94.5, 0.00000E+00 
22.5, 94.5, 0.00000E+00 
31.5, 94.5, 0.00000E+00 
40.5, 94.5, 0.00000E+00 
49.5, 94.5, 1.96078E-02 
58.5, 94.5, 3.38983E-02 
67.5, 94.5, 1.05263E-01 
76.5, 94.5, 3.44828E-01 
85.5, 94.5, 8.03279E-01 
94.5, 94.5, 9.43396E-01 
103.5, 94.5, 1.09474E+00 
112.5, 94.5, 1.63889E+00 
121.5, 94.5, 8.83721E-01 
130.5, 94.5, 5.83333E-01 
139.5, 94.5, 5.75758E-01 
148.5, 94.5, 5.18519E-01 
157.5, 94.5, 1.36364E-01 
166.5, 94.5, 2.28571E-01 
175.5, 94.5, 0.00000E+00 
-175.5, 85.5, 0.00000E+00 
-166.5, 85.5, 0.00000E+00 
-157.5, 85.5, 0.00000E+00 
-148.5, 85.5, 0.00000E+00 
-139.5, 85.5, 0.00000E+00 
-130.5, 85.5, 0.00000E+00 
-121.5, 85.5, 0.00000E+00 
-112.5, 85.5, 0.00000E+00 
-103.5, 85.5, 0.00000E+00 
-94.5, 85.5, 0.00000E+00 
-85.5, 85.5, 1.31148E-03 
-76.5, 85.5, -6.55308E-04 
-67.5, 85.5, 2.17391E-03 
-58.5, 85.5, 2.19780E-02 
-49.5, 85.5, 3.77358E-02 
-40.5, 85.5, 9.09091E-02 
-31.5, 85.5, 1.66667E-01 
-22.5, 85.5, 2.50000E-01 
-13.5, 85.5, 0.00000E+00 
-4.5, 85.5, 0.00000E+00 
4.5, 85.5, 0.00000E+00 
13.5, 85.5, 0.00000E+00 
22.5, 85.5, 0.00000E+00 
31.5, 85.5, 4.93827E-02 
40.5, 85.5, 8.10811E-02 
49.5, 85.5, 4.49438E-02 
58.5, 85.5, 8.26011E-02 
67.5, 85.5, 1.87075E-01 
76.5, 85.5, 5.32895E-01 
85.5, 85.5, 1.28571E+00 
94.5, 85.5, 1.21311E+00 
103.5, 85.5, 1.60606E+00 
112.5, 85.5, 1.92157E+00 
121.5, 85.5, 1.42857E+00 
130.5, 85.5, 1.17949E+00 
139.5, 85.5, 9.41176E-01 
148.5, 85.5, 8.75000E-01 
157.5, 85.5, 1.82353E+00 
166.5, 85.5, 4.82759E-01 
175.5, 85.5, 2.22222E-01 
-175.5, 76.5, 1.26582E-02 
-166.5, 76.5, 0.00000E+00 
-157.5, 76.5, 0.00000E+00 
-148.5, 76.5, 0.00000E+00 
-139.5, 76.5, 0.00000E+00 
-130.5, 76.5, 0.00000E+00 
-121.5, 76.5, 0.00000E+00 
-112.5, 76.5, 0.00000E+00 
-103.5, 76.5, 0.00000E+00 
-94.5, 76.5, 8.84956E-04 
-85.5, 76.5, 1.16144E-03 
-76.5, 76.5, -1.88088E-03 
-67.5, 76.5, 7.72201E-03 
-58.5, 76.5, 1.07527E-02 
-49.5, 76.5, 0.00000E+00 
-40.5, 76.5, 5.00000E-01 
-31.5, 76.5, 0.00000E+00 
-22.5, 76.5, 0.00000E+00 
-13.5, 76.5, 1.00000E+00 
-4.5, 76.5, 0.00000E+00 
4.5, 76.5, 0.00000E+00 
13.5, 76.5, 1.05263E-01 
22.5, 76.5, 1.85185E-02 
31.5, 76.5, 5.12821E-02 
40.5, 76.5, 1.11111E-01 
49.5, 76.5, 6.63765E-02 
58.5, 76.5, 1.75410E-01 
67.5, 76.5, 3.07692E-01 
76.5, 76.5, 9.05830E-01 
85.5, 76.5, 2.25243E+00 
94.5, 76.5, 1.88288E+00 
103.5, 76.5, 1.88421E+00 
112.5, 76.5, 1.44898E+00 
121.5, 76.5, 1.55714E+00 
130.5, 76.5, 1.89091E+00 
139.5, 76.5, 9.60784E-01 
148.5, 76.5, 1.12963E+00 
157.5, 76.5, 1.17241E+00 
166.5, 76.5, 8.00000E-01 
175.5, 76.5, 1.87500E-01 
-175.5, 67.5, 0.00000E+00 
-166.5, 67.5, 0.00000E+00 
-157.5, 67.5, 0.00000E+00 
-148.5, 67.5, 0.00000E+00 
-139.5, 67.5, 0.00000E+00 
-130.5, 67.5, 0.00000E+00 
-121.5, 67.5, 0.00000E+00 
-112.5, 67.5, 0.00000E+00 
-103.5, 67.5, 0.00000E+00 
-94.5, 67.5, 0.00000E+00 
-85.5, 67.5, 3.24324E-03 
-76.5, 67.5, 7.53187E-03 
-67.5, 67.5, 1.53846E-02 
-58.5, 67.5, 1.63934E-02 
-49.5, 67.5, 3.00000E-01 
-40.5, 67.5, 0.00000E+00 
-31.5, 67.5, 0.00000E+00 
-22.5, 67.5, 0.00000E+00 
-13.5, 67.5, 0.00000E+00 
-4.5, 67.5, 0.00000E+00 
4.5, 67.5, 5.00000E-01 
13.5, 67.5, 7.69231E-02 
22.5, 67.5, 4.68750E-02 
31.5, 67.5, 9.28962E-02 
40.5, 67.5, 1.28155E-01 
49.5, 67.5, 1.92601E-01 
58.5, 67.5, 3.34481E-01 
67.5, 67.5, 6.99764E-01 
76.5, 67.5, 2.14076E+00 
85.5, 67.5, 2.11029E+00 
94.5, 67.5, 1.67384E+00 
103.5, 67.5, 2.08649E+00 
112.5, 67.5, 1.49724E+00 
121.5, 67.5, 1.37063E+00 
130.5, 67.5, 1.23364E+00 
139.5, 67.5, 1.17808E+00 
148.5, 67.5, 9.25373E-01 
157.5, 67.5, 1.11905E+00 
166.5, 67.5, 8.63636E-01 
175.5, 67.5, 5.00000E-01 
-175.5, 58.5, 1.85185E-02 
-166.5, 58.5, 0.00000E+00 
-157.5, 58.5, 0.00000E+00 
-148.5, 58.5, 0.00000E+00 
-139.5, 58.5, 0.00000E+00 
-130.5, 58.5, 0.00000E+00 
-121.5, 58.5, 0.00000E+00 
-112.5, 58.5, 0.00000E+00 
-103.5, 58.5, 0.00000E+00 
-94.5, 58.5, -3.53982E-04 
-85.5, 58.5, 1.05263E-03 
-76.5, 58.5, 1.98544E-03 
-67.5, 58.5, 2.78810E-02 
-58.5, 58.5, 1.22449E-01 
-49.5, 58.5, 2.50000E-01 
-40.5, 58.5, 6.66667E-01 
-31.5, 58.5, 0.00000E+00 
-22.5, 58.5, 0.00000E+00 
-13.5, 58.5, 0.00000E+00 
-4.5, 58.5, 0.00000E+00 
4.5, 58.5, 0.00000E+00 
13.5, 58.5, 0.00000E+00 
22.5, 58.5, 1.08108E-01 
31.5, 58.5, 1.67155E-01 
40.5, 58.5, 2.65505E-01 
49.5, 58.5, 3.97877E-01 
58.5, 58.5, 6.90279E-01 
67.5, 58.5, 1.38047E+00 
76.5, 58.5, 2.36540E+00 
85.5, 58.5, 2.10823E+00 
94.5, 58.5, 1.66667E+00 
103.5, 58.5, 1.84386E+00 
112.5, 58.5, 1.15059E+00 
121.5, 58.5, 8.29493E-01 
130.5, 58.5, 1.04118E+00 
139.5, 58.5, 1.17098E+00 
148.5, 58.5, 9.56522E-01 
157.5, 58.5, 7.20000E-01 
166.5, 58.5, 7.24138E-01 
175.5, 58.5, 1.11111E-01 
-175.5, 49.5, 0.00000E+00 
-166.5, 49.5, 6.02410E-03 
-157.5, 49.5, 0.00000E+00 
-148.5, 49.5, 0.00000E+00 
-139.5, 49.5, 0.00000E+00 
-130.5, 49.5, 0.00000E+00 
-121.5, 49.5, 0.00000E+00 
-112.5, 49.5, 0.00000E+00 
-103.5, 49.5, 0.00000E+00 
-94.5, 49.5, -6.55738E-04 
-85.5, 49.5, -5.10725E-04 
-76.5, 49.5, 9.49367E-03 
-67.5, 49.5, 2.93742E-02 
-58.5, 49.5, 3.85827E-01 
-49.5, 49.5, 1.00000E-01 
-40.5, 49.5, 0.00000E+00 
-31.5, 49.5, 0.00000E+00 
-22.5, 49.5, 0.00000E+00 
-13.5, 49.5, 0.00000E+00 
-4.5, 49.5, 0.00000E+00 
4.5, 49.5, 0.00000E+00 
13.5, 49.5, 0.00000E+00 
22.5, 49.5, 3.33333E-01 
31.5, 49.5, 1.98444E-01 
40.5, 49.5, 3.48943E-01 
49.5, 49.5, 5.74303E-01 
58.5, 49.5, 9.44596E-01 
67.5, 49.5, 1.88353E+00 
76.5, 49.5, 1.78430E+00 
85.5, 49.5, 1.59434E+00 
94.5, 49.5, 1.60222E+00 
103.5, 49.5, 1.44641E+00 
112.5, 49.5, 9.16838E-01 
121.5, 49.5, 7.34475E-01 
130.5, 49.5, 8.06084E-01 
139.5, 49.5, 8.09524E-01 
148.5, 49.5, 7.70492E-01 
157.5, 49.5, 6.00000E-01 
166.5, 49.5, 1.57895E-01 
175.5, 49.5, 8.33333E-02 
-175.5, 40.5, 0.00000E+00 
-166.5, 40.5, 0.00000E+00 
-157.5, 40.5, 0.00000E+00 
-148.5, 40.5, 0.00000E+00 
-139.5, 40.5, 0.00000E+00 
-130.5, 40.5, 0.00000E+00 
-121.5, 40.5, 0.00000E+00 
-112.5, 40.5, 0.00000E+00 
-103.5, 40.5, 0.00000E+00 
-94.5, 40.5, 6.19579E-04 
-85.5, 40.5, -3.32410E-03 
-76.5, 40.5, 2.52525E-03 
-67.5, 40.5, 8.34437E-02 
-58.5, 40.5, 3.54331E-01 
-49.5, 40.5, 1.81818E-01 
-40.5, 40.5, 6.66667E-01 
-31.5, 40.5, 0.00000E+00 
-22.5, 40.5, 0.00000E+00 
-13.5, 40.5, 0.00000E+00 
-4.5, 40.5, 0.00000E+00 
4.5, 40.5, 0.00000E+00 
13.5, 40.5, 0.00000E+00 
22.5, 40.5, 0.00000E+00 
31.5, 40.5, 2.21053E-01 
40.5, 40.5, 4.00236E-01 
49.5, 40.5, 5.39729E-01 
58.5, 40.5, 1.04284E+00 
67.5, 40.5, 1.32696E+00 
76.5, 40.5, 1.31495E+00 
85.5, 40.5, 1.28378E+00 
94.5, 40.5, 1.27807E+00 
103.5, 40.5, 1.35807E+00 
112.5, 40.5, 8.85820E-01 
121.5, 40.5, 6.25378E-01 
130.5, 40.5, 5.21472E-01 
139.5, 40.5, 4.70588E-01 
148.5, 40.5, 4.83871E-01 
157.5, 40.5, 3.57143E-01 
166.5, 40.5, 2.50000E-01 
175.5, 40.5, 0.00000E+00 
-175.5, 31.5, 0.00000E+00 
-166.5, 31.5, 0.00000E+00 
-157.5, 31.5, 0.00000E+00 
-148.5, 31.5, 0.00000E+00 
-139.5, 31.5, 0.00000E+00 
-130.5, 31.5, 0.00000E+00 
-121.5, 31.5, 0.00000E+00 
-112.5, 31.5, 0.00000E+00 
-103.5, 31.5, 0.00000E+00 
-94.5, 31.5, 1.04877E-03 
-85.5, 31.5, -3.36511E-03 
-76.5, 31.5, 8.36120E-03 
-67.5, 31.5, 4.30108E-02 
-58.5, 31.5, 2.18935E-01 
-49.5, 31.5, 5.23810E-01 
-40.5, 31.5, 0.00000E+00 
-31.5, 31.5, 0.00000E+00 
-22.5, 31.5, 0.00000E+00 
-13.5, 31.5, 0.00000E+00 
-4.5, 31.5, 0.00000E+00 
4.5, 31.5, 0.00000E+00 
13.5, 31.5, 0.00000E+00 
22.5, 31.5, 0.00000E+00 
31.5, 31.5, 0.00000E+00 
40.5, 31.5, 2.99094E-01 
49.5, 31.5, 5.70482E-01 
58.5, 31.5, 8.33669E-01 
67.5, 31.5, 1.01147E+00 
76.5, 31.5, 1.03666E+00 
85.5, 31.5, 1.04765E+00 
94.5, 31.5, 1.04401E+00 
103.5, 31.5, 1.19685E+00 
112.5, 31.5, 9.21868E-01 
121.5, 31.5, 6.24369E-01 
130.5, 31.5, 4.33628E-01 
139.5, 31.5, 3.08219E-01 
148.5, 31.5, 2.53731E-01 
157.5, 31.5, 2.69231E-01 
166.5, 31.5, 0.00000E+00 
175.5, 31.5, 0.00000E+00 
-175.5, 22.5, 0.00000E+00 
-166.5, 22.5, 0.00000E+00 
-157.5, 22.5, 0.00000E+00 
-148.5, 22.5, 0.00000E+00 
-139.5, 22.5, 0.00000E+00 
-130.5, 22.5, 0.00000E+00 
-121.5, 22.5, 0.00000E+00 
-112.5, 22.5, 0.00000E+00 
-103.5, 22.5, 0.00000E+00 
-94.5, 22.5, -3.87147E-04 
-85.5, 22.5, -2.70149E-03 
-76.5, 22.5, -5.10204E-03 
-67.5, 22.5, 1.58061E-02 
-58.5, 22.5, 2.13483E-01 
-49.5, 22.5, 3.50000E-01 
-40.5, 22.5, 2.50000E-01 
-31.5, 22.5, 0.00000E+00 
-22.5, 22.5, 0.00000E+00 
-13.5, 22.5, 0.00000E+00 
-4.5, 22.5, 0.00000E+00 
4.5, 22.5, 0.00000E+00 
13.5, 22.5, 0.00000E+00 
22.5, 22.5, 0.00000E+00 
31.5, 22.5, 0.00000E+00 
40.5, 22.5, 2.04545E-01 
49.5, 22.5, 4.38330E-01 
58.5, 22.5, 7.19077E-01 
67.5, 22.5, 7.93900E-01 
76.5, 22.5, 8.18755E-01 
85.5, 22.5, 8.19009E-01 
94.5, 22.5, 8.61030E-01 
103.5, 22.5, 1.01675E+00 
112.5, 22.5, 1.00707E+00 
121.5, 22.5, 6.92794E-01 
130.5, 22.5, 4.96021E-01 
139.5, 22.5, 3.97661E-01 
148.5, 22.5, 1.49254E-01 
157.5, 22.5, 2.40000E-01 
166.5, 22.5, 2.00000E-01 
175.5, 22.5, 0.00000E+00 
-175.5, 13.5, 0.00000E+00 
-166.5, 13.5, 0.00000E+00 
-157.5, 13.5, 0.00000E+00 
-148.5, 13.5, 0.00000E+00 
-139.5, 13.5, 0.00000E+00 
-130.5, 13.5, 0.00000E+00 
-121.5, 13.5, 0.00000E+00 
-112.5, 13.5, 0.00000E+00 
-103.5, 13.5, 0.00000E+00 
-94.5, 13.5, -1.47689E-04 
-85.5, 13.5, 1.62364E-04 
-76.5, 13.5, 7.22717E-04 
-67.5, 13.5, 5.12821E-02 
-58.5, 13.5, 1.85771E-01 
-49.5, 13.5, 6.00000E-01 
-40.5, 13.5, 6.66667E-01 
-31.5, 13.5, 0.00000E+00 
-22.5, 13.5, 0.00000E+00 
-13.5, 13.5, 0.00000E+00 
-4.5, 13.5, 0.00000E+00 
4.5, 13.5, 0.00000E+00 
13.5, 13.5, 0.00000E+00 
22.5, 13.5, 0.00000E+00 
31.5, 13.5, 0.00000E+00 
40.5, 13.5, 4.76190E-02 
49.5, 13.5, 4.01316E-01 
58.5, 13.5, 6.34053E-01 
67.5, 13.5, 6.90894E-01 
76.5, 13.5, 7.32418E-01 
85.5, 13.5, 7.45556E-01 
94.5, 13.5, 7.63169E-01 
103.5, 13.5, 9.16638E-01 
112.5, 13.5, 1.02627E+00 
121.5, 13.5, 7.07444E-01 
130.5, 13.5, 5.13566E-01 
139.5, 13.5, 2.93388E-01 
148.5, 13.5, 2.37113E-01 
157.5, 13.5, 3.75000E-01 
166.5, 13.5, 0.00000E+00 
175.5, 13.5, 0.00000E+00 
-175.5, 4.5, 0.00000E+00 
-166.5, 4.5, 0.00000E+00 
-157.5, 4.5, 0.00000E+00 
-148.5, 4.5, 0.00000E+00 
-139.5, 4.5, 0.00000E+00 
-130.5, 4.5, 0.00000E+00 
-121.5, 4.5, 0.00000E+00 
-112.5, 4.5, 0.00000E+00 
-103.5, 4.5, 0.00000E+00 
-94.5, 4.5, 0.00000E+00 
-85.5, 4.5, 2.27015E-04 
-76.5, 4.5, 1.00585E-02 
-67.5, 4.5, 2.17793E-02 
-58.5, 4.5, 9.90654E-02 
-49.5, 4.5, 1.55556E-01 
-40.5, 4.5, 6.66667E-01 
-31.5, 4.5, 0.00000E+00 
-22.5, 4.5, 0.00000E+00 
-13.5, 4.5, 0.00000E+00 
-4.5, 4.5, 0.00000E+00 
4.5, 4.5, 0.00000E+00 
13.5, 4.5, 0.00000E+00 
22.5, 4.5, 0.00000E+00 
31.5, 4.5, 0.00000E+00 
40.5, 4.5, 2.22222E-01 
49.5, 4.5, 3.76147E-01 
58.5, 4.5, 5.39138E-01 
67.5, 4.5, 6.78176E-01 
76.5, 4.5, 6.91442E-01 
85.5, 4.5, 7.34222E-01 
94.5, 4.5, 7.65905E-01 
103.5, 4.5, 8.31319E-01 
112.5, 4.5, 8.53879E-01 
121.5, 4.5, 7.17968E-01 
130.5, 4.5, 5.99245E-01 
139.5, 4.5, 3.38558E-01 
148.5, 4.5, 2.58621E-01 
157.5, 4.5, 2.50000E-01 
166.5, 4.5, 3.00000E-01 
175.5, 4.5, 0.00000E+00 
-175.5, -4.5, 0.00000E+00 
-166.5, -4.5, 0.00000E+00 
-157.5, -4.5, 0.00000E+00 
-148.5, -4.5, 0.00000E+00 
-139.5, -4.5, 0.00000E+00 
-130.5, -4.5, 0.00000E+00 
-121.5, -4.5, 0.00000E+00 
-112.5, -4.5, 0.00000E+00 
-103.5, -4.5, 0.00000E+00 
-94.5, -4.5, 6.17665E-04 
-85.5, -4.5, 2.46598E-03 
-76.5, -4.5, 1.40157E-02 
-67.5, -4.5, 4.85934E-02 
-58.5, -4.5, 1.39842E-01 
-49.5, -4.5, 3.02752E-01 
-40.5, -4.5, 0.00000E+00 
-31.5, -4.5, 0.00000E+00 
-22.5, -4.5, 0.00000E+00 
-13.5, -4.5, 0.00000E+00 
-4.5, -4.5, 0.00000E+00 
4.5, -4.5, 0.00000E+00 
13.5, -4.5, 0.00000E+00 
22.5, -4.5, 0.00000E+00 
31.5, -4.5, 0.00000E+00 
40.5, -4.5, 0.00000E+00 
49.5, -4.5, 3.77778E-01 
58.5, -4.5, 5.10280E-01 
67.5, -4.5, 6.33813E-01 
76.5, -4.5, 6.55307E-01 
85.5, -4.5, 7.19864E-01 
94.5, -4.5, 7.75431E-01 
103.5, -4.5, 8.41398E-01 
112.5, -4.5, 8.06396E-01 
121.5, -4.5, 6.50959E-01 
130.5, -4.5, 5.21182E-01 
139.5, -4.5, 3.08712E-01 
148.5, -4.5, 1.63498E-01 
157.5, -4.5, 4.18919E-01 
166.5, -4.5, 1.17647E-01 
175.5, -4.5, 0.00000E+00 
-175.5, -13.5, 0.00000E+00 
-166.5, -13.5, 0.00000E+00 
-157.5, -13.5, 0.00000E+00 
-148.5, -13.5, 0.00000E+00 
-139.5, -13.5, 0.00000E+00 
-130.5, -13.5, 0.00000E+00 
-121.5, -13.5, 0.00000E+00 
-112.5, -13.5, 0.00000E+00 
-103.5, -13.5, 0.00000E+00 
-94.5, -13.5, 2.12404E-04 
-85.5, -13.5, 2.10633E-03 
-76.5, -13.5, 8.13421E-03 
-67.5, -13.5, 4.59335E-02 
-58.5, -13.5, 1.19864E-01 
-49.5, -13.5, 2.56579E-01 
-40.5, -13.5, 4.76190E-02 
-31.5, -13.5, 0.00000E+00 
-22.5, -13.5, 0.00000E+00 
-13.5, -13.5, 0.00000E+00 
-4.5, -13.5, 0.00000E+00 
4.5, -13.5, 0.00000E+00 
13.5, -13.5, 0.00000E+00 
22.5, -13.5, 0.00000E+00 
31.5, -13.5, 0.00000E+00 
40.5, -13.5, 0.00000E+00 
49.5, -13.5, 1.20000E-01 
58.5, -13.5, 4.46640E-01 
67.5, -13.5, 5.78755E-01 
76.5, -13.5, 6.69477E-01 
85.5, -13.5, 6.94756E-01 
94.5, -13.5, 7.72559E-01 
103.5, -13.5, 7.84910E-01 
112.5, -13.5, 7.56848E-01 
121.5, -13.5, 5.84304E-01 
130.5, -13.5, 4.72924E-01 
139.5, -13.5, 2.65152E-01 
148.5, -13.5, 1.52406E-01 
157.5, -13.5, 1.41593E-01 
166.5, -13.5, 1.76471E-01 
175.5, -13.5, 0.00000E+00 
-175.5, -22.5, 0.00000E+00 
-166.5, -22.5, 0.00000E+00 
-157.5, -22.5, 0.00000E+00 
-148.5, -22.5, 0.00000E+00 
-139.5, -22.5, 0.00000E+00 
-130.5, -22.5, 0.00000E+00 
-121.5, -22.5, 0.00000E+00 
-112.5, -22.5, 0.00000E+00 
-103.5, -22.5, 4.40723E-04 
-94.5, -22.5, 1.06695E-03 
-85.5, -22.5, 1.67069E-03 
-76.5, -22.5, 1.02905E-02 
-67.5, -22.5, 4.93312E-02 
-58.5, -22.5, 1.28068E-01 
-49.5, -22.5, 2.31499E-01 
-40.5, -22.5, 1.36364E-01 
-31.5, -22.5, 0.00000E+00 
-22.5, -22.5, 0.00000E+00 
-13.5, -22.5, 0.00000E+00 
-4.5, -22.5, 0.00000E+00 
4.5, -22.5, 0.00000E+00 
13.5, -22.5, 0.00000E+00 
22.5, -22.5, 0.00000E+00 
31.5, -22.5, 0.00000E+00 
40.5, -22.5, 0.00000E+00 
49.5, -22.5, 0.00000E+00 
58.5, -22.5, 3.48315E-01 
67.5, -22.5, 5.32139E-01 
76.5, -22.5, 6.77114E-01 
85.5, -22.5, 7.16344E-01 
94.5, -22.5, 6.91444E-01 
103.5, -22.5, 7.77863E-01 
112.5, -22.5, 6.93579E-01 
121.5, -22.5, 5.84189E-01 
130.5, -22.5, 4.03405E-01 
139.5, -22.5, 2.13256E-01 
148.5, -22.5, 1.37795E-01 
157.5, -22.5, 5.82524E-02 
166.5, -22.5, 3.12500E-02 
175.5, -22.5, 0.00000E+00 
-175.5, -31.5, 0.00000E+00 
-166.5, -31.5, 0.00000E+00 
-157.5, -31.5, 0.00000E+00 
-148.5, -31.5, 0.00000E+00 
-139.5, -31.5, 0.00000E+00 
-130.5, -31.5, 0.00000E+00 
-121.5, -31.5, 0.00000E+00 
-112.5, -31.5, 0.00000E+00 
-103.5, -31.5, 6.30915E-04 
-94.5, -31.5, 3.52113E-04 
-85.5, -31.5, 1.33027E-03 
-76.5, -31.5, 1.28394E-02 
-67.5, -31.5, 5.16033E-02 
-58.5, -31.5, 1.29443E-01 
-49.5, -31.5, 2.37465E-01 
-40.5, -31.5, 2.93051E-01 
-31.5, -31.5, 0.00000E+00 
-22.5, -31.5, 0.00000E+00 
-13.5, -31.5, 0.00000E+00 
-4.5, -31.5, 0.00000E+00 
4.5, -31.5, 0.00000E+00 
13.5, -31.5, 0.00000E+00 
22.5, -31.5, 0.00000E+00 
31.5, -31.5, 0.00000E+00 
40.5, -31.5, 0.00000E+00 
49.5, -31.5, 4.76190E-02 
58.5, -31.5, 2.66272E-01 
67.5, -31.5, 6.12903E-01 
76.5, -31.5, 6.89799E-01 
85.5, -31.5, 7.04992E-01 
94.5, -31.5, 7.40954E-01 
103.5, -31.5, 7.62694E-01 
112.5, -31.5, 6.83816E-01 
121.5, -31.5, 5.39594E-01 
130.5, -31.5, 3.67604E-01 
139.5, -31.5, 2.16819E-01 
148.5, -31.5, 1.05181E-01 
157.5, -31.5, 4.16667E-02 
166.5, -31.5, 5.26316E-02 
175.5, -31.5, 0.00000E+00 
-175.5, -40.5, 0.00000E+00 
-166.5, -40.5, 0.00000E+00 
-157.5, -40.5, 0.00000E+00 
-148.5, -40.5, 0.00000E+00 
-139.5, -40.5, 0.00000E+00 
-130.5, -40.5, 0.00000E+00 
-121.5, -40.5, 0.00000E+00 
-112.5, -40.5, 0.00000E+00 
-103.5, -40.5, 0.00000E+00 
-94.5, -40.5, 5.19751E-04 
-85.5, -40.5, 1.73671E-03 
-76.5, -40.5, 1.05350E-02 
-67.5, -40.5, 4.97610E-02 
-58.5, -40.5, 1.31916E-01 
-49.5, -40.5, 2.03295E-01 
-40.5, -40.5, 2.53837E-01 
-31.5, -40.5, 4.52632E-01 
-22.5, -40.5, 0.00000E+00 
-13.5, -40.5, 0.00000E+00 
-4.5, -40.5, 0.00000E+00 
4.5, -40.5, 0.00000E+00 
13.5, -40.5, 0.00000E+00 
22.5, -40.5, 0.00000E+00 
31.5, -40.5, 0.00000E+00 
40.5, -40.5, 0.00000E+00 
49.5, -40.5, 9.09091E-02 
58.5, -40.5, 4.01575E-01 
67.5, -40.5, 5.62914E-01 
76.5, -40.5, 6.12795E-01 
85.5, -40.5, 6.23823E-01 
94.5, -40.5, 6.80297E-01 
103.5, -40.5, 7.07037E-01 
112.5, -40.5, 6.62320E-01 
121.5, -40.5, 4.95809E-01 
130.5, -40.5, 3.20366E-01 
139.5, -40.5, 2.07763E-01 
148.5, -40.5, 9.84848E-02 
157.5, -40.5, 6.06061E-02 
166.5, -40.5, 9.90099E-03 
175.5, -40.5, 0.00000E+00 
-175.5, -49.5, 0.00000E+00 
-166.5, -49.5, 0.00000E+00 
-157.5, -49.5, 0.00000E+00 
-148.5, -49.5, 0.00000E+00 
-139.5, -49.5, 0.00000E+00 
-130.5, -49.5, 0.00000E+00 
-121.5, -49.5, 0.00000E+00 
-112.5, -49.5, 0.00000E+00 
-103.5, -49.5, 0.00000E+00 
-94.5, -49.5, 4.43459E-04 
-85.5, -49.5, 1.55424E-03 
-76.5, -49.5, 6.23701E-03 
-67.5, -49.5, 5.32798E-02 
-58.5, -49.5, 1.11354E-01 
-49.5, -49.5, 1.83179E-01 
-40.5, -49.5, 2.26586E-01 
-31.5, -49.5, 2.45136E-01 
-22.5, -49.5, 3.33333E-01 
-13.5, -49.5, 0.00000E+00 
-4.5, -49.5, 0.00000E+00 
4.5, -49.5, 0.00000E+00 
13.5, -49.5, 0.00000E+00 
22.5, -49.5, 0.00000E+00 
31.5, -49.5, 0.00000E+00 
40.5, -49.5, 0.00000E+00 
49.5, -49.5, 0.00000E+00 
58.5, -49.5, 2.28346E-01 
67.5, -49.5, 5.96424E-01 
76.5, -49.5, 6.42405E-01 
85.5, -49.5, 5.70480E-01 
94.5, -49.5, 6.00656E-01 
103.5, -49.5, 5.88696E-01 
112.5, -49.5, 6.02941E-01 
121.5, -49.5, 4.64587E-01 
130.5, -49.5, 3.83838E-01 
139.5, -49.5, 1.58933E-01 
148.5, -49.5, 8.48586E-02 
157.5, -49.5, 5.95533E-02 
166.5, -49.5, 1.80723E-02 
175.5, -49.5, 3.57143E-02 
-175.5, -58.5, 0.00000E+00 
-166.5, -58.5, 0.00000E+00 
-157.5, -58.5, 0.00000E+00 
-148.5, -58.5, 0.00000E+00 
-139.5, -58.5, 0.00000E+00 
-130.5, -58.5, 0.00000E+00 
-121.5, -58.5, 0.00000E+00 
-112.5, -58.5, 0.00000E+00 
-103.5, -58.5, 0.00000E+00 
-94.5, -58.5, -1.61812E-03 
-85.5, -58.5, -4.32900E-03 
-76.5, -58.5, -8.68403E-03 
-67.5, -58.5, 2.89063E-02 
-58.5, -58.5, 5.32575E-02 
-49.5, -58.5, 1.14185E-01 
-40.5, -58.5, 2.12544E-01 
-31.5, -58.5, 1.90616E-01 
-22.5, -58.5, 1.62162E-01 
-13.5, -58.5, 0.00000E+00 
-4.5, -58.5, 0.00000E+00 
4.5, -58.5, 0.00000E+00 
13.5, -58.5, 0.00000E+00 
22.5, -58.5, 0.00000E+00 
31.5, -58.5, 0.00000E+00 
40.5, -58.5, 0.00000E+00 
49.5, -58.5, 5.00000E-01 
58.5, -58.5, 3.26531E-01 
67.5, -58.5, 4.33086E-01 
76.5, -58.5, 5.03640E-01 
85.5, -58.5, 5.69474E-01 
94.5, -58.5, 5.81593E-01 
103.5, -58.5, 5.91398E-01 
112.5, -58.5, 5.71938E-01 
121.5, -58.5, 4.35818E-01 
130.5, -58.5, 2.82660E-01 
139.5, -58.5, 1.91257E-01 
148.5, -58.5, 9.10405E-02 
157.5, -58.5, 5.35714E-02 
166.5, -58.5, 2.09205E-02 
175.5, -58.5, 0.00000E+00 
-175.5, -67.5, 0.00000E+00 
-166.5, -67.5, 0.00000E+00 
-157.5, -67.5, 0.00000E+00 
-148.5, -67.5, 0.00000E+00 
-139.5, -67.5, 0.00000E+00 
-130.5, -67.5, 0.00000E+00 
-121.5, -67.5, 0.00000E+00 
-112.5, -67.5, 0.00000E+00 
-103.5, -67.5, 0.00000E+00 
-94.5, -67.5, -7.16846E-03 
-85.5, -67.5, -1.47059E-02 
-76.5, -67.5, -2.93255E-03 
-67.5, -67.5, -1.06383E-02 
-58.5, -67.5, 5.63926E-02 
-49.5, -67.5, 1.15343E-01 
-40.5, -67.5, 1.84466E-01 
-31.5, -67.5, 2.56831E-01 
-22.5, -67.5, 1.09375E-01 
-13.5, -67.5, 7.69231E-02 
-4.5, -67.5, 0.00000E+00 
4.5, -67.5, 0.00000E+00 
13.5, -67.5, 0.00000E+00 
22.5, -67.5, 0.00000E+00 
31.5, -67.5, 0.00000E+00 
40.5, -67.5, 5.00000E-01 
49.5, -67.5, 3.00000E-01 
58.5, -67.5, 4.83607E-01 
67.5, -67.5, 4.20000E-01 
76.5, -67.5, 4.93627E-01 
85.5, -67.5, 5.05405E-01 
94.5, -67.5, 5.09789E-01 
103.5, -67.5, 5.56858E-01 
112.5, -67.5, 5.17333E-01 
121.5, -67.5, 4.24125E-01 
130.5, -67.5, 3.13218E-01 
139.5, -67.5, 1.84900E-01 
148.5, -67.5, 9.85915E-02 
157.5, -67.5, 6.75676E-02 
166.5, -67.5, 1.54440E-02 
175.5, -67.5, 0.00000E+00 
-175.5, -76.5, 0.00000E+00 
-166.5, -76.5, 0.00000E+00 
-157.5, -76.5, 0.00000E+00 
-148.5, -76.5, 0.00000E+00 
-139.5, -76.5, 0.00000E+00 
-130.5, -76.5, 0.00000E+00 
-121.5, -76.5, 0.00000E+00 
-112.5, -76.5, 0.00000E+00 
-103.5, -76.5, 0.00000E+00 
-94.5, -76.5, 0.00000E+00 
-85.5, -76.5, 9.70874E-03 
-76.5, -76.5, -4.93274E-02 
-67.5, -76.5, 6.11440E-02 
-58.5, -76.5, 9.18033E-02 
-49.5, -76.5, 2.05658E-01 
-40.5, -76.5, 2.52137E-01 
-31.5, -76.5, 2.56410E-01 
-22.5, -76.5, 2.03704E-01 
-13.5, -76.5, 1.05263E-01 
-4.5, -76.5, 0.00000E+00 
4.5, -76.5, 0.00000E+00 
13.5, -76.5, 0.00000E+00 
22.5, -76.5, 0.00000E+00 
31.5, -76.5, 0.00000E+00 
40.5, -76.5, 2.50000E-01 
49.5, -76.5, 3.75000E-01 
58.5, -76.5, 4.40860E-01 
67.5, -76.5, 4.35006E-01 
76.5, -76.5, 5.17241E-01 
85.5, -76.5, 5.30778E-01 
94.5, -76.5, 5.57522E-01 
103.5, -76.5, 6.18490E-01 
112.5, -76.5, 6.17211E-01 
121.5, -76.5, 4.35933E-01 
130.5, -76.5, 3.16891E-01 
139.5, -76.5, 2.23958E-01 
148.5, -76.5, 1.78752E-01 
157.5, -76.5, 1.19461E-01 
166.5, -76.5, 7.14286E-02 
175.5, -76.5, 3.79747E-02 
-175.5, -85.5, 7.40741E-02 
-166.5, -85.5, 0.00000E+00 
-157.5, -85.5, 0.00000E+00 
-148.5, -85.5, 0.00000E+00 
-139.5, -85.5, 0.00000E+00 
-130.5, -85.5, 0.00000E+00 
-121.5, -85.5, 0.00000E+00 
-112.5, -85.5, 0.00000E+00 
-103.5, -85.5, 0.00000E+00 
-94.5, -85.5, 0.00000E+00 
-85.5, -85.5, 1.78571E-02 
-76.5, -85.5, 6.57895E-03 
-67.5, -85.5, 6.80272E-02 
-58.5, -85.5, 1.38840E-01 
-49.5, -85.5, 2.13483E-01 
-40.5, -85.5, 4.05405E-01 
-31.5, -85.5, 1.48148E-01 
-22.5, -85.5, 1.49254E-01 
-13.5, -85.5, 4.76190E-02 
-4.5, -85.5, 1.25000E-01 
4.5, -85.5, 2.50000E-01 
13.5, -85.5, 0.00000E+00 
22.5, -85.5, 2.50000E-01 
31.5, -85.5, 1.66667E-01 
40.5, -85.5, 1.81818E-01 
49.5, -85.5, 4.90566E-01 
58.5, -85.5, 5.38462E-01 
67.5, -85.5, 5.66304E-01 
76.5, -85.5, 5.98952E-01 
85.5, -85.5, 6.13770E-01 
94.5, -85.5, 6.84577E-01 
103.5, -85.5, 7.42698E-01 
112.5, -85.5, 7.21446E-01 
121.5, -85.5, 5.38745E-01 
130.5, -85.5, 3.93678E-01 
139.5, -85.5, 3.90424E-01 
148.5, -85.5, 2.73486E-01 
157.5, -85.5, 2.57895E-01 
166.5, -85.5, 2.35294E-01 
175.5, -85.5, 6.94444E-02 
-175.5, -94.5, 0.00000E+00 
-166.5, -94.5, 5.71429E-02 
-157.5, -94.5, 0.00000E+00 
-148.5, -94.5, 0.00000E+00 
-139.5, -94.5, 0.00000E+00 
-130.5, -94.5, 0.00000E+00 
-121.5, -94.5, 0.00000E+00 
-112.5, -94.5, 0.00000E+00 
-103.5, -94.5, 0.00000E+00 
-94.5, -94.5, 1.88679E-02 
-85.5, -94.5, -4.91803E-02 
-76.5, -94.5, 5.17241E-02 
-67.5, -94.5, 1.25000E-01 
-58.5, -94.5, 2.03390E-01 
-49.5, -94.5, 2.74510E-01 
-40.5, -94.5, 2.75862E-01 
-31.5, -94.5, 2.79070E-01 
-22.5, -94.5, 1.14286E-01 
-13.5, -94.5, 7.69231E-02 
-4.5, -94.5, 2.50000E-01 
4.5, -94.5, 2.50000E-01 
13.5, -94.5, 4.00000E-01 
22.5, -94.5, 5.55556E-01 
31.5, -94.5, 4.70588E-01 
40.5, -94.5, 9.51220E-01 
49.5, -94.5, 8.97810E-01 
58.5, -94.5, 1.03186E+00 
67.5, -94.5, 9.61353E-01 
76.5, -94.5, 1.03807E+00 
85.5, -94.5, 1.05233E+00 
94.5, -94.5, 1.02372E+00 
103.5, -94.5, 7.40741E-01 
112.5, -94.5, 5.94188E-01 
121.5, -94.5, 4.27662E-01 
130.5, -94.5, 3.65782E-01 
139.5, -94.5, 4.39662E-01 
148.5, -94.5, 4.17375E-01 
157.5, -94.5, 4.86631E-01 
166.5, -94.5, 3.52041E-01 
175.5, -94.5, 2.70270E-01 
-175.5, -103.5, 1.66667E-01 
-166.5, -103.5, 0.00000E+00 
-157.5, -103.5, 0.00000E+00 
-148.5, -103.5, 0.00000E+00 
-139.5, -103.5, 0.00000E+00 
-130.5, -103.5, 0.00000E+00 
-121.5, -103.5, 0.00000E+00 
-112.5, -103.5, 0.00000E+00 
-103.5, -103.5, 0.00000E+00 
-94.5, -103.5, 0.00000E+00 
-85.5, -103.5, 6.06061E-03 
-76.5, -103.5, 6.41711E-02 
-67.5, -103.5, 1.26984E-01 
-58.5, -103.5, 1.93548E-01 
-49.5, -103.5, 5.00000E-01 
-40.5, -103.5, 3.84615E-01 
-31.5, -103.5, 0.00000E+00 
-22.5, -103.5, 2.00000E-01 
-13.5, -103.5, 0.00000E+00 
-4.5, -103.5, 6.66667E-01 
4.5, -103.5, 1.42857E-01 
13.5, -103.5, 5.00000E-01 
22.5, -103.5, 3.80952E-01 
31.5, -103.5, 7.52809E-01 
40.5, -103.5, 1.17204E+00 
49.5, -103.5, 1.31861E+00 
58.5, -103.5, 1.26313E+00 
67.5, -103.5, 1.21309E+00 
76.5, -103.5, 1.10075E+00 
85.5, -103.5, 9.60178E-01 
94.5, -103.5, 8.24040E-01 
103.5, -103.5, 7.14619E-01 
112.5, -103.5, 5.31486E-01 
121.5, -103.5, 3.70349E-01 
130.5, -103.5, 3.46759E-01 
139.5, -103.5, 4.31373E-01 
148.5, -103.5, 7.00077E-01 
157.5, -103.5, 5.51929E-01 
166.5, -103.5, 5.11111E-01 
175.5, -103.5, 3.81579E-01 
-175.5, -112.5, 2.36842E-01 
-166.5, -112.5, 0.00000E+00 
-157.5, -112.5, 0.00000E+00 
-148.5, -112.5, 0.00000E+00 
-139.5, -112.5, 0.00000E+00 
-130.5, -112.5, 0.00000E+00 
-121.5, -112.5, 0.00000E+00 
-112.5, -112.5, 0.00000E+00 
-103.5, -112.5, 0.00000E+00 
-94.5, -112.5, 8.65801E-03 
-85.5, -112.5, 1.21457E-02 
-76.5, -112.5, 7.00637E-02 
-67.5, -112.5, 1.77305E-01 
-58.5, -112.5, 1.84211E-01 
-49.5, -112.5, 8.00000E-01 
-40.5, -112.5, 3.33333E-01 
-31.5, -112.5, 0.00000E+00 
-22.5, -112.5, 0.00000E+00 
-13.5, -112.5, 0.00000E+00 
-4.5, -112.5, 0.00000E+00 
4.5, -112.5, 0.00000E+00 
13.5, -112.5, 4.16667E-01 
22.5, -112.5, 5.20000E-01 
31.5, -112.5, 9.45205E-01 
40.5, -112.5, 1.00513E+00 
49.5, -112.5, 1.43902E+00 
58.5, -112.5, 1.31860E+00 
67.5, -112.5, 1.09774E+00 
76.5, -112.5, 9.41230E-01 
85.5, -112.5, 7.99678E-01 
94.5, -112.5, 7.68319E-01 
103.5, -112.5, 6.10651E-01 
112.5, -112.5, 4.77085E-01 
121.5, -112.5, 3.45995E-01 
130.5, -112.5, 3.52182E-01 
139.5, -112.5, 4.16000E-01 
148.5, -112.5, 7.79277E-01 
157.5, -112.5, 7.95065E-01 
166.5, -112.5, 5.70431E-01 
175.5, -112.5, 4.76923E-01 
-175.5, -121.5, 7.29927E-02 
-166.5, -121.5, 0.00000E+00 
-157.5, -121.5, 0.00000E+00 
-148.5, -121.5, 0.00000E+00 
-139.5, -121.5, 0.00000E+00 
-130.5, -121.5, 0.00000E+00 
-121.5, -121.5, 0.00000E+00 
-112.5, -121.5, 0.00000E+00 
-103.5, -121.5, 0.00000E+00 
-94.5, -121.5, 0.00000E+00 
-85.5, -121.5, 2.52525E-02 
-76.5, -121.5, 9.64912E-02 
-67.5, -121.5, 1.17647E-01 
-58.5, -121.5, 1.70213E-01 
-49.5, -121.5, 2.85714E-01 
-40.5, -121.5, 0.00000E+00 
-31.5, -121.5, 0.00000E+00 
-22.5, -121.5, 0.00000E+00 
-13.5, -121.5, 0.00000E+00 
-4.5, -121.5, 0.00000E+00 
4.5, -121.5, 0.00000E+00 
13.5, -121.5, 0.00000E+00 
22.5, -121.5, 5.35714E-01 
31.5, -121.5, 5.37349E-01 
40.5, -121.5, 7.81921E-01 
49.5, -121.5, 1.03743E+00 
58.5, -121.5, 1.13787E+00 
67.5, -121.5, 9.25673E-01 
76.5, -121.5, 7.87508E-01 
85.5, -121.5, 7.25517E-01 
94.5, -121.5, 6.76818E-01 
103.5, -121.5, 5.75842E-01 
112.5, -121.5, 4.45169E-01 
121.5, -121.5, 3.33294E-01 
130.5, -121.5, 3.09198E-01 
139.5, -121.5, 3.59331E-01 
148.5, -121.5, 6.81123E-01 
157.5, -121.5, 6.36325E-01 
166.5, -121.5, 5.55311E-01 
175.5, -121.5, 3.61233E-01 
-175.5, -130.5, 6.84932E-02 
-166.5, -130.5, 6.77966E-03 
-157.5, -130.5, 0.00000E+00 
-148.5, -130.5, 0.00000E+00 
-139.5, -130.5, 0.00000E+00 
-130.5, -130.5, 0.00000E+00 
-121.5, -130.5, 0.00000E+00 
-112.5, -130.5, 4.32900E-03 
-103.5, -130.5, 0.00000E+00 
-94.5, -130.5, 0.00000E+00 
-85.5, -130.5, 1.03397E-02 
-76.5, -130.5, 1.81406E-02 
-67.5, -130.5, 8.69565E-02 
-58.5, -130.5, 1.90476E-01 
-49.5, -130.5, 5.00000E-01 
-40.5, -130.5, 0.00000E+00 
-31.5, -130.5, 0.00000E+00 
-22.5, -130.5, 0.00000E+00 
-13.5, -130.5, 0.00000E+00 
-4.5, -130.5, 0.00000E+00 
4.5, -130.5, 0.00000E+00 
13.5, -130.5, 5.00000E-01 
22.5, -130.5, 1.71429E-01 
31.5, -130.5, 3.82812E-01 
40.5, -130.5, 4.21852E-01 
49.5, -130.5, 5.82825E-01 
58.5, -130.5, 7.46734E-01 
67.5, -130.5, 8.28695E-01 
76.5, -130.5, 7.12584E-01 
85.5, -130.5, 6.78168E-01 
94.5, -130.5, 6.41984E-01 
103.5, -130.5, 5.37468E-01 
112.5, -130.5, 4.01043E-01 
121.5, -130.5, 2.99916E-01 
130.5, -130.5, 2.51320E-01 
139.5, -130.5, 2.90819E-01 
148.5, -130.5, 5.22059E-01 
157.5, -130.5, 5.02588E-01 
166.5, -130.5, 3.30789E-01 
175.5, -130.5, 2.42009E-01 
-175.5, -139.5, 3.69004E-02 
-166.5, -139.5, 0.00000E+00 
-157.5, -139.5, 0.00000E+00 
-148.5, -139.5, 0.00000E+00 
-139.5, -139.5, 0.00000E+00 
-130.5, -139.5, 0.00000E+00 
-121.5, -139.5, 0.00000E+00 
-112.5, -139.5, 0.00000E+00 
-103.5, -139.5, 0.00000E+00 
-94.5, -139.5, -5.96570E-03 
-85.5, -139.5, 7.26216E-04 
-76.5, -139.5, 7.23764E-03 
-67.5, -139.5, 4.41176E-02 
-58.5, -139.5, 5.00000E-02 
-49.5, -139.5, 0.00000E+00 
-40.5, -139.5, 0.00000E+00 
-31.5, -139.5, 0.00000E+00 
-22.5, -139.5, 0.00000E+00 
-13.5, -139.5, 0.00000E+00 
-4.5, -139.5, 0.00000E+00 
4.5, -139.5, 0.00000E+00 
13.5, -139.5, 0.00000E+00 
22.5, -139.5, 5.00000E-02 
31.5, -139.5, 1.35417E-01 
40.5, -139.5, 2.05524E-01 
49.5, -139.5, 3.05478E-01 
58.5, -139.5, 4.06453E-01 
67.5, -139.5, 5.86626E-01 
76.5, -139.5, 7.30369E-01 
85.5, -139.5, 7.15760E-01 
94.5, -139.5, 7.31991E-01 
103.5, -139.5, 5.54956E-01 
112.5, -139.5, 4.19454E-01 
121.5, -139.5, 2.87538E-01 
130.5, -139.5, 2.26733E-01 
139.5, -139.5, 2.21554E-01 
148.5, -139.5, 3.13923E-01 
157.5, -139.5, 2.34644E-01 
166.5, -139.5, 1.47621E-01 
175.5, -139.5, 8.68056E-02 
-175.5, -148.5, 1.25918E-02 
-166.5, -148.5, 0.00000E+00 
-157.5, -148.5, 0.00000E+00 
-148.5, -148.5, 0.00000E+00 
-139.5, -148.5, 0.00000E+00 
-130.5, -148.5, 0.00000E+00 
-121.5, -148.5, 0.00000E+00 
-112.5, -148.5, 0.00000E+00 
-103.5, -148.5, 0.00000E+00 
-94.5, -148.5, -2.16826E-03 
-85.5, -148.5, -7.57895E-03 
-76.5, -148.5, 4.22195E-03 
-67.5, -148.5, 1.23967E-02 
-58.5, -148.5, 8.33333E-02 
-49.5, -148.5, 2.00000E-01 
-40.5, -148.5, 0.00000E+00 
-31.5, -148.5, 0.00000E+00 
-22.5, -148.5, 0.00000E+00 
-13.5, -148.5, 0.00000E+00 
-4.5, -148.5, 0.00000E+00 
4.5, -148.5, 0.00000E+00 
13.5, -148.5, 0.00000E+00 
22.5, -148.5, 0.00000E+00 
31.5, -148.5, 8.88889E-02 
40.5, -148.5, 1.45897E-01 
49.5, -148.5, 1.79107E-01 
58.5, -148.5, 2.55668E-01 
67.5, -148.5, 3.69128E-01 
76.5, -148.5, 5.18215E-01 
85.5, -148.5, 6.66764E-01 
94.5, -148.5, 7.82978E-01 
103.5, -148.5, 7.07439E-01 
112.5, -148.5, 4.75530E-01 
121.5, -148.5, 3.10148E-01 
130.5, -148.5, 2.25705E-01 
139.5, -148.5, 1.84751E-01 
148.5, -148.5, 1.65777E-01 
157.5, -148.5, 1.10745E-01 
166.5, -148.5, 6.85472E-02 
175.5, -148.5, 2.76899E-02 
-175.5, -157.5, 5.46075E-03 
-166.5, -157.5, 1.43885E-03 
-157.5, -157.5, 0.00000E+00 
-148.5, -157.5, 0.00000E+00 
-139.5, -157.5, 0.00000E+00 
-130.5, -157.5, 0.00000E+00 
-121.5, -157.5, 0.00000E+00 
-112.5, -157.5, 0.00000E+00 
-103.5, -157.5, 0.00000E+00 
-94.5, -157.5, -8.95522E-04 
-85.5, -157.5, -1.52672E-03 
-76.5, -157.5, 1.33958E-03 
-67.5, -157.5, 7.68574E-03 
-58.5, -157.5, 1.13990E-01 
-49.5, -157.5, 0.00000E+00 
-40.5, -157.5, 0.00000E+00 
-31.5, -157.5, 0.00000E+00 
-22.5, -157.5, 0.00000E+00 
-13.5, -157.5, 0.00000E+00 
-4.5, -157.5, 0.00000E+00 
4.5, -157.5, 0.00000E+00 
13.5, -157.5, 0.00000E+00 
22.5, -157.5, 0.00000E+00 
31.5, -157.5, 4.34783E-02 
40.5, -157.5, 1.00575E-01 
49.5, -157.5, 1.33894E-01 
58.5, -157.5, 2.07800E-01 
67.5, -157.5, 2.97285E-01 
76.5, -157.5, 4.27594E-01 
85.5, -157.5, 5.41535E-01 
94.5, -157.5, 6.51437E-01 
103.5, -157.5, 6.96848E-01 
112.5, -157.5, 5.20772E-01 
121.5, -157.5, 3.28804E-01 
130.5, -157.5, 2.45043E-01 
139.5, -157.5, 1.60040E-01 
148.5, -157.5, 1.07217E-01 
157.5, -157.5, 9.28493E-02 
166.5, -157.5, 6.55245E-02 
175.5, -157.5, 4.47890E-02 
-175.5, -166.5, 6.66667E-03 
-166.5, -166.5, 0.00000E+00 
-157.5, -166.5, 0.00000E+00 
-148.5, -166.5, 0.00000E+00 
-139.5, -166.5, 0.00000E+00 
-130.5, -166.5, 0.00000E+00 
-121.5, -166.5, 0.00000E+00 
-112.5, -166.5, 0.00000E+00 
-103.5, -166.5, 0.00000E+00 
-94.5, -166.5, 0.00000E+00 
-85.5, -166.5, 5.32292E-04 
-76.5, -166.5, 1.93465E-03 
-67.5, -166.5, -9.05797E-04 
-58.5, -166.5, 4.65116E-03 
-49.5, -166.5, 1.02564E-01 
-40.5, -166.5, 1.00000E+00 
-31.5, -166.5, 0.00000E+00 
-22.5, -166.5, 0.00000E+00 
-13.5, -166.5, 0.00000E+00 
-4.5, -166.5, 0.00000E+00 
4.5, -166.5, 0.00000E+00 
13.5, -166.5, 0.00000E+00 
22.5, -166.5, 0.00000E+00 
31.5, -166.5, 0.00000E+00 
40.5, -166.5, 8.62069E-02 
49.5, -166.5, 1.76066E-01 
58.5, -166.5, 2.33038E-01 
67.5, -166.5, 2.84521E-01 
76.5, -166.5, 3.88861E-01 
85.5, -166.5, 4.43468E-01 
94.5, -166.5, 5.51663E-01 
103.5, -166.5, 6.15025E-01 
112.5, -166.5, 5.62372E-01 
121.5, -166.5, 3.26564E-01 
130.5, -166.5, 2.42396E-01 
139.5, -166.5, 1.47138E-01 
148.5, -166.5, 1.21895E-01 
157.5, -166.5, 1.15311E-01 
166.5, -166.5, 8.75681E-02 
175.5, -166.5, 5.52326E-02 
-175.5, -175.5, 2.46103E-03 
-166.5, -175.5, 0.00000E+00 
-157.5, -175.5, 0.00000E+00 
-148.5, -175.5, 0.00000E+00 
-139.5, -175.5, 0.00000E+00 
-130.5, -175.5, 0.00000E+00 
-121.5, -175.5, 0.00000E+00 
-112.5, -175.5, 0.00000E+00 
-103.5, -175.5, 0.00000E+00 
-94.5, -175.5, 0.00000E+00 
-85.5, -175.5, 0.00000E+00 
-76.5, -175.5, 2.06338E-03 
-67.5, -175.5, 6.88326E-03 
-58.5, -175.5, 1.60256E-02 
-49.5, -175.5, 6.25000E-02 
-40.5, -175.5, 0.00000E+00 
-31.5, -175.5, 0.00000E+00 
-22.5, -175.5, 0.00000E+00 
-13.5, -175.5, 0.00000E+00 
-4.5, -175.5, 0.00000E+00 
4.5, -175.5, 0.00000E+00 
13.5, -175.5, 0.00000E+00 
22.5, -175.5, 0.00000E+00 
31.5, -175.5, 0.00000E+00 
40.5, -175.5, 4.28571E-01 
49.5, -175.5, 2.13622E-01 
58.5, -175.5, 2.47344E-01 
67.5, -175.5, 2.49809E-01 
76.5, -175.5, 2.80330E-01 
85.5, -175.5, 3.12459E-01 
94.5, -175.5, 3.65360E-01 
103.5, -175.5, 5.08916E-01 
112.5, -175.5, 5.70485E-01 
121.5, -175.5, 4.22892E-01 
130.5, -175.5, 2.54448E-01 
139.5, -175.5, 1.91327E-01 
148.5, -175.5, 1.68819E-01 
157.5, -175.5, 1.86419E-01 
166.5, -175.5, 1.03614E-01 
175.5, -175.5, 2.66236E-02 
