x, y, probability density 
-175.5, 175.5, 2.42033E-03 
-166.5, 175.5, 0.00000E+00 
-157.5, 175.5, 0.00000E+00 
-148.5, 175.5, 0.00000E+00 
-139.5, 175.5, 0.00000E+00 
-130.5, 175.5, 0.00000E+00 
-121.5, 175.5, 0.00000E+00 
-112.5, 175.5, 0.00000E+00 
-103.5, 175.5, 0.00000E+00 
-94.5, 175.5, 3.64631E-04 
-85.5, 175.5, 5.27357E-04 
-76.5, 175.5, 1.77665E-03 
-67.5, 175.5, 1.01300E-02 
-58.5, 175.5, 2.42031E-02 
-49.5, 175.5, 1.54799E-02 
-40.5, 175.5, 2.85714E-01 
-31.5, 175.5, 0.00000E+00 
-22.5, 175.5, 0.00000E+00 
-13.5, 175.5, 0.00000E+00 
-4.5, 175.5, 0.00000E+00 
4.5, 175.5, 0.00000E+00 
13.5, 175.5, 0.00000E+00 
22.5, 175.5, 0.00000E+00 
31.5, 175.5, 0.00000E+00 
40.5, 175.5, 0.00000E+00 
49.5, 175.5, 5.20833E-02 
58.5, 175.5, 1.33547E-01 
67.5, 175.5, 1.48954E-01 
76.5, 175.5, 1.58732E-01 
85.5, 175.5, 1.75093E-01 
94.5, 175.5, 2.28145E-01 
103.5, 175.5, 3.72981E-01 
112.5, 175.5, 5.52145E-01 
121.5, 175.5, 7.70066E-01 
130.5, 175.5, 7.69837E-01 
139.5, 175.5, 6.88801E-01 
148.5, 175.5, 4.44298E-01 
157.5, 175.5, 2.93373E-01 
166.5, 175.5, 1.16306E-01 
175.5, 175.5, 2.74815E-02 
-175.5, 166.5, 0.00000E+00 
-166.5, 166.5, 0.00000E+00 
-157.5, 166.5, 0.00000E+00 
-148.5, 166.5, 0.00000E+00 
-139.5, 166.5, 0.00000E+00 
-130.5, 166.5, 0.00000E+00 
-121.5, 166.5, 0.00000E+00 
-112.5, 166.5, 0.00000E+00 
-103.5, 166.5, 0.00000E+00 
-94.5, 166.5, 1.48456E-04 
-85.5, 166.5, 6.13371E-04 
-76.5, 166.5, 2.10970E-03 
-67.5, 166.5, 4.35401E-03 
-58.5, 166.5, 7.86627E-03 
-49.5, 166.5, 9.62861E-03 
-40.5, 166.5, -8.62069E-03 
-31.5, 166.5, 0.00000E+00 
-22.5, 166.5, 0.00000E+00 
-13.5, 166.5, 0.00000E+00 
-4.5, 166.5, 0.00000E+00 
4.5, 166.5, 0.00000E+00 
13.5, 166.5, 0.00000E+00 
22.5, 166.5, 0.00000E+00 
31.5, 166.5, 0.00000E+00 
40.5, 166.5, 0.00000E+00 
49.5, 166.5, 0.00000E+00 
58.5, 166.5, 4.18605E-02 
67.5, 166.5, 5.57065E-02 
76.5, 166.5, 7.78160E-02 
85.5, 166.5, 9.70546E-02 
94.5, 166.5, 1.31503E-01 
103.5, 166.5, 2.27216E-01 
112.5, 166.5, 3.46477E-01 
121.5, 166.5, 4.58686E-01 
130.5, 166.5, 4.00783E-01 
139.5, 166.5, 2.75591E-01 
148.5, 166.5, 1.61519E-01 
157.5, 166.5, 9.09538E-02 
166.5, 166.5, 3.41630E-02 
175.5, 166.5, 9.52381E-03 
-175.5, 157.5, 0.00000E+00 
-166.5, 157.5, 0.00000E+00 
-157.5, 157.5, 0.00000E+00 
-148.5, 157.5, 0.00000E+00 
-139.5, 157.5, 0.00000E+00 
-130.5, 157.5, 0.00000E+00 
-121.5, 157.5, 0.00000E+00 
-112.5, 157.5, 0.00000E+00 
-103.5, 157.5, 0.00000E+00 
-94.5, 157.5, 0.00000E+00 
-85.5, 157.5, 3.00436E-04 
-76.5, 157.5, 1.79114E-03 
-67.5, 157.5, 3.89140E-03 
-58.5, 157.5, 6.81833E-03 
-49.5, 157.5, 4.78194E-03 
-40.5, 157.5, 5.74713E-03 
-31.5, 157.5, 0.00000E+00 
-22.5, 157.5, 0.00000E+00 
-13.5, 157.5, 0.00000E+00 
-4.5, 157.5, 0.00000E+00 
4.5, 157.5, 0.00000E+00 
13.5, 157.5, 0.00000E+00 
22.5, 157.5, 0.00000E+00 
31.5, 157.5, 0.00000E+00 
40.5, 157.5, 0.00000E+00 
49.5, 157.5, 3.84615E-02 
58.5, 157.5, 3.10881E-02 
67.5, 157.5, 3.58668E-02 
76.5, 157.5, 4.82251E-02 
85.5, 157.5, 6.81934E-02 
94.5, 157.5, 1.05075E-01 
103.5, 157.5, 1.79455E-01 
112.5, 157.5, 3.07215E-01 
121.5, 157.5, 4.07698E-01 
130.5, 157.5, 3.06223E-01 
139.5, 157.5, 2.04428E-01 
148.5, 157.5, 8.14448E-02 
157.5, 157.5, 4.33586E-02 
166.5, 157.5, 1.43885E-02 
175.5, 157.5, 3.41297E-03 
-175.5, 148.5, 0.00000E+00 
-166.5, 148.5, 0.00000E+00 
-157.5, 148.5, 0.00000E+00 
-148.5, 148.5, 0.00000E+00 
-139.5, 148.5, 0.00000E+00 
-130.5, 148.5, 0.00000E+00 
-121.5, 148.5, 0.00000E+00 
-112.5, 148.5, 0.00000E+00 
-103.5, 148.5, 0.00000E+00 
-94.5, 148.5, 1.06123E-04 
-85.5, 148.5, 2.18755E-04 
-76.5, 148.5, 1.92227E-03 
-67.5, 148.5, 4.67657E-03 
-58.5, 148.5, 6.02359E-03 
-49.5, 148.5, 1.03673E-02 
-40.5, 148.5, 7.59878E-03 
-31.5, 148.5, 2.22222E-02 
-22.5, 148.5, 0.00000E+00 
-13.5, 148.5, 0.00000E+00 
-4.5, 148.5, 0.00000E+00 
4.5, 148.5, 0.00000E+00 
13.5, 148.5, 0.00000E+00 
22.5, 148.5, 0.00000E+00 
31.5, 148.5, 0.00000E+00 
40.5, 148.5, 0.00000E+00 
49.5, 148.5, 0.00000E+00 
58.5, 148.5, 3.47222E-02 
67.5, 148.5, 4.75207E-02 
76.5, 148.5, 4.88540E-02 
85.5, 148.5, 9.72632E-02 
94.5, 148.5, 1.51778E-01 
103.5, 148.5, 2.78868E-01 
112.5, 148.5, 4.38043E-01 
121.5, 148.5, 5.68295E-01 
130.5, 148.5, 4.45757E-01 
139.5, 148.5, 2.21133E-01 
148.5, 148.5, 9.49153E-02 
157.5, 148.5, 3.18471E-02 
166.5, 148.5, 6.52174E-03 
175.5, 148.5, 2.09864E-03 
-175.5, 139.5, 0.00000E+00 
-166.5, 139.5, 0.00000E+00 
-157.5, 139.5, 0.00000E+00 
-148.5, 139.5, 0.00000E+00 
-139.5, 139.5, 0.00000E+00 
-130.5, 139.5, 0.00000E+00 
-121.5, 139.5, 0.00000E+00 
-112.5, 139.5, 0.00000E+00 
-103.5, 139.5, 0.00000E+00 
-94.5, 139.5, 8.79585E-05 
-85.5, 139.5, 8.09225E-04 
-76.5, 139.5, 2.50668E-03 
-67.5, 139.5, 7.23490E-03 
-58.5, 139.5, 1.24343E-02 
-49.5, 139.5, 1.46072E-02 
-40.5, 139.5, 2.07169E-02 
-31.5, 139.5, 2.86458E-02 
-22.5, 139.5, 0.00000E+00 
-13.5, 139.5, 0.00000E+00 
-4.5, 139.5, 0.00000E+00 
4.5, 139.5, 0.00000E+00 
13.5, 139.5, 0.00000E+00 
22.5, 139.5, 0.00000E+00 
31.5, 139.5, 0.00000E+00 
40.5, 139.5, 0.00000E+00 
49.5, 139.5, 0.00000E+00 
58.5, 139.5, 2.50000E-02 
67.5, 139.5, 6.25000E-02 
76.5, 139.5, 1.09771E-01 
85.5, 139.5, 1.83733E-01 
94.5, 139.5, 2.72931E-01 
103.5, 139.5, 4.73785E-01 
112.5, 139.5, 7.68742E-01 
121.5, 139.5, 8.82812E-01 
130.5, 139.5, 7.97639E-01 
139.5, 139.5, 4.01754E-01 
148.5, 139.5, 1.23656E-01 
157.5, 139.5, 3.33333E-02 
166.5, 139.5, 9.14077E-03 
175.5, 139.5, 1.84502E-03 
-175.5, 130.5, 0.00000E+00 
-166.5, 130.5, 0.00000E+00 
-157.5, 130.5, 0.00000E+00 
-148.5, 130.5, 0.00000E+00 
-139.5, 130.5, 0.00000E+00 
-130.5, 130.5, 0.00000E+00 
-121.5, 130.5, 0.00000E+00 
-112.5, 130.5, 0.00000E+00 
-103.5, 130.5, 0.00000E+00 
-94.5, 130.5, 0.00000E+00 
-85.5, 130.5, 2.64393E-04 
-76.5, 130.5, 2.37142E-03 
-67.5, 130.5, 9.07431E-03 
-58.5, 130.5, 2.26032E-02 
-49.5, 130.5, 2.86251E-02 
-40.5, 130.5, 3.94356E-02 
-31.5, 130.5, 6.83594E-02 
-22.5, 130.5, 4.28571E-02 
-13.5, 130.5, 0.00000E+00 
-4.5, 130.5, 0.00000E+00 
4.5, 130.5, 0.00000E+00 
13.5, 130.5, 0.00000E+00 
22.5, 130.5, 0.00000E+00 
31.5, 130.5, 0.00000E+00 
40.5, 130.5, 0.00000E+00 
49.5, 130.5, 0.00000E+00 
58.5, 130.5, 2.38095E-02 
67.5, 130.5, 1.15942E-01 
76.5, 130.5, 1.95011E-01 
85.5, 130.5, 3.53028E-01 
94.5, 130.5, 4.57286E-01 
103.5, 130.5, 1.04007E+00 
112.5, 130.5, 1.39394E+00 
121.5, 130.5, 1.55583E+00 
130.5, 130.5, 9.95392E-01 
139.5, 130.5, 5.79412E-01 
148.5, 130.5, 2.27848E-01 
157.5, 130.5, 5.03356E-02 
166.5, 130.5, 1.69492E-02 
175.5, 130.5, 0.00000E+00 
-175.5, 121.5, 0.00000E+00 
-166.5, 121.5, 0.00000E+00 
-157.5, 121.5, 0.00000E+00 
-148.5, 121.5, 0.00000E+00 
-139.5, 121.5, 0.00000E+00 
-130.5, 121.5, 0.00000E+00 
-121.5, 121.5, 0.00000E+00 
-112.5, 121.5, 0.00000E+00 
-103.5, 121.5, 0.00000E+00 
-94.5, 121.5, 1.13636E-04 
-85.5, 121.5, 0.00000E+00 
-76.5, 121.5, 3.05499E-03 
-67.5, 121.5, 6.83902E-03 
-58.5, 121.5, 2.23836E-02 
-49.5, 121.5, 5.14706E-02 
-40.5, 121.5, 6.77966E-02 
-31.5, 121.5, 6.50602E-02 
-22.5, 121.5, 1.07143E-01 
-13.5, 121.5, 0.00000E+00 
-4.5, 121.5, 0.00000E+00 
4.5, 121.5, 0.00000E+00 
13.5, 121.5, 0.00000E+00 
22.5, 121.5, 0.00000E+00 
31.5, 121.5, 0.00000E+00 
40.5, 121.5, 0.00000E+00 
49.5, 121.5, 0.00000E+00 
58.5, 121.5, 8.51064E-02 
67.5, 121.5, 1.51261E-01 
76.5, 121.5, 3.72807E-01 
85.5, 121.5, 5.50505E-01 
94.5, 121.5, 8.19951E-01 
103.5, 121.5, 1.56051E+00 
112.5, 121.5, 2.21901E+00 
121.5, 121.5, 1.65432E+00 
130.5, 121.5, 1.24832E+00 
139.5, 121.5, 1.00935E+00 
148.5, 121.5, 3.48958E-01 
157.5, 121.5, 8.02469E-02 
166.5, 121.5, 2.11268E-02 
175.5, 121.5, 1.45985E-02 
-175.5, 112.5, 0.00000E+00 
-166.5, 112.5, 0.00000E+00 
-157.5, 112.5, 0.00000E+00 
-148.5, 112.5, 0.00000E+00 
-139.5, 112.5, 0.00000E+00 
-130.5, 112.5, 0.00000E+00 
-121.5, 112.5, 0.00000E+00 
-112.5, 112.5, 0.00000E+00 
-103.5, 112.5, 0.00000E+00 
-94.5, 112.5, 0.00000E+00 
-85.5, 112.5, 6.71772E-04 
-76.5, 112.5, 7.98813E-04 
-67.5, 112.5, 1.00516E-02 
-58.5, 112.5, 2.45772E-02 
-49.5, 112.5, 4.55992E-02 
-40.5, 112.5, 8.07692E-02 
-31.5, 112.5, 1.09589E-01 
-22.5, 112.5, 1.00000E-01 
-13.5, 112.5, 0.00000E+00 
-4.5, 112.5, 0.00000E+00 
4.5, 112.5, 0.00000E+00 
13.5, 112.5, 0.00000E+00 
22.5, 112.5, 0.00000E+00 
31.5, 112.5, 0.00000E+00 
40.5, 112.5, 0.00000E+00 
49.5, 112.5, 0.00000E+00 
58.5, 112.5, 2.63158E-02 
67.5, 112.5, 1.27660E-01 
76.5, 112.5, 3.82166E-01 
85.5, 112.5, 5.91093E-01 
94.5, 112.5, 1.04762E+00 
103.5, 112.5, 1.62011E+00 
112.5, 112.5, 2.03889E+00 
121.5, 112.5, 2.44667E+00 
130.5, 112.5, 1.60714E+00 
139.5, 112.5, 7.80488E-01 
148.5, 112.5, 3.41270E-01 
157.5, 112.5, 3.29670E-02 
166.5, 112.5, 1.38889E-02 
175.5, 112.5, 0.00000E+00 
-175.5, 103.5, 0.00000E+00 
-166.5, 103.5, 0.00000E+00 
-157.5, 103.5, 0.00000E+00 
-148.5, 103.5, 0.00000E+00 
-139.5, 103.5, 0.00000E+00 
-130.5, 103.5, 0.00000E+00 
-121.5, 103.5, 0.00000E+00 
-112.5, 103.5, 0.00000E+00 
-103.5, 103.5, 0.00000E+00 
-94.5, 103.5, 0.00000E+00 
-85.5, 103.5, 7.42023E-04 
-76.5, 103.5, 1.32567E-03 
-67.5, 103.5, 6.71141E-03 
-58.5, 103.5, 1.66131E-02 
-49.5, 103.5, 4.55154E-02 
-40.5, 103.5, 6.09319E-02 
-31.5, 103.5, 6.74157E-02 
-22.5, 103.5, 9.52381E-02 
-13.5, 103.5, 1.87500E-01 
-4.5, 103.5, 0.00000E+00 
4.5, 103.5, 1.66667E-01 
13.5, 103.5, 0.00000E+00 
22.5, 103.5, 0.00000E+00 
31.5, 103.5, 0.00000E+00 
40.5, 103.5, 0.00000E+00 
49.5, 103.5, 2.27273E-02 
58.5, 103.5, 1.61290E-02 
67.5, 103.5, 1.11111E-01 
76.5, 103.5, 3.31551E-01 
85.5, 103.5, 6.06061E-01 
94.5, 103.5, 8.86792E-01 
103.5, 103.5, 1.85586E+00 
112.5, 103.5, 2.53535E+00 
121.5, 103.5, 3.02273E+00 
130.5, 103.5, 1.89423E+00 
139.5, 103.5, 1.30882E+00 
148.5, 103.5, 7.04918E-01 
157.5, 103.5, 1.34615E-01 
166.5, 103.5, 5.76923E-02 
175.5, 103.5, 0.00000E+00 
-175.5, 94.5, 0.00000E+00 
-166.5, 94.5, 0.00000E+00 
-157.5, 94.5, 0.00000E+00 
-148.5, 94.5, 0.00000E+00 
-139.5, 94.5, 0.00000E+00 
-130.5, 94.5, 0.00000E+00 
-121.5, 94.5, 0.00000E+00 
-112.5, 94.5, 0.00000E+00 
-103.5, 94.5, 0.00000E+00 
-94.5, 94.5, 0.00000E+00 
-85.5, 94.5, 0.00000E+00 
-76.5, 94.5, 2.56223E-03 
-67.5, 94.5, 1.11111E-02 
-58.5, 94.5, 3.18627E-02 
-49.5, 94.5, 2.55474E-02 
-40.5, 94.5, 4.87805E-02 
-31.5, 94.5, 8.82353E-02 
-22.5, 94.5, 1.66667E-01 
-13.5, 94.5, 0.00000E+00 
-4.5, 94.5, 1.25000E-01 
4.5, 94.5, 0.00000E+00 
13.5, 94.5, 0.00000E+00 
22.5, 94.5, 0.00000E+00 
31.5, 94.5, 0.00000E+00 
40.5, 94.5, 1.72414E-02 
49.5, 94.5, 2.94118E-02 
58.5, 94.5, 5.50847E-02 
67.5, 94.5, 1.25000E-01 
76.5, 94.5, 2.84483E-01 
85.5, 94.5, 8.60656E-01 
94.5, 94.5, 1.37736E+00 
103.5, 94.5, 1.60000E+00 
112.5, 94.5, 2.68056E+00 
121.5, 94.5, 2.05814E+00 
130.5, 94.5, 2.23611E+00 
139.5, 94.5, 1.36364E+00 
148.5, 94.5, 6.48148E-01 
157.5, 94.5, 2.04545E-01 
166.5, 94.5, 8.57143E-02 
175.5, 94.5, 0.00000E+00 
-175.5, 85.5, 0.00000E+00 
-166.5, 85.5, 0.00000E+00 
-157.5, 85.5, 0.00000E+00 
-148.5, 85.5, 0.00000E+00 
-139.5, 85.5, 0.00000E+00 
-130.5, 85.5, 0.00000E+00 
-121.5, 85.5, 0.00000E+00 
-112.5, 85.5, 0.00000E+00 
-103.5, 85.5, 0.00000E+00 
-94.5, 85.5, 4.97512E-04 
-85.5, 85.5, 0.00000E+00 
-76.5, 85.5, -9.82962E-04 
-67.5, 85.5, 9.78261E-03 
-58.5, 85.5, 1.64835E-02 
-49.5, 85.5, 6.60377E-02 
-40.5, 85.5, 2.27273E-02 
-31.5, 85.5, 1.66667E-01 
-22.5, 85.5, 0.00000E+00 
-13.5, 85.5, 0.00000E+00 
-4.5, 85.5, 0.00000E+00 
4.5, 85.5, 0.00000E+00 
13.5, 85.5, 0.00000E+00 
22.5, 85.5, 2.98507E-02 
31.5, 85.5, 1.23457E-02 
40.5, 85.5, 4.05405E-02 
49.5, 85.5, 2.52809E-02 
58.5, 85.5, 4.21793E-02 
67.5, 85.5, 1.03741E-01 
76.5, 85.5, 3.28947E-01 
85.5, 85.5, 1.12500E+00 
94.5, 85.5, 1.33607E+00 
103.5, 85.5, 1.40909E+00 
112.5, 85.5, 2.25490E+00 
121.5, 85.5, 2.35714E+00 
130.5, 85.5, 1.94872E+00 
139.5, 85.5, 1.45588E+00 
148.5, 85.5, 4.84375E-01 
157.5, 85.5, 4.70588E-01 
166.5, 85.5, 2.75862E-01 
175.5, 85.5, 0.00000E+00 
-175.5, 76.5, 0.00000E+00 
-166.5, 76.5, 0.00000E+00 
-157.5, 76.5, 0.00000E+00 
-148.5, 76.5, 0.00000E+00 
-139.5, 76.5, 0.00000E+00 
-130.5, 76.5, 0.00000E+00 
-121.5, 76.5, 0.00000E+00 
-112.5, 76.5, 0.00000E+00 
-103.5, 76.5, 0.00000E+00 
-94.5, 76.5, 4.42478E-04 
-85.5, 76.5, 8.71080E-04 
-76.5, 76.5, 1.56740E-03 
-67.5, 76.5, 2.38095E-02 
-58.5, 76.5, 6.18280E-02 
-49.5, 76.5, 2.29167E-01 
-40.5, 76.5, 2.50000E-01 
-31.5, 76.5, 0.00000E+00 
-22.5, 76.5, 5.00000E-01 
-13.5, 76.5, 0.00000E+00 
-4.5, 76.5, 2.50000E-01 
4.5, 76.5, 0.00000E+00 
13.5, 76.5, 0.00000E+00 
22.5, 76.5, 9.25926E-03 
31.5, 76.5, 5.98291E-02 
40.5, 76.5, 3.41880E-02 
49.5, 76.5, 5.87595E-02 
58.5, 76.5, 1.07377E-01 
67.5, 76.5, 2.06114E-01 
76.5, 76.5, 5.94170E-01 
85.5, 76.5, 1.45631E+00 
94.5, 76.5, 1.25225E+00 
103.5, 76.5, 1.75263E+00 
112.5, 76.5, 1.60204E+00 
121.5, 76.5, 2.15714E+00 
130.5, 76.5, 1.94545E+00 
139.5, 76.5, 1.28431E+00 
148.5, 76.5, 5.46296E-01 
157.5, 76.5, 7.75862E-01 
166.5, 76.5, 4.66667E-01 
175.5, 76.5, 6.25000E-02 
-175.5, 67.5, 8.06452E-03 
-166.5, 67.5, 0.00000E+00 
-157.5, 67.5, 0.00000E+00 
-148.5, 67.5, 0.00000E+00 
-139.5, 67.5, 0.00000E+00 
-130.5, 67.5, 0.00000E+00 
-121.5, 67.5, 0.00000E+00 
-112.5, 67.5, 0.00000E+00 
-103.5, 67.5, 0.00000E+00 
-94.5, 67.5, 0.00000E+00 
-85.5, 67.5, 4.05405E-03 
-76.5, 67.5, 1.44844E-02 
-67.5, 67.5, 4.69231E-02 
-58.5, 67.5, 1.06557E-01 
-49.5, 67.5, 4.00000E-01 
-40.5, 67.5, 2.50000E-01 
-31.5, 67.5, 0.00000E+00 
-22.5, 67.5, 0.00000E+00 
-13.5, 67.5, 0.00000E+00 
-4.5, 67.5, 0.00000E+00 
4.5, 67.5, 0.00000E+00 
13.5, 67.5, 3.84615E-02 
22.5, 67.5, 6.25000E-02 
31.5, 67.5, 6.83060E-02 
40.5, 67.5, 9.51456E-02 
49.5, 67.5, 1.30033E-01 
58.5, 67.5, 2.22557E-01 
67.5, 67.5, 4.32033E-01 
76.5, 67.5, 1.35337E+00 
85.5, 67.5, 1.42096E+00 
94.5, 67.5, 1.31541E+00 
103.5, 67.5, 1.52432E+00 
112.5, 67.5, 1.54696E+00 
121.5, 67.5, 1.54196E+00 
130.5, 67.5, 1.69626E+00 
139.5, 67.5, 1.48630E+00 
148.5, 67.5, 8.73134E-01 
157.5, 67.5, 8.21429E-01 
166.5, 67.5, 7.27273E-01 
175.5, 67.5, 9.37500E-02 
-175.5, 58.5, 9.25926E-03 
-166.5, 58.5, 0.00000E+00 
-157.5, 58.5, 0.00000E+00 
-148.5, 58.5, 0.00000E+00 
-139.5, 58.5, 0.00000E+00 
-130.5, 58.5, 0.00000E+00 
-121.5, 58.5, 0.00000E+00 
-112.5, 58.5, 0.00000E+00 
-103.5, 58.5, 0.00000E+00 
-94.5, 58.5, 3.53982E-04 
-85.5, 58.5, 1.31579E-03 
-76.5, 58.5, 2.08471E-02 
-67.5, 58.5, 1.02230E-01 
-58.5, 58.5, 2.24490E-01 
-49.5, 58.5, 5.62500E-01 
-40.5, 58.5, 3.33333E-01 
-31.5, 58.5, 0.00000E+00 
-22.5, 58.5, 0.00000E+00 
-13.5, 58.5, 0.00000E+00 
-4.5, 58.5, 0.00000E+00 
4.5, 58.5, 0.00000E+00 
13.5, 58.5, 0.00000E+00 
22.5, 58.5, 2.02703E-01 
31.5, 58.5, 2.55132E-01 
40.5, 58.5, 2.15331E-01 
49.5, 58.5, 2.99453E-01 
58.5, 58.5, 4.89659E-01 
67.5, 58.5, 1.02227E+00 
76.5, 58.5, 1.71677E+00 
85.5, 58.5, 1.44300E+00 
94.5, 58.5, 1.22249E+00 
103.5, 58.5, 1.29621E+00 
112.5, 58.5, 1.11765E+00 
121.5, 58.5, 1.13671E+00 
130.5, 58.5, 1.28824E+00 
139.5, 58.5, 1.34197E+00 
148.5, 58.5, 9.13043E-01 
157.5, 58.5, 8.30000E-01 
166.5, 58.5, 4.31034E-01 
175.5, 58.5, 1.94444E-01 
-175.5, 49.5, 0.00000E+00 
-166.5, 49.5, 0.00000E+00 
-157.5, 49.5, 0.00000E+00 
-148.5, 49.5, 0.00000E+00 
-139.5, 49.5, 0.00000E+00 
-130.5, 49.5, 0.00000E+00 
-121.5, 49.5, 0.00000E+00 
-112.5, 49.5, 0.00000E+00 
-103.5, 49.5, 0.00000E+00 
-94.5, 49.5, 6.55738E-04 
-85.5, 49.5, 1.27681E-03 
-76.5, 49.5, 1.26582E-02 
-67.5, 49.5, 1.34100E-01 
-58.5, 49.5, 3.70079E-01 
-49.5, 49.5, 2.00000E-01 
-40.5, 49.5, 1.00000E+00 
-31.5, 49.5, 0.00000E+00 
-22.5, 49.5, 0.00000E+00 
-13.5, 49.5, 0.00000E+00 
-4.5, 49.5, 0.00000E+00 
4.5, 49.5, 0.00000E+00 
13.5, 49.5, 0.00000E+00 
22.5, 49.5, 1.66667E-01 
31.5, 49.5, 2.25681E-01 
40.5, 49.5, 3.11934E-01 
49.5, 49.5, 4.63622E-01 
58.5, 49.5, 7.52324E-01 
67.5, 49.5, 1.48139E+00 
76.5, 49.5, 1.35343E+00 
85.5, 49.5, 1.20143E+00 
94.5, 49.5, 1.16497E+00 
103.5, 49.5, 1.15371E+00 
112.5, 49.5, 9.44330E-01 
121.5, 49.5, 9.59315E-01 
130.5, 49.5, 1.08175E+00 
139.5, 49.5, 1.33810E+00 
148.5, 49.5, 9.09836E-01 
157.5, 49.5, 7.12500E-01 
166.5, 49.5, 3.68421E-01 
175.5, 49.5, 1.25000E-01 
-175.5, 40.5, 0.00000E+00 
-166.5, 40.5, 0.00000E+00 
-157.5, 40.5, 0.00000E+00 
-148.5, 40.5, 0.00000E+00 
-139.5, 40.5, 0.00000E+00 
-130.5, 40.5, 0.00000E+00 
-121.5, 40.5, 0.00000E+00 
-112.5, 40.5, 0.00000E+00 
-103.5, 40.5, 3.38295E-04 
-94.5, 40.5, 6.19579E-04 
-85.5, 40.5, -5.54017E-04 
-76.5, 40.5, 9.25926E-03 
-67.5, 40.5, 1.07285E-01 
-58.5, 40.5, 2.44094E-01 
-49.5, 40.5, 5.00000E-01 
-40.5, 40.5, 3.33333E-01 
-31.5, 40.5, 0.00000E+00 
-22.5, 40.5, 0.00000E+00 
-13.5, 40.5, 0.00000E+00 
-4.5, 40.5, 0.00000E+00 
4.5, 40.5, 0.00000E+00 
13.5, 40.5, 0.00000E+00 
22.5, 40.5, 3.33333E-01 
31.5, 40.5, 1.89474E-01 
40.5, 40.5, 2.86895E-01 
49.5, 40.5, 4.44858E-01 
58.5, 40.5, 7.97501E-01 
67.5, 40.5, 1.01504E+00 
76.5, 40.5, 9.31728E-01 
85.5, 40.5, 8.81730E-01 
94.5, 40.5, 8.87994E-01 
103.5, 40.5, 9.81659E-01 
112.5, 40.5, 8.18906E-01 
121.5, 40.5, 7.86254E-01 
130.5, 40.5, 8.32822E-01 
139.5, 40.5, 8.23529E-01 
148.5, 40.5, 7.09677E-01 
157.5, 40.5, 5.89286E-01 
166.5, 40.5, 7.50000E-01 
175.5, 40.5, 7.40741E-02 
-175.5, 31.5, 0.00000E+00 
-166.5, 31.5, 0.00000E+00 
-157.5, 31.5, 0.00000E+00 
-148.5, 31.5, 0.00000E+00 
-139.5, 31.5, 0.00000E+00 
-130.5, 31.5, 0.00000E+00 
-121.5, 31.5, 0.00000E+00 
-112.5, 31.5, 0.00000E+00 
-103.5, 31.5, 0.00000E+00 
-94.5, 31.5, -2.62192E-04 
-85.5, 31.5, -2.80426E-03 
-76.5, 31.5, -4.18060E-03 
-67.5, 31.5, 8.73656E-02 
-58.5, 31.5, 1.77515E-01 
-49.5, 31.5, 4.76190E-01 
-40.5, 31.5, 0.00000E+00 
-31.5, 31.5, 0.00000E+00 
-22.5, 31.5, 0.00000E+00 
-13.5, 31.5, 0.00000E+00 
-4.5, 31.5, 0.00000E+00 
4.5, 31.5, 0.00000E+00 
13.5, 31.5, 0.00000E+00 
22.5, 31.5, 5.00000E-01 
31.5, 31.5, -1.66667E-01 
40.5, 31.5, 2.32628E-01 
49.5, 31.5, 3.74172E-01 
58.5, 31.5, 5.38732E-01 
67.5, 31.5, 6.51837E-01 
76.5, 31.5, 6.41576E-01 
85.5, 31.5, 5.95356E-01 
94.5, 31.5, 6.18134E-01 
103.5, 31.5, 7.61830E-01 
112.5, 31.5, 7.97503E-01 
121.5, 31.5, 7.76496E-01 
130.5, 31.5, 8.96755E-01 
139.5, 31.5, 7.91096E-01 
148.5, 31.5, 5.59701E-01 
157.5, 31.5, 3.46154E-01 
166.5, 31.5, 2.08333E-01 
175.5, 31.5, 7.14286E-02 
-175.5, 22.5, 0.00000E+00 
-166.5, 22.5, 0.00000E+00 
-157.5, 22.5, 0.00000E+00 
-148.5, 22.5, 0.00000E+00 
-139.5, 22.5, 0.00000E+00 
-130.5, 22.5, 0.00000E+00 
-121.5, 22.5, 0.00000E+00 
-112.5, 22.5, 0.00000E+00 
-103.5, 22.5, 0.00000E+00 
-94.5, 22.5, -1.93573E-04 
-85.5, 22.5, -1.57587E-03 
-76.5, 22.5, -2.55102E-03 
-67.5, 22.5, -3.16122E-03 
-58.5, 22.5, 6.74157E-02 
-49.5, 22.5, 1.50000E-01 
-40.5, 22.5, 0.00000E+00 
-31.5, 22.5, 0.00000E+00 
-22.5, 22.5, 0.00000E+00 
-13.5, 22.5, 0.00000E+00 
-4.5, 22.5, 0.00000E+00 
4.5, 22.5, 0.00000E+00 
13.5, 22.5, 0.00000E+00 
22.5, 22.5, 0.00000E+00 
31.5, 22.5, 0.00000E+00 
40.5, 22.5, 2.27273E-02 
49.5, 22.5, 1.89753E-01 
58.5, 22.5, 3.98056E-01 
67.5, 22.5, 4.30498E-01 
76.5, 22.5, 4.35353E-01 
85.5, 22.5, 4.14424E-01 
94.5, 22.5, 4.59856E-01 
103.5, 22.5, 5.76465E-01 
112.5, 22.5, 7.72977E-01 
121.5, 22.5, 7.88243E-01 
130.5, 22.5, 8.11671E-01 
139.5, 22.5, 6.11111E-01 
148.5, 22.5, 5.59701E-01 
157.5, 22.5, 3.40000E-01 
166.5, 22.5, 3.00000E-01 
175.5, 22.5, 0.00000E+00 
-175.5, 13.5, 0.00000E+00 
-166.5, 13.5, 0.00000E+00 
-157.5, 13.5, 0.00000E+00 
-148.5, 13.5, 0.00000E+00 
-139.5, 13.5, 0.00000E+00 
-130.5, 13.5, 0.00000E+00 
-121.5, 13.5, 0.00000E+00 
-112.5, 13.5, 1.69090E-04 
-103.5, 13.5, 0.00000E+00 
-94.5, 13.5, -5.90755E-04 
-85.5, 13.5, -2.43546E-03 
-76.5, 13.5, 6.98627E-03 
-67.5, 13.5, 4.15140E-02 
-58.5, 13.5, 3.55731E-02 
-49.5, 13.5, 2.40000E-01 
-40.5, 13.5, 1.66667E-01 
-31.5, 13.5, 0.00000E+00 
-22.5, 13.5, 0.00000E+00 
-13.5, 13.5, 0.00000E+00 
-4.5, 13.5, 0.00000E+00 
4.5, 13.5, 0.00000E+00 
13.5, 13.5, 0.00000E+00 
22.5, 13.5, 0.00000E+00 
31.5, 13.5, 0.00000E+00 
40.5, 13.5, 1.42857E-01 
49.5, 13.5, 1.38158E-01 
58.5, 13.5, 3.04108E-01 
67.5, 13.5, 3.05593E-01 
76.5, 13.5, 3.21301E-01 
85.5, 13.5, 3.38108E-01 
94.5, 13.5, 3.75531E-01 
103.5, 13.5, 5.01206E-01 
112.5, 13.5, 7.83615E-01 
121.5, 13.5, 8.27406E-01 
130.5, 13.5, 8.30426E-01 
139.5, 13.5, 6.42562E-01 
148.5, 13.5, 5.20619E-01 
157.5, 13.5, 4.58333E-01 
166.5, 13.5, 5.00000E-01 
175.5, 13.5, 0.00000E+00 
-175.5, 4.5, 0.00000E+00 
-166.5, 4.5, 0.00000E+00 
-157.5, 4.5, 0.00000E+00 
-148.5, 4.5, 0.00000E+00 
-139.5, 4.5, 0.00000E+00 
-130.5, 4.5, 0.00000E+00 
-121.5, 4.5, 0.00000E+00 
-112.5, 4.5, 0.00000E+00 
-103.5, 4.5, 0.00000E+00 
-94.5, 4.5, 1.14811E-04 
-85.5, 4.5, 1.70261E-03 
-76.5, 4.5, 1.65140E-02 
-67.5, 4.5, 4.65116E-02 
-58.5, 4.5, 1.28972E-01 
-49.5, 4.5, -2.22222E-02 
-40.5, 4.5, 8.33333E-02 
-31.5, 4.5, 0.00000E+00 
-22.5, 4.5, 0.00000E+00 
-13.5, 4.5, 0.00000E+00 
-4.5, 4.5, 0.00000E+00 
4.5, 4.5, 0.00000E+00 
13.5, 4.5, 0.00000E+00 
22.5, 4.5, 0.00000E+00 
31.5, 4.5, 0.00000E+00 
40.5, 4.5, 1.66667E-01 
49.5, 4.5, 1.19266E-01 
58.5, 4.5, 2.55937E-01 
67.5, 4.5, 2.85379E-01 
76.5, 4.5, 2.91251E-01 
85.5, 4.5, 3.20121E-01 
94.5, 4.5, 3.75438E-01 
103.5, 4.5, 5.02473E-01 
112.5, 4.5, 6.78879E-01 
121.5, 4.5, 9.08689E-01 
130.5, 4.5, 9.78113E-01 
139.5, 4.5, 8.26019E-01 
148.5, 4.5, 5.94828E-01 
157.5, 4.5, 2.84091E-01 
166.5, 4.5, 2.00000E-01 
175.5, 4.5, 1.25000E-01 
-175.5, -4.5, 0.00000E+00 
-166.5, -4.5, 0.00000E+00 
-157.5, -4.5, 0.00000E+00 
-148.5, -4.5, 0.00000E+00 
-139.5, -4.5, 0.00000E+00 
-130.5, -4.5, 0.00000E+00 
-121.5, -4.5, 0.00000E+00 
-112.5, -4.5, 0.00000E+00 
-103.5, -4.5, 1.37363E-04 
-94.5, -4.5, 2.05888E-04 
-85.5, -4.5, 3.56197E-03 
-76.5, -4.5, 1.94309E-02 
-67.5, -4.5, 6.82012E-02 
-58.5, -4.5, 1.30167E-01 
-49.5, -4.5, 1.92661E-01 
-40.5, -4.5, 5.00000E-01 
-31.5, -4.5, 5.00000E-01 
-22.5, -4.5, 0.00000E+00 
-13.5, -4.5, 0.00000E+00 
-4.5, -4.5, 0.00000E+00 
4.5, -4.5, 0.00000E+00 
13.5, -4.5, 0.00000E+00 
22.5, -4.5, 0.00000E+00 
31.5, -4.5, 0.00000E+00 
40.5, -4.5, 0.00000E+00 
49.5, -4.5, -8.88889E-02 
58.5, -4.5, 1.94393E-01 
67.5, -4.5, 2.63935E-01 
76.5, -4.5, 2.96652E-01 
85.5, -4.5, 3.22361E-01 
94.5, -4.5, 3.72905E-01 
103.5, -4.5, 5.09946E-01 
112.5, -4.5, 6.72576E-01 
121.5, -4.5, 8.95068E-01 
130.5, -4.5, 9.65025E-01 
139.5, -4.5, 7.48106E-01 
148.5, -4.5, 4.33460E-01 
157.5, -4.5, 3.91892E-01 
166.5, -4.5, 1.47059E-01 
175.5, -4.5, 2.00000E-01 
-175.5, -13.5, 0.00000E+00 
-166.5, -13.5, 0.00000E+00 
-157.5, -13.5, 0.00000E+00 
-148.5, -13.5, 0.00000E+00 
-139.5, -13.5, 0.00000E+00 
-130.5, -13.5, 0.00000E+00 
-121.5, -13.5, 0.00000E+00 
-112.5, -13.5, 0.00000E+00 
-103.5, -13.5, 1.72236E-04 
-94.5, -13.5, 6.37213E-04 
-85.5, -13.5, 3.53863E-03 
-76.5, -13.5, 1.84714E-02 
-67.5, -13.5, 6.10646E-02 
-58.5, -13.5, 1.61372E-01 
-49.5, -13.5, 3.02632E-01 
-40.5, -13.5, 2.85714E-01 
-31.5, -13.5, 1.00000E+00 
-22.5, -13.5, 0.00000E+00 
-13.5, -13.5, 0.00000E+00 
-4.5, -13.5, 0.00000E+00 
4.5, -13.5, 0.00000E+00 
13.5, -13.5, 0.00000E+00 
22.5, -13.5, 0.00000E+00 
31.5, -13.5, 0.00000E+00 
40.5, -13.5, 1.66667E-01 
49.5, -13.5, 8.00000E-02 
58.5, -13.5, 8.30040E-02 
67.5, -13.5, 2.35653E-01 
76.5, -13.5, 2.75114E-01 
85.5, -13.5, 3.24241E-01 
94.5, -13.5, 3.74095E-01 
103.5, -13.5, 4.72011E-01 
112.5, -13.5, 6.41867E-01 
121.5, -13.5, 7.70806E-01 
130.5, -13.5, 8.84477E-01 
139.5, -13.5, 6.69823E-01 
148.5, -13.5, 4.10428E-01 
157.5, -13.5, 2.56637E-01 
166.5, -13.5, 2.94118E-01 
175.5, -13.5, 1.11111E-01 
-175.5, -22.5, 0.00000E+00 
-166.5, -22.5, 0.00000E+00 
-157.5, -22.5, 0.00000E+00 
-148.5, -22.5, 0.00000E+00 
-139.5, -22.5, 0.00000E+00 
-130.5, -22.5, 0.00000E+00 
-121.5, -22.5, 0.00000E+00 
-112.5, -22.5, 0.00000E+00 
-103.5, -22.5, 0.00000E+00 
-94.5, -22.5, 2.66738E-04 
-85.5, -22.5, 4.54799E-03 
-76.5, -22.5, 1.60166E-02 
-67.5, -22.5, 5.56447E-02 
-58.5, -22.5, 1.43621E-01 
-49.5, -22.5, 1.73624E-01 
-40.5, -22.5, 3.29545E-01 
-31.5, -22.5, 1.25000E-01 
-22.5, -22.5, 0.00000E+00 
-13.5, -22.5, 0.00000E+00 
-4.5, -22.5, 0.00000E+00 
4.5, -22.5, 0.00000E+00 
13.5, -22.5, 0.00000E+00 
22.5, -22.5, 0.00000E+00 
31.5, -22.5, 0.00000E+00 
40.5, -22.5, 0.00000E+00 
49.5, -22.5, 2.50000E-02 
58.5, -22.5, 7.86517E-02 
67.5, -22.5, 1.53846E-01 
76.5, -22.5, 2.44534E-01 
85.5, -22.5, 2.93111E-01 
94.5, -22.5, 3.24429E-01 
103.5, -22.5, 4.24289E-01 
112.5, -22.5, 5.42676E-01 
121.5, -22.5, 6.91603E-01 
130.5, -22.5, 7.45252E-01 
139.5, -22.5, 5.36984E-01 
148.5, -22.5, 3.37598E-01 
157.5, -22.5, 1.86893E-01 
166.5, -22.5, 2.34375E-01 
175.5, -22.5, 0.00000E+00 
-175.5, -31.5, 0.00000E+00 
-166.5, -31.5, 0.00000E+00 
-157.5, -31.5, 0.00000E+00 
-148.5, -31.5, 0.00000E+00 
-139.5, -31.5, 0.00000E+00 
-130.5, -31.5, 0.00000E+00 
-121.5, -31.5, 0.00000E+00 
-112.5, -31.5, 0.00000E+00 
-103.5, -31.5, 3.15457E-04 
-94.5, -31.5, 3.52113E-04 
-85.5, -31.5, 2.90241E-03 
-76.5, -31.5, 1.52896E-02 
-67.5, -31.5, 5.26651E-02 
-58.5, -31.5, 1.23072E-01 
-49.5, -31.5, 1.54683E-01 
-40.5, -31.5, 2.68882E-01 
-31.5, -31.5, 1.11111E-01 
-22.5, -31.5, 0.00000E+00 
-13.5, -31.5, 0.00000E+00 
-4.5, -31.5, 0.00000E+00 
4.5, -31.5, 0.00000E+00 
13.5, -31.5, 0.00000E+00 
22.5, -31.5, 0.00000E+00 
31.5, -31.5, 0.00000E+00 
40.5, -31.5, 0.00000E+00 
49.5, -31.5, 4.76190E-02 
58.5, -31.5, 6.50888E-02 
67.5, -31.5, 2.05645E-01 
76.5, -31.5, 2.29515E-01 
85.5, -31.5, 2.73976E-01 
94.5, -31.5, 2.86314E-01 
103.5, -31.5, 3.61917E-01 
112.5, -31.5, 4.89510E-01 
121.5, -31.5, 5.61929E-01 
130.5, -31.5, 7.15237E-01 
139.5, -31.5, 5.20263E-01 
148.5, -31.5, 2.71586E-01 
157.5, -31.5, 1.72348E-01 
166.5, -31.5, 1.05263E-01 
175.5, -31.5, 4.00000E-02 
-175.5, -40.5, 0.00000E+00 
-166.5, -40.5, 0.00000E+00 
-157.5, -40.5, 0.00000E+00 
-148.5, -40.5, 0.00000E+00 
-139.5, -40.5, 0.00000E+00 
-130.5, -40.5, 0.00000E+00 
-121.5, -40.5, 0.00000E+00 
-112.5, -40.5, 0.00000E+00 
-103.5, -40.5, 0.00000E+00 
-94.5, -40.5, 2.59875E-04 
-85.5, -40.5, 1.73671E-04 
-76.5, -40.5, 1.14927E-02 
-67.5, -40.5, 5.17290E-02 
-58.5, -40.5, 1.04332E-01 
-49.5, -40.5, 1.30747E-01 
-40.5, -40.5, 1.70012E-01 
-31.5, -40.5, 2.21053E-01 
-22.5, -40.5, 1.66667E-01 
-13.5, -40.5, 5.00000E-01 
-4.5, -40.5, 0.00000E+00 
4.5, -40.5, 0.00000E+00 
13.5, -40.5, 0.00000E+00 
22.5, -40.5, 0.00000E+00 
31.5, -40.5, 0.00000E+00 
40.5, -40.5, 0.00000E+00 
49.5, -40.5, 4.54545E-02 
58.5, -40.5, 7.08661E-02 
67.5, -40.5, 1.62914E-01 
76.5, -40.5, 2.01178E-01 
85.5, -40.5, 2.27424E-01 
94.5, -40.5, 2.62701E-01 
103.5, -40.5, 3.45061E-01 
112.5, -40.5, 4.30336E-01 
121.5, -40.5, 5.11605E-01 
130.5, -40.5, 5.49962E-01 
139.5, -40.5, 4.85731E-01 
148.5, -40.5, 2.29545E-01 
157.5, -40.5, 1.19529E-01 
166.5, -40.5, 6.93069E-02 
175.5, -40.5, 0.00000E+00 
-175.5, -49.5, 0.00000E+00 
-166.5, -49.5, 0.00000E+00 
-157.5, -49.5, 0.00000E+00 
-148.5, -49.5, 0.00000E+00 
-139.5, -49.5, 0.00000E+00 
-130.5, -49.5, 0.00000E+00 
-121.5, -49.5, 0.00000E+00 
-112.5, -49.5, 0.00000E+00 
-103.5, -49.5, 0.00000E+00 
-94.5, -49.5, 0.00000E+00 
-85.5, -49.5, 1.24339E-03 
-76.5, -49.5, 9.09563E-03 
-67.5, -49.5, 6.26506E-02 
-58.5, -49.5, 9.33115E-02 
-49.5, -49.5, 1.24613E-01 
-40.5, -49.5, 1.62387E-01 
-31.5, -49.5, 2.14008E-01 
-22.5, -49.5, 1.11111E-01 
-13.5, -49.5, 0.00000E+00 
-4.5, -49.5, 0.00000E+00 
4.5, -49.5, 0.00000E+00 
13.5, -49.5, 0.00000E+00 
22.5, -49.5, 0.00000E+00 
31.5, -49.5, 0.00000E+00 
40.5, -49.5, 0.00000E+00 
49.5, -49.5, 5.00000E-02 
58.5, -49.5, 7.08661E-02 
67.5, -49.5, 1.80077E-01 
76.5, -49.5, 1.95016E-01 
85.5, -49.5, 2.12717E-01 
94.5, -49.5, 2.64590E-01 
103.5, -49.5, 2.97826E-01 
112.5, -49.5, 4.12684E-01 
121.5, -49.5, 4.43086E-01 
130.5, -49.5, 5.60606E-01 
139.5, -49.5, 4.27494E-01 
148.5, -49.5, 2.21298E-01 
157.5, -49.5, 1.17866E-01 
166.5, -49.5, 3.91566E-02 
175.5, -49.5, 1.78571E-02 
-175.5, -58.5, 0.00000E+00 
-166.5, -58.5, 0.00000E+00 
-157.5, -58.5, 0.00000E+00 
-148.5, -58.5, 0.00000E+00 
-139.5, -58.5, 0.00000E+00 
-130.5, -58.5, 0.00000E+00 
-121.5, -58.5, 0.00000E+00 
-112.5, -58.5, 0.00000E+00 
-103.5, -58.5, 0.00000E+00 
-94.5, -58.5, 1.61812E-03 
-85.5, -58.5, -5.77201E-03 
-76.5, -58.5, 1.00200E-02 
-67.5, -58.5, 3.00781E-02 
-58.5, -58.5, 7.21303E-02 
-49.5, -58.5, 1.05822E-01 
-40.5, -58.5, 1.81882E-01 
-31.5, -58.5, 2.37537E-01 
-22.5, -58.5, 3.37838E-01 
-13.5, -58.5, 7.14286E-02 
-4.5, -58.5, 0.00000E+00 
4.5, -58.5, 0.00000E+00 
13.5, -58.5, 0.00000E+00 
22.5, -58.5, 0.00000E+00 
31.5, -58.5, 0.00000E+00 
40.5, -58.5, 0.00000E+00 
49.5, -58.5, 1.87500E-01 
58.5, -58.5, 1.12245E-01 
67.5, -58.5, 1.83086E-01 
76.5, -58.5, 2.24355E-01 
85.5, -58.5, 2.62368E-01 
94.5, -58.5, 2.78230E-01 
103.5, -58.5, 3.21114E-01 
112.5, -58.5, 4.34602E-01 
121.5, -58.5, 4.69979E-01 
130.5, -58.5, 5.61758E-01 
139.5, -58.5, 4.09836E-01 
148.5, -58.5, 2.11705E-01 
157.5, -58.5, 9.42460E-02 
166.5, -58.5, 3.13808E-02 
175.5, -58.5, 4.62963E-02 
-175.5, -67.5, 0.00000E+00 
-166.5, -67.5, 0.00000E+00 
-157.5, -67.5, 0.00000E+00 
-148.5, -67.5, 0.00000E+00 
-139.5, -67.5, 0.00000E+00 
-130.5, -67.5, 0.00000E+00 
-121.5, -67.5, 0.00000E+00 
-112.5, -67.5, 0.00000E+00 
-103.5, -67.5, 0.00000E+00 
-94.5, -67.5, -3.58423E-03 
-85.5, -67.5, -1.10294E-02 
-76.5, -67.5, 8.79765E-03 
-67.5, -67.5, 1.35934E-02 
-58.5, -67.5, 6.54326E-02 
-49.5, -67.5, 1.42546E-01 
-40.5, -67.5, 2.08738E-01 
-31.5, -67.5, 2.84153E-01 
-22.5, -67.5, 2.34375E-01 
-13.5, -67.5, 2.30769E-01 
-4.5, -67.5, 0.00000E+00 
4.5, -67.5, 0.00000E+00 
13.5, -67.5, 0.00000E+00 
22.5, -67.5, 0.00000E+00 
31.5, -67.5, 0.00000E+00 
40.5, -67.5, 0.00000E+00 
49.5, -67.5, 5.00000E-02 
58.5, -67.5, 1.47541E-01 
67.5, -67.5, 2.43077E-01 
76.5, -67.5, 2.56663E-01 
85.5, -67.5, 2.94865E-01 
94.5, -67.5, 3.26431E-01 
103.5, -67.5, 4.03283E-01 
112.5, -67.5, 4.89333E-01 
121.5, -67.5, 5.50584E-01 
130.5, -67.5, 6.05603E-01 
139.5, -67.5, 4.68413E-01 
148.5, -67.5, 2.62128E-01 
157.5, -67.5, 1.10039E-01 
166.5, -67.5, 6.75676E-02 
175.5, -67.5, 4.83871E-02 
-175.5, -76.5, 3.12500E-02 
-166.5, -76.5, 0.00000E+00 
-157.5, -76.5, 0.00000E+00 
-148.5, -76.5, 0.00000E+00 
-139.5, -76.5, 0.00000E+00 
-130.5, -76.5, 0.00000E+00 
-121.5, -76.5, 0.00000E+00 
-112.5, -76.5, 0.00000E+00 
-103.5, -76.5, 0.00000E+00 
-94.5, -76.5, 4.50450E-03 
-85.5, -76.5, 1.45631E-02 
-76.5, -76.5, 3.58744E-02 
-67.5, -76.5, 1.07495E-01 
-58.5, -76.5, 1.54098E-01 
-49.5, -76.5, 2.03482E-01 
-40.5, -76.5, 2.50000E-01 
-31.5, -76.5, 3.37607E-01 
-22.5, -76.5, 3.51852E-01 
-13.5, -76.5, 3.15789E-01 
-4.5, -76.5, 4.00000E-01 
4.5, -76.5, 2.50000E-01 
13.5, -76.5, 0.00000E+00 
22.5, -76.5, 0.00000E+00 
31.5, -76.5, 0.00000E+00 
40.5, -76.5, 1.25000E-01 
49.5, -76.5, 3.95833E-01 
58.5, -76.5, 2.25806E-01 
67.5, -76.5, 2.81210E-01 
76.5, -76.5, 3.58307E-01 
85.5, -76.5, 3.59175E-01 
94.5, -76.5, 4.22566E-01 
103.5, -76.5, 5.05859E-01 
112.5, -76.5, 5.91988E-01 
121.5, -76.5, 6.42061E-01 
130.5, -76.5, 7.21226E-01 
139.5, -76.5, 5.59028E-01 
148.5, -76.5, 3.20405E-01 
157.5, -76.5, 1.73410E-01 
166.5, -76.5, 1.17063E-01 
175.5, -76.5, 8.22785E-02 
-175.5, -85.5, 1.11111E-01 
-166.5, -85.5, 0.00000E+00 
-157.5, -85.5, 0.00000E+00 
-148.5, -85.5, 0.00000E+00 
-139.5, -85.5, 0.00000E+00 
-130.5, -85.5, 0.00000E+00 
-121.5, -85.5, 0.00000E+00 
-112.5, -85.5, 0.00000E+00 
-103.5, -85.5, 0.00000E+00 
-94.5, -85.5, 8.19672E-03 
-85.5, -85.5, -8.92857E-03 
-76.5, -85.5, 1.25000E-01 
-67.5, -85.5, 1.36054E-01 
-58.5, -85.5, 1.88049E-01 
-49.5, -85.5, 2.92135E-01 
-40.5, -85.5, 3.98649E-01 
-31.5, -85.5, 3.95062E-01 
-22.5, -85.5, 2.68657E-01 
-13.5, -85.5, 3.57143E-01 
-4.5, -85.5, 2.50000E-01 
4.5, -85.5, 3.75000E-01 
13.5, -85.5, 0.00000E+00 
22.5, -85.5, 1.25000E-01 
31.5, -85.5, 1.66667E-01 
40.5, -85.5, 1.59091E-01 
49.5, -85.5, 4.90566E-01 
58.5, -85.5, 3.88278E-01 
67.5, -85.5, 4.20109E-01 
76.5, -85.5, 4.80341E-01 
85.5, -85.5, 4.76721E-01 
94.5, -85.5, 5.45274E-01 
103.5, -85.5, 6.37691E-01 
112.5, -85.5, 7.33772E-01 
121.5, -85.5, 7.32103E-01 
130.5, -85.5, 6.71695E-01 
139.5, -85.5, 6.92449E-01 
148.5, -85.5, 4.87474E-01 
157.5, -85.5, 2.65789E-01 
166.5, -85.5, 1.81373E-01 
175.5, -85.5, 1.11111E-01 
-175.5, -94.5, 5.40541E-02 
-166.5, -94.5, 0.00000E+00 
-157.5, -94.5, 0.00000E+00 
-148.5, -94.5, 0.00000E+00 
-139.5, -94.5, 0.00000E+00 
-130.5, -94.5, 0.00000E+00 
-121.5, -94.5, 0.00000E+00 
-112.5, -94.5, 0.00000E+00 
-103.5, -94.5, 0.00000E+00 
-94.5, -94.5, 9.43396E-03 
-85.5, -94.5, -1.63934E-02 
-76.5, -94.5, 8.62069E-02 
-67.5, -94.5, 1.51316E-01 
-58.5, -94.5, 1.86441E-01 
-49.5, -94.5, 3.33333E-01 
-40.5, -94.5, 3.10345E-01 
-31.5, -94.5, 2.32558E-01 
-22.5, -94.5, 1.71429E-01 
-13.5, -94.5, 1.92308E-01 
-4.5, -94.5, 5.00000E-01 
4.5, -94.5, 2.50000E-01 
13.5, -94.5, 8.00000E-01 
22.5, -94.5, 5.00000E-01 
31.5, -94.5, 4.70588E-01 
40.5, -94.5, 6.21951E-01 
49.5, -94.5, 6.82482E-01 
58.5, -94.5, 7.65931E-01 
67.5, -94.5, 7.17391E-01 
76.5, -94.5, 7.21083E-01 
85.5, -94.5, 7.27235E-01 
94.5, -94.5, 7.23662E-01 
103.5, -94.5, 5.90934E-01 
112.5, -94.5, 5.44088E-01 
121.5, -94.5, 5.06824E-01 
130.5, -94.5, 5.27532E-01 
139.5, -94.5, 6.61799E-01 
148.5, -94.5, 5.02361E-01 
157.5, -94.5, 3.99733E-01 
166.5, -94.5, 3.16327E-01 
175.5, -94.5, 1.08108E-01 
-175.5, -103.5, 4.16667E-02 
-166.5, -103.5, 0.00000E+00 
-157.5, -103.5, 0.00000E+00 
-148.5, -103.5, 0.00000E+00 
-139.5, -103.5, 0.00000E+00 
-130.5, -103.5, 0.00000E+00 
-121.5, -103.5, 0.00000E+00 
-112.5, -103.5, 0.00000E+00 
-103.5, -103.5, 0.00000E+00 
-94.5, -103.5, 6.28931E-03 
-85.5, -103.5, 3.03030E-02 
-76.5, -103.5, 1.22995E-01 
-67.5, -103.5, 1.11111E-01 
-58.5, -103.5, 1.85484E-01 
-49.5, -103.5, 3.63636E-01 
-40.5, -103.5, 2.69231E-01 
-31.5, -103.5, 1.25000E-01 
-22.5, -103.5, 1.00000E-01 
-13.5, -103.5, 1.42857E-01 
-4.5, -103.5, 5.00000E-01 
4.5, -103.5, 1.42857E-01 
13.5, -103.5, 6.87500E-01 
22.5, -103.5, 5.71429E-01 
31.5, -103.5, 8.53933E-01 
40.5, -103.5, 7.41935E-01 
49.5, -103.5, 7.85810E-01 
58.5, -103.5, 8.04930E-01 
67.5, -103.5, 7.43568E-01 
76.5, -103.5, 6.55325E-01 
85.5, -103.5, 5.92382E-01 
94.5, -103.5, 5.24473E-01 
103.5, -103.5, 4.66533E-01 
112.5, -103.5, 3.97040E-01 
121.5, -103.5, 3.68060E-01 
130.5, -103.5, 3.57458E-01 
139.5, -103.5, 4.64052E-01 
148.5, -103.5, 5.36623E-01 
157.5, -103.5, 4.06528E-01 
166.5, -103.5, 3.31481E-01 
175.5, -103.5, 2.76316E-01 
-175.5, -112.5, 1.57895E-01 
-166.5, -112.5, 0.00000E+00 
-157.5, -112.5, 0.00000E+00 
-148.5, -112.5, 0.00000E+00 
-139.5, -112.5, 0.00000E+00 
-130.5, -112.5, 0.00000E+00 
-121.5, -112.5, 0.00000E+00 
-112.5, -112.5, 0.00000E+00 
-103.5, -112.5, 0.00000E+00 
-94.5, -112.5, 4.32900E-03 
-85.5, -112.5, 1.21457E-02 
-76.5, -112.5, 1.21019E-01 
-67.5, -112.5, 1.34752E-01 
-58.5, -112.5, 1.44737E-01 
-49.5, -112.5, 1.50000E-01 
-40.5, -112.5, 1.66667E-01 
-31.5, -112.5, 3.33333E-01 
-22.5, -112.5, 0.00000E+00 
-13.5, -112.5, 0.00000E+00 
-4.5, -112.5, 3.33333E-01 
4.5, -112.5, 2.50000E-01 
13.5, -112.5, 5.00000E-01 
22.5, -112.5, 7.60000E-01 
31.5, -112.5, 7.39726E-01 
40.5, -112.5, 6.84615E-01 
49.5, -112.5, 8.11241E-01 
58.5, -112.5, 7.34611E-01 
67.5, -112.5, 6.14866E-01 
76.5, -112.5, 5.09072E-01 
85.5, -112.5, 4.40145E-01 
94.5, -112.5, 4.15050E-01 
103.5, -112.5, 3.48323E-01 
112.5, -112.5, 3.16779E-01 
121.5, -112.5, 3.11251E-01 
130.5, -112.5, 3.02289E-01 
139.5, -112.5, 3.72571E-01 
148.5, -112.5, 5.20237E-01 
157.5, -112.5, 4.22207E-01 
166.5, -112.5, 3.20140E-01 
175.5, -112.5, 2.53846E-01 
-175.5, -121.5, 7.29927E-02 
-166.5, -121.5, 7.04225E-03 
-157.5, -121.5, 0.00000E+00 
-148.5, -121.5, 0.00000E+00 
-139.5, -121.5, 0.00000E+00 
-130.5, -121.5, 0.00000E+00 
-121.5, -121.5, 0.00000E+00 
-112.5, -121.5, 0.00000E+00 
-103.5, -121.5, 0.00000E+00 
-94.5, -121.5, -4.86618E-03 
-85.5, -121.5, 2.52525E-03 
-76.5, -121.5, 5.70175E-02 
-67.5, -121.5, 1.93277E-01 
-58.5, -121.5, 2.12766E-01 
-49.5, -121.5, 2.14286E-01 
-40.5, -121.5, 0.00000E+00 
-31.5, -121.5, 0.00000E+00 
-22.5, -121.5, 0.00000E+00 
-13.5, -121.5, 1.00000E+00 
-4.5, -121.5, 0.00000E+00 
4.5, -121.5, 6.66667E-01 
13.5, -121.5, 1.53846E-01 
22.5, -121.5, 5.53571E-01 
31.5, -121.5, 5.25301E-01 
40.5, -121.5, 5.04520E-01 
49.5, -121.5, 6.52406E-01 
58.5, -121.5, 6.91749E-01 
67.5, -121.5, 5.74703E-01 
76.5, -121.5, 4.65784E-01 
85.5, -121.5, 4.10699E-01 
94.5, -121.5, 3.74318E-01 
103.5, -121.5, 3.46651E-01 
112.5, -121.5, 2.86575E-01 
121.5, -121.5, 2.81780E-01 
130.5, -121.5, 2.83724E-01 
139.5, -121.5, 3.60550E-01 
148.5, -121.5, 5.40348E-01 
157.5, -121.5, 4.11294E-01 
166.5, -121.5, 3.36264E-01 
175.5, -121.5, 2.26872E-01 
-175.5, -130.5, 7.87671E-02 
-166.5, -130.5, 1.01695E-02 
-157.5, -130.5, 0.00000E+00 
-148.5, -130.5, 0.00000E+00 
-139.5, -130.5, 0.00000E+00 
-130.5, -130.5, 0.00000E+00 
-121.5, -130.5, 0.00000E+00 
-112.5, -130.5, 0.00000E+00 
-103.5, -130.5, 0.00000E+00 
-94.5, -130.5, -1.25628E-03 
-85.5, -130.5, 1.62482E-02 
-76.5, -130.5, 2.94785E-02 
-67.5, -130.5, 1.59420E-01 
-58.5, -130.5, 1.19048E-01 
-49.5, -130.5, 1.25000E-01 
-40.5, -130.5, 0.00000E+00 
-31.5, -130.5, 0.00000E+00 
-22.5, -130.5, 0.00000E+00 
-13.5, -130.5, 0.00000E+00 
-4.5, -130.5, 0.00000E+00 
4.5, -130.5, 0.00000E+00 
13.5, -130.5, 1.00000E+00 
22.5, -130.5, 4.14286E-01 
31.5, -130.5, 4.27734E-01 
40.5, -130.5, 4.32706E-01 
49.5, -130.5, 4.99179E-01 
58.5, -130.5, 6.34962E-01 
67.5, -130.5, 6.40458E-01 
76.5, -130.5, 5.39787E-01 
85.5, -130.5, 4.69826E-01 
94.5, -130.5, 4.34614E-01 
103.5, -130.5, 3.93659E-01 
112.5, -130.5, 3.44975E-01 
121.5, -130.5, 3.14262E-01 
130.5, -130.5, 3.27564E-01 
139.5, -130.5, 3.83814E-01 
148.5, -130.5, 5.94899E-01 
157.5, -130.5, 5.02588E-01 
166.5, -130.5, 3.56234E-01 
175.5, -130.5, 2.20320E-01 
-175.5, -139.5, 5.71956E-02 
-166.5, -139.5, 3.65631E-03 
-157.5, -139.5, 0.00000E+00 
-148.5, -139.5, 0.00000E+00 
-139.5, -139.5, 0.00000E+00 
-130.5, -139.5, 0.00000E+00 
-121.5, -139.5, 0.00000E+00 
-112.5, -139.5, 0.00000E+00 
-103.5, -139.5, 0.00000E+00 
-94.5, -139.5, -4.47427E-03 
-85.5, -139.5, 9.44081E-03 
-76.5, -139.5, 2.65380E-02 
-67.5, -139.5, 1.43382E-01 
-58.5, -139.5, 1.87500E-01 
-49.5, -139.5, 2.50000E-01 
-40.5, -139.5, 0.00000E+00 
-31.5, -139.5, 0.00000E+00 
-22.5, -139.5, 0.00000E+00 
-13.5, -139.5, 0.00000E+00 
-4.5, -139.5, 0.00000E+00 
4.5, -139.5, 1.23457E-08 
13.5, -139.5, 0.00000E+00 
22.5, -139.5, 2.50000E-01 
31.5, -139.5, 3.22917E-01 
40.5, -139.5, 3.41006E-01 
49.5, -139.5, 4.02972E-01 
58.5, -139.5, 5.03075E-01 
67.5, -139.5, 6.49557E-01 
76.5, -139.5, 7.37562E-01 
85.5, -139.5, 6.71050E-01 
94.5, -139.5, 6.29783E-01 
103.5, -139.5, 5.59978E-01 
112.5, -139.5, 4.89750E-01 
121.5, -139.5, 4.62035E-01 
130.5, -139.5, 4.58127E-01 
139.5, -139.5, 5.55489E-01 
148.5, -139.5, 7.09662E-01 
157.5, -139.5, 4.81475E-01 
166.5, -139.5, 3.04802E-01 
175.5, -139.5, 2.01968E-01 
-175.5, -148.5, 5.56139E-02 
-166.5, -148.5, 1.08696E-03 
-157.5, -148.5, 0.00000E+00 
-148.5, -148.5, 0.00000E+00 
-139.5, -148.5, 0.00000E+00 
-130.5, -148.5, 0.00000E+00 
-121.5, -148.5, 0.00000E+00 
-112.5, -148.5, 0.00000E+00 
-103.5, -148.5, 0.00000E+00 
-94.5, -148.5, -1.73461E-03 
-85.5, -148.5, -3.78947E-03 
-76.5, -148.5, 1.93004E-02 
-67.5, -148.5, 9.29752E-02 
-58.5, -148.5, 1.52778E-01 
-49.5, -148.5, 2.00000E-01 
-40.5, -148.5, 5.00000E-01 
-31.5, -148.5, 0.00000E+00 
-22.5, -148.5, 0.00000E+00 
-13.5, -148.5, 0.00000E+00 
-4.5, -148.5, 0.00000E+00 
4.5, -148.5, 0.00000E+00 
13.5, -148.5, 0.00000E+00 
22.5, -148.5, 2.00000E-01 
31.5, -148.5, 2.94444E-01 
40.5, -148.5, 3.40426E-01 
49.5, -148.5, 3.67990E-01 
58.5, -148.5, 4.25960E-01 
67.5, -148.5, 5.42517E-01 
76.5, -148.5, 6.89671E-01 
85.5, -148.5, 8.39945E-01 
94.5, -148.5, 9.41526E-01 
103.5, -148.5, 9.01938E-01 
112.5, -148.5, 7.67412E-01 
121.5, -148.5, 6.94814E-01 
130.5, -148.5, 7.07557E-01 
139.5, -148.5, 7.61667E-01 
148.5, -148.5, 7.49013E-01 
157.5, -148.5, 5.03845E-01 
166.5, -148.5, 3.58811E-01 
175.5, -148.5, 2.00949E-01 
-175.5, -157.5, 4.91468E-02 
-166.5, -157.5, 7.19424E-03 
-157.5, -157.5, 6.88231E-04 
-148.5, -157.5, 0.00000E+00 
-139.5, -157.5, 0.00000E+00 
-130.5, -157.5, 0.00000E+00 
-121.5, -157.5, 0.00000E+00 
-112.5, -157.5, 0.00000E+00 
-103.5, -157.5, 0.00000E+00 
-94.5, -157.5, -8.95522E-04 
-85.5, -157.5, 7.63359E-04 
-76.5, -157.5, 8.37240E-03 
-67.5, -157.5, 4.69684E-02 
-58.5, -157.5, 1.03627E-01 
-49.5, -157.5, 1.92308E-01 
-40.5, -157.5, 0.00000E+00 
-31.5, -157.5, 0.00000E+00 
-22.5, -157.5, 0.00000E+00 
-13.5, -157.5, 0.00000E+00 
-4.5, -157.5, 0.00000E+00 
4.5, -157.5, 0.00000E+00 
13.5, -157.5, 0.00000E+00 
22.5, -157.5, 1.00000E+00 
31.5, -157.5, 5.00000E-01 
40.5, -157.5, 3.56322E-01 
49.5, -157.5, 3.40666E-01 
58.5, -157.5, 3.98585E-01 
67.5, -157.5, 5.03756E-01 
76.5, -157.5, 6.54907E-01 
85.5, -157.5, 7.54469E-01 
94.5, -157.5, 9.07956E-01 
103.5, -157.5, 1.07436E+00 
112.5, -157.5, 1.02186E+00 
121.5, -157.5, 9.17329E-01 
130.5, -157.5, 9.62534E-01 
139.5, -157.5, 8.55567E-01 
148.5, -157.5, 7.65853E-01 
157.5, -157.5, 6.09461E-01 
166.5, -157.5, 4.09378E-01 
175.5, -157.5, 2.84238E-01 
-175.5, -166.5, 3.14286E-02 
-166.5, -166.5, 3.41630E-03 
-157.5, -166.5, 0.00000E+00 
-148.5, -166.5, 0.00000E+00 
-139.5, -166.5, 0.00000E+00 
-130.5, -166.5, 0.00000E+00 
-121.5, -166.5, 0.00000E+00 
-112.5, -166.5, 0.00000E+00 
-103.5, -166.5, 0.00000E+00 
-94.5, -166.5, 0.00000E+00 
-85.5, -166.5, 1.41945E-03 
-76.5, -166.5, 9.67326E-03 
-67.5, -166.5, 2.67210E-02 
-58.5, -166.5, 6.97674E-02 
-49.5, -166.5, 2.30769E-01 
-40.5, -166.5, 0.00000E+00 
-31.5, -166.5, 0.00000E+00 
-22.5, -166.5, 0.00000E+00 
-13.5, -166.5, 0.00000E+00 
-4.5, -166.5, 0.00000E+00 
4.5, -166.5, 0.00000E+00 
13.5, -166.5, 0.00000E+00 
22.5, -166.5, 0.00000E+00 
31.5, -166.5, 2.50000E-01 
40.5, -166.5, 5.00000E-01 
49.5, -166.5, 3.64512E-01 
58.5, -166.5, 4.29040E-01 
67.5, -166.5, 5.05243E-01 
76.5, -166.5, 6.09536E-01 
85.5, -166.5, 6.59783E-01 
94.5, -166.5, 8.36105E-01 
103.5, -166.5, 1.04107E+00 
112.5, -166.5, 1.22618E+00 
121.5, -166.5, 1.07060E+00 
130.5, -166.5, 1.04981E+00 
139.5, -166.5, 8.51242E-01 
148.5, -166.5, 7.02689E-01 
157.5, -166.5, 6.98062E-01 
166.5, -166.5, 4.86615E-01 
175.5, -166.5, 2.59205E-01 
-175.5, -175.5, 1.06645E-02 
-166.5, -175.5, 7.85855E-04 
-157.5, -175.5, 0.00000E+00 
-148.5, -175.5, 0.00000E+00 
-139.5, -175.5, 0.00000E+00 
-130.5, -175.5, 0.00000E+00 
-121.5, -175.5, 0.00000E+00 
-112.5, -175.5, 0.00000E+00 
-103.5, -175.5, 0.00000E+00 
-94.5, -175.5, 3.72787E-04 
-85.5, -175.5, 1.14253E-03 
-76.5, -175.5, 5.15844E-03 
-67.5, -175.5, 1.23899E-02 
-58.5, -175.5, 4.16667E-02 
-49.5, -175.5, 6.25000E-02 
-40.5, -175.5, 1.66667E-01 
-31.5, -175.5, 0.00000E+00 
-22.5, -175.5, 0.00000E+00 
-13.5, -175.5, 0.00000E+00 
-4.5, -175.5, 0.00000E+00 
4.5, -175.5, 0.00000E+00 
13.5, -175.5, 0.00000E+00 
22.5, -175.5, 0.00000E+00 
31.5, -175.5, 0.00000E+00 
40.5, -175.5, 5.71429E-01 
49.5, -175.5, 3.06502E-01 
58.5, -175.5, 3.73672E-01 
67.5, -175.5, 3.72324E-01 
76.5, -175.5, 3.84645E-01 
85.5, -175.5, 4.32828E-01 
94.5, -175.5, 5.31996E-01 
103.5, -175.5, 8.47721E-01 
112.5, -175.5, 1.19824E+00 
121.5, -175.5, 1.20082E+00 
130.5, -175.5, 1.09193E+00 
139.5, -175.5, 8.31633E-01 
148.5, -175.5, 6.81492E-01 
157.5, -175.5, 6.82255E-01 
166.5, -175.5, 4.32530E-01 
175.5, -175.5, 1.04881E-01 
