x, y, probability density 
-175.5, 175.5, 0.00000E+00 
-166.5, 175.5, 0.00000E+00 
-157.5, 175.5, 0.00000E+00 
-148.5, 175.5, 0.00000E+00 
-139.5, 175.5, 0.00000E+00 
-130.5, 175.5, 0.00000E+00 
-121.5, 175.5, 0.00000E+00 
-112.5, 175.5, 0.00000E+00 
-103.5, 175.5, 0.00000E+00 
-94.5, 175.5, 0.00000E+00 
-85.5, 175.5, 0.00000E+00 
-76.5, 175.5, -1.26904E-04 
-67.5, 175.5, -1.33792E-03 
-58.5, 175.5, -1.77096E-03 
-49.5, 175.5, -9.28793E-03 
-40.5, 175.5, 0.00000E+00 
-31.5, 175.5, 0.00000E+00 
-22.5, 175.5, 0.00000E+00 
-13.5, 175.5, 0.00000E+00 
-4.5, 175.5, 0.00000E+00 
4.5, 175.5, 0.00000E+00 
13.5, 175.5, 0.00000E+00 
22.5, 175.5, 0.00000E+00 
31.5, 175.5, 0.00000E+00 
40.5, 175.5, 0.00000E+00 
49.5, 175.5, 4.16667E-02 
58.5, 175.5, 2.67094E-02 
67.5, 175.5, 3.49670E-02 
76.5, 175.5, 3.94989E-02 
85.5, 175.5, 4.82719E-02 
94.5, 175.5, 7.26934E-02 
103.5, 175.5, 1.62674E-01 
112.5, 175.5, 2.89650E-01 
121.5, 175.5, 4.74032E-01 
130.5, 175.5, 4.09069E-01 
139.5, 175.5, 2.78494E-01 
148.5, 175.5, 9.77543E-02 
157.5, 175.5, 1.77290E-02 
166.5, 175.5, 6.28684E-03 
175.5, 175.5, 0.00000E+00 
-175.5, 166.5, 0.00000E+00 
-166.5, 166.5, 0.00000E+00 
-157.5, 166.5, 0.00000E+00 
-148.5, 166.5, 0.00000E+00 
-139.5, 166.5, 0.00000E+00 
-130.5, 166.5, 0.00000E+00 
-121.5, 166.5, 0.00000E+00 
-112.5, 166.5, 0.00000E+00 
-103.5, 166.5, 0.00000E+00 
-94.5, 166.5, 0.00000E+00 
-85.5, 166.5, 0.00000E+00 
-76.5, 166.5, -1.68776E-04 
-67.5, 166.5, -3.55429E-04 
-58.5, 166.5, -1.31105E-03 
-49.5, 166.5, -2.75103E-03 
-40.5, 166.5, -1.72414E-02 
-31.5, 166.5, 0.00000E+00 
-22.5, 166.5, 0.00000E+00 
-13.5, 166.5, 0.00000E+00 
-4.5, 166.5, 0.00000E+00 
4.5, 166.5, 0.00000E+00 
13.5, 166.5, 0.00000E+00 
22.5, 166.5, 0.00000E+00 
31.5, 166.5, 0.00000E+00 
40.5, 166.5, 0.00000E+00 
49.5, 166.5, 5.12821E-02 
58.5, 166.5, -4.65116E-03 
67.5, 166.5, 4.52899E-03 
76.5, 166.5, 1.39725E-02 
85.5, 166.5, 1.65011E-02 
94.5, 166.5, 2.87802E-02 
103.5, 166.5, 7.98240E-02 
112.5, 166.5, 1.28356E-01 
121.5, 166.5, 2.01271E-01 
130.5, 166.5, 1.67691E-01 
139.5, 166.5, 7.98650E-02 
148.5, 166.5, 3.64557E-02 
157.5, 166.5, 7.86627E-03 
166.5, 166.5, 1.95217E-03 
175.5, 166.5, 0.00000E+00 
-175.5, 157.5, 0.00000E+00 
-166.5, 157.5, 0.00000E+00 
-157.5, 157.5, 0.00000E+00 
-148.5, 157.5, 0.00000E+00 
-139.5, 157.5, 0.00000E+00 
-130.5, 157.5, 0.00000E+00 
-121.5, 157.5, 0.00000E+00 
-112.5, 157.5, 0.00000E+00 
-103.5, 157.5, 0.00000E+00 
-94.5, 157.5, 0.00000E+00 
-85.5, 157.5, 0.00000E+00 
-76.5, 157.5, 1.08554E-04 
-67.5, 157.5, -1.80995E-04 
-58.5, 157.5, -4.46059E-04 
-49.5, 157.5, -3.44300E-03 
-40.5, 157.5, 1.14943E-02 
-31.5, 157.5, 4.34783E-02 
-22.5, 157.5, 0.00000E+00 
-13.5, 157.5, 0.00000E+00 
-4.5, 157.5, 0.00000E+00 
4.5, 157.5, 0.00000E+00 
13.5, 157.5, 0.00000E+00 
22.5, 157.5, 0.00000E+00 
31.5, 157.5, 0.00000E+00 
40.5, 157.5, 0.00000E+00 
49.5, 157.5, 0.00000E+00 
58.5, 157.5, 1.03627E-02 
67.5, 157.5, -4.26985E-03 
76.5, 157.5, 0.00000E+00 
85.5, 157.5, 8.65140E-03 
94.5, 157.5, 1.88060E-02 
103.5, 157.5, 4.29043E-02 
112.5, 157.5, 1.01466E-01 
121.5, 157.5, 1.16892E-01 
130.5, 157.5, 9.05233E-02 
139.5, 157.5, 4.42804E-02 
148.5, 157.5, 1.69972E-02 
157.5, 157.5, 4.12939E-03 
166.5, 157.5, 2.87770E-03 
175.5, 157.5, 0.00000E+00 
-175.5, 148.5, 0.00000E+00 
-166.5, 148.5, 0.00000E+00 
-157.5, 148.5, 0.00000E+00 
-148.5, 148.5, 0.00000E+00 
-139.5, 148.5, 0.00000E+00 
-130.5, 148.5, 0.00000E+00 
-121.5, 148.5, 0.00000E+00 
-112.5, 148.5, 0.00000E+00 
-103.5, 148.5, 0.00000E+00 
-94.5, 148.5, 0.00000E+00 
-85.5, 148.5, 0.00000E+00 
-76.5, 148.5, -1.40654E-04 
-67.5, 148.5, -7.13980E-05 
-58.5, 148.5, -5.01966E-04 
-49.5, 148.5, -1.57978E-03 
-40.5, 148.5, -8.10537E-03 
-31.5, 148.5, 2.22222E-02 
-22.5, 148.5, 0.00000E+00 
-13.5, 148.5, 0.00000E+00 
-4.5, 148.5, 0.00000E+00 
4.5, 148.5, 0.00000E+00 
13.5, 148.5, 0.00000E+00 
22.5, 148.5, 0.00000E+00 
31.5, 148.5, 0.00000E+00 
40.5, 148.5, 0.00000E+00 
49.5, 148.5, 0.00000E+00 
58.5, 148.5, 0.00000E+00 
67.5, 148.5, 8.26446E-03 
76.5, 148.5, -6.03136E-04 
85.5, 148.5, -8.42105E-04 
94.5, 148.5, 1.08413E-02 
103.5, 148.5, 2.88684E-02 
112.5, 148.5, 6.15627E-02 
121.5, 148.5, 1.17647E-01 
130.5, 148.5, 7.51880E-02 
139.5, 148.5, 2.39651E-02 
148.5, 148.5, 4.51977E-03 
157.5, 148.5, 2.12314E-03 
166.5, 148.5, 6.52174E-03 
175.5, 148.5, 0.00000E+00 
-175.5, 139.5, 0.00000E+00 
-166.5, 139.5, 0.00000E+00 
-157.5, 139.5, 0.00000E+00 
-148.5, 139.5, 0.00000E+00 
-139.5, 139.5, 0.00000E+00 
-130.5, 139.5, 0.00000E+00 
-121.5, 139.5, 0.00000E+00 
-112.5, 139.5, 0.00000E+00 
-103.5, 139.5, 0.00000E+00 
-94.5, 139.5, 0.00000E+00 
-85.5, 139.5, -1.34871E-04 
-76.5, 139.5, -1.63479E-04 
-67.5, 139.5, -2.14050E-04 
-58.5, 139.5, -5.34807E-04 
-49.5, 139.5, -8.49257E-05 
-40.5, 139.5, 1.64420E-03 
-31.5, 139.5, -5.20833E-03 
-22.5, 139.5, 5.00000E-02 
-13.5, 139.5, 0.00000E+00 
-4.5, 139.5, 0.00000E+00 
4.5, 139.5, 0.00000E+00 
13.5, 139.5, 0.00000E+00 
22.5, 139.5, 0.00000E+00 
31.5, 139.5, 0.00000E+00 
40.5, 139.5, 0.00000E+00 
49.5, 139.5, 0.00000E+00 
58.5, 139.5, 0.00000E+00 
67.5, 139.5, 0.00000E+00 
76.5, 139.5, -7.23764E-03 
85.5, 139.5, 7.26216E-04 
94.5, 139.5, 1.49142E-03 
103.5, 139.5, 3.05052E-02 
112.5, 139.5, 6.86150E-02 
121.5, 139.5, 8.43750E-02 
130.5, 139.5, 8.43170E-02 
139.5, 139.5, 2.80702E-02 
148.5, 139.5, 7.16846E-03 
157.5, 139.5, 3.50877E-03 
166.5, 139.5, 3.65631E-03 
175.5, 139.5, 0.00000E+00 
-175.5, 130.5, 0.00000E+00 
-166.5, 130.5, 0.00000E+00 
-157.5, 130.5, 0.00000E+00 
-148.5, 130.5, 0.00000E+00 
-139.5, 130.5, 0.00000E+00 
-130.5, 130.5, 0.00000E+00 
-121.5, 130.5, 0.00000E+00 
-112.5, 130.5, 0.00000E+00 
-103.5, 130.5, 0.00000E+00 
-94.5, 130.5, 0.00000E+00 
-85.5, 130.5, -1.32196E-04 
-76.5, 130.5, -1.05396E-04 
-67.5, 130.5, -1.65993E-04 
-58.5, 130.5, -7.60351E-04 
-49.5, 130.5, -3.05021E-03 
-40.5, 130.5, -5.78871E-03 
-31.5, 130.5, 1.56250E-02 
-22.5, 130.5, 0.00000E+00 
-13.5, 130.5, 0.00000E+00 
-4.5, 130.5, 0.00000E+00 
4.5, 130.5, 0.00000E+00 
13.5, 130.5, 0.00000E+00 
22.5, 130.5, 0.00000E+00 
31.5, 130.5, 0.00000E+00 
40.5, 130.5, 0.00000E+00 
49.5, 130.5, 0.00000E+00 
58.5, 130.5, 0.00000E+00 
67.5, 130.5, 0.00000E+00 
76.5, 130.5, 0.00000E+00 
85.5, 130.5, 1.03397E-02 
94.5, 130.5, 7.53769E-03 
103.5, 130.5, 5.10018E-02 
112.5, 130.5, 5.19481E-02 
121.5, 130.5, 7.28155E-02 
130.5, 130.5, 5.06912E-02 
139.5, 130.5, 3.52941E-02 
148.5, 130.5, 1.26582E-02 
157.5, 130.5, 0.00000E+00 
166.5, 130.5, 0.00000E+00 
175.5, 130.5, 0.00000E+00 
-175.5, 121.5, 0.00000E+00 
-166.5, 121.5, 0.00000E+00 
-157.5, 121.5, 0.00000E+00 
-148.5, 121.5, 0.00000E+00 
-139.5, 121.5, 0.00000E+00 
-130.5, 121.5, 0.00000E+00 
-121.5, 121.5, 0.00000E+00 
-112.5, 121.5, 0.00000E+00 
-103.5, 121.5, 0.00000E+00 
-94.5, 121.5, 0.00000E+00 
-85.5, 121.5, -1.70911E-04 
-76.5, 121.5, -1.35777E-04 
-67.5, 121.5, -2.25462E-04 
-58.5, 121.5, -2.26217E-03 
-49.5, 121.5, -2.22816E-03 
-40.5, 121.5, -2.25989E-03 
-31.5, 121.5, -1.20482E-02 
-22.5, 121.5, 3.57143E-02 
-13.5, 121.5, 0.00000E+00 
-4.5, 121.5, 0.00000E+00 
4.5, 121.5, 0.00000E+00 
13.5, 121.5, 0.00000E+00 
22.5, 121.5, 0.00000E+00 
31.5, 121.5, 0.00000E+00 
40.5, 121.5, 0.00000E+00 
49.5, 121.5, 0.00000E+00 
58.5, 121.5, 0.00000E+00 
67.5, 121.5, 0.00000E+00 
76.5, 121.5, 0.00000E+00 
85.5, 121.5, 1.01010E-02 
94.5, 121.5, 4.86618E-03 
103.5, 121.5, 3.82166E-02 
112.5, 121.5, 8.26446E-02 
121.5, 121.5, 6.79012E-02 
130.5, 121.5, 4.02685E-02 
139.5, 121.5, 4.67290E-02 
148.5, 121.5, 0.00000E+00 
157.5, 121.5, 1.23457E-02 
166.5, 121.5, 0.00000E+00 
175.5, 121.5, 0.00000E+00 
-175.5, 112.5, 0.00000E+00 
-166.5, 112.5, 0.00000E+00 
-157.5, 112.5, 0.00000E+00 
-148.5, 112.5, 0.00000E+00 
-139.5, 112.5, 0.00000E+00 
-130.5, 112.5, 0.00000E+00 
-121.5, 112.5, 0.00000E+00 
-112.5, 112.5, 0.00000E+00 
-103.5, 112.5, 0.00000E+00 
-94.5, 112.5, 0.00000E+00 
-85.5, 112.5, 0.00000E+00 
-76.5, 112.5, 0.00000E+00 
-67.5, 112.5, 0.00000E+00 
-58.5, 112.5, -2.25479E-03 
-49.5, 112.5, -4.24178E-03 
-40.5, 112.5, -1.02564E-02 
-31.5, 112.5, -2.28311E-02 
-22.5, 112.5, -4.00000E-02 
-13.5, 112.5, 0.00000E+00 
-4.5, 112.5, 0.00000E+00 
4.5, 112.5, 0.00000E+00 
13.5, 112.5, 0.00000E+00 
22.5, 112.5, 0.00000E+00 
31.5, 112.5, 0.00000E+00 
40.5, 112.5, 0.00000E+00 
49.5, 112.5, 0.00000E+00 
58.5, 112.5, 0.00000E+00 
67.5, 112.5, -7.09220E-03 
76.5, 112.5, -6.36943E-03 
85.5, 112.5, -4.04858E-03 
94.5, 112.5, 2.59740E-02 
103.5, 112.5, 6.70391E-02 
112.5, 112.5, 8.88889E-02 
121.5, 112.5, 8.00000E-02 
130.5, 112.5, 9.18367E-02 
139.5, 112.5, 1.21951E-02 
148.5, 112.5, 1.58730E-02 
157.5, 112.5, 0.00000E+00 
166.5, 112.5, 0.00000E+00 
175.5, 112.5, 0.00000E+00 
-175.5, 103.5, 0.00000E+00 
-166.5, 103.5, 0.00000E+00 
-157.5, 103.5, 0.00000E+00 
-148.5, 103.5, 0.00000E+00 
-139.5, 103.5, 0.00000E+00 
-130.5, 103.5, 0.00000E+00 
-121.5, 103.5, 0.00000E+00 
-112.5, 103.5, 0.00000E+00 
-103.5, 103.5, 0.00000E+00 
-94.5, 103.5, 0.00000E+00 
-85.5, 103.5, 0.00000E+00 
-76.5, 103.5, 4.41891E-04 
-67.5, 103.5, -5.59284E-04 
-58.5, 103.5, -1.60772E-03 
-49.5, 103.5, 1.33869E-03 
-40.5, 103.5, -1.79211E-02 
-31.5, 103.5, -1.12360E-02 
-22.5, 103.5, 0.00000E+00 
-13.5, 103.5, 0.00000E+00 
-4.5, 103.5, 0.00000E+00 
4.5, 103.5, 0.00000E+00 
13.5, 103.5, 0.00000E+00 
22.5, 103.5, 0.00000E+00 
31.5, 103.5, 0.00000E+00 
40.5, 103.5, 0.00000E+00 
49.5, 103.5, 0.00000E+00 
58.5, 103.5, 0.00000E+00 
67.5, 103.5, 1.05820E-02 
76.5, 103.5, -1.06952E-02 
85.5, 103.5, 1.81818E-02 
94.5, 103.5, 6.28931E-02 
103.5, 103.5, 1.26126E-01 
112.5, 103.5, 1.81818E-01 
121.5, 103.5, 1.81818E-01 
130.5, 103.5, 7.69231E-02 
139.5, 103.5, 0.00000E+00 
148.5, 103.5, 3.27869E-02 
157.5, 103.5, 0.00000E+00 
166.5, 103.5, 0.00000E+00 
175.5, 103.5, 0.00000E+00 
-175.5, 94.5, 0.00000E+00 
-166.5, 94.5, 0.00000E+00 
-157.5, 94.5, 0.00000E+00 
-148.5, 94.5, 0.00000E+00 
-139.5, 94.5, 0.00000E+00 
-130.5, 94.5, 0.00000E+00 
-121.5, 94.5, 0.00000E+00 
-112.5, 94.5, 0.00000E+00 
-103.5, 94.5, 0.00000E+00 
-94.5, 94.5, 0.00000E+00 
-85.5, 94.5, 0.00000E+00 
-76.5, 94.5, 7.32064E-04 
-67.5, 94.5, 1.93237E-03 
-58.5, 94.5, 0.00000E+00 
-49.5, 94.5, -1.45985E-02 
-40.5, 94.5, 2.43902E-02 
-31.5, 94.5, 0.00000E+00 
-22.5, 94.5, 0.00000E+00 
-13.5, 94.5, 0.00000E+00 
-4.5, 94.5, 0.00000E+00 
4.5, 94.5, 0.00000E+00 
13.5, 94.5, 0.00000E+00 
22.5, 94.5, 0.00000E+00 
31.5, 94.5, 0.00000E+00 
40.5, 94.5, 0.00000E+00 
49.5, 94.5, 0.00000E+00 
58.5, 94.5, 0.00000E+00 
67.5, 94.5, 6.57895E-03 
76.5, 94.5, 2.58621E-02 
85.5, 94.5, -4.91803E-02 
94.5, 94.5, 1.50943E-01 
103.5, 94.5, 1.68421E-01 
112.5, 94.5, 2.22222E-01 
121.5, 94.5, 3.95349E-01 
130.5, 94.5, 1.38889E-01 
139.5, 94.5, 6.06061E-02 
148.5, 94.5, 3.70370E-02 
157.5, 94.5, 4.54545E-02 
166.5, 94.5, 0.00000E+00 
175.5, 94.5, 0.00000E+00 
-175.5, 85.5, 0.00000E+00 
-166.5, 85.5, 0.00000E+00 
-157.5, 85.5, 0.00000E+00 
-148.5, 85.5, 0.00000E+00 
-139.5, 85.5, 0.00000E+00 
-130.5, 85.5, 0.00000E+00 
-121.5, 85.5, 0.00000E+00 
-112.5, 85.5, 0.00000E+00 
-103.5, 85.5, 0.00000E+00 
-94.5, 85.5, 9.95025E-04 
-85.5, 85.5, 6.55738E-04 
-76.5, 85.5, 6.55308E-04 
-67.5, 85.5, 4.34783E-03 
-58.5, 85.5, 1.09890E-02 
-49.5, 85.5, 3.77358E-02 
-40.5, 85.5, 4.54545E-02 
-31.5, 85.5, 0.00000E+00 
-22.5, 85.5, 0.00000E+00 
-13.5, 85.5, 0.00000E+00 
-4.5, 85.5, 0.00000E+00 
4.5, 85.5, 0.00000E+00 
13.5, 85.5, 0.00000E+00 
22.5, 85.5, 0.00000E+00 
31.5, 85.5, 0.00000E+00 
40.5, 85.5, 0.00000E+00 
49.5, 85.5, 0.00000E+00 
58.5, 85.5, -1.75747E-03 
67.5, 85.5, 3.40136E-03 
76.5, 85.5, 6.57895E-03 
85.5, 85.5, 1.25000E-01 
94.5, 85.5, 3.44262E-01 
103.5, 85.5, 3.93939E-01 
112.5, 85.5, 3.92157E-01 
121.5, 85.5, 4.76190E-01 
130.5, 85.5, 4.87179E-01 
139.5, 85.5, 8.82353E-02 
148.5, 85.5, 1.56250E-01 
157.5, 85.5, 5.88235E-02 
166.5, 85.5, 0.00000E+00 
175.5, 85.5, 0.00000E+00 
-175.5, 76.5, 0.00000E+00 
-166.5, 76.5, 0.00000E+00 
-157.5, 76.5, 0.00000E+00 
-148.5, 76.5, 0.00000E+00 
-139.5, 76.5, 0.00000E+00 
-130.5, 76.5, 0.00000E+00 
-121.5, 76.5, 0.00000E+00 
-112.5, 76.5, 0.00000E+00 
-103.5, 76.5, 0.00000E+00 
-94.5, 76.5, 0.00000E+00 
-85.5, 76.5, 6.38792E-03 
-76.5, 76.5, 1.00313E-02 
-67.5, 76.5, 1.80180E-02 
-58.5, 76.5, 3.22581E-02 
-49.5, 76.5, 0.00000E+00 
-40.5, 76.5, 2.50000E-01 
-31.5, 76.5, 0.00000E+00 
-22.5, 76.5, 0.00000E+00 
-13.5, 76.5, 0.00000E+00 
-4.5, 76.5, 0.00000E+00 
4.5, 76.5, 0.00000E+00 
13.5, 76.5, 5.26316E-02 
22.5, 76.5, 0.00000E+00 
31.5, 76.5, 0.00000E+00 
40.5, 76.5, 0.00000E+00 
49.5, 76.5, -1.08814E-03 
58.5, 76.5, 0.00000E+00 
67.5, 76.5, 1.18343E-02 
76.5, 76.5, 1.03139E-01 
85.5, 76.5, 6.01942E-01 
94.5, 76.5, 5.67568E-01 
103.5, 76.5, 8.10526E-01 
112.5, 76.5, 8.57143E-01 
121.5, 76.5, 1.22857E+00 
130.5, 76.5, 8.90909E-01 
139.5, 76.5, 2.94118E-01 
148.5, 76.5, 7.40741E-02 
157.5, 76.5, 0.00000E+00 
166.5, 76.5, 0.00000E+00 
175.5, 76.5, 0.00000E+00 
-175.5, 67.5, 0.00000E+00 
-166.5, 67.5, 0.00000E+00 
-157.5, 67.5, 0.00000E+00 
-148.5, 67.5, 0.00000E+00 
-139.5, 67.5, 0.00000E+00 
-130.5, 67.5, 0.00000E+00 
-121.5, 67.5, 0.00000E+00 
-112.5, 67.5, 0.00000E+00 
-103.5, 67.5, 0.00000E+00 
-94.5, 67.5, 1.50602E-03 
-85.5, 67.5, 5.94595E-03 
-76.5, 67.5, 2.49131E-02 
-67.5, 67.5, 5.53846E-02 
-58.5, 67.5, 7.37705E-02 
-49.5, 67.5, 1.00000E-01 
-40.5, 67.5, 0.00000E+00 
-31.5, 67.5, 0.00000E+00 
-22.5, 67.5, 0.00000E+00 
-13.5, 67.5, 0.00000E+00 
-4.5, 67.5, 0.00000E+00 
4.5, 67.5, 0.00000E+00 
13.5, 67.5, 0.00000E+00 
22.5, 67.5, 0.00000E+00 
31.5, 67.5, 1.09290E-02 
40.5, 67.5, 1.35922E-02 
49.5, 67.5, -5.44070E-03 
58.5, 67.5, 1.33448E-02 
67.5, 67.5, 9.45626E-02 
76.5, 67.5, 5.57185E-01 
85.5, 67.5, 8.41912E-01 
94.5, 67.5, 8.60215E-01 
103.5, 67.5, 1.36216E+00 
112.5, 67.5, 1.40331E+00 
121.5, 67.5, 1.60140E+00 
130.5, 67.5, 1.06542E+00 
139.5, 67.5, 4.79452E-01 
148.5, 67.5, 8.95522E-02 
157.5, 67.5, 2.38095E-02 
166.5, 67.5, 4.54545E-02 
175.5, 67.5, 0.00000E+00 
-175.5, 58.5, 0.00000E+00 
-166.5, 58.5, 0.00000E+00 
-157.5, 58.5, 0.00000E+00 
-148.5, 58.5, 0.00000E+00 
-139.5, 58.5, 0.00000E+00 
-130.5, 58.5, 0.00000E+00 
-121.5, 58.5, 0.00000E+00 
-112.5, 58.5, 0.00000E+00 
-103.5, 58.5, 9.77517E-04 
-94.5, 58.5, 4.60177E-03 
-85.5, 58.5, 2.47368E-02 
-76.5, 58.5, 6.28723E-02 
-67.5, 58.5, 1.54275E-01 
-58.5, 58.5, 1.02041E-01 
-49.5, 58.5, 1.25000E-01 
-40.5, 58.5, 0.00000E+00 
-31.5, 58.5, 0.00000E+00 
-22.5, 58.5, 0.00000E+00 
-13.5, 58.5, 0.00000E+00 
-4.5, 58.5, 0.00000E+00 
4.5, 58.5, 0.00000E+00 
13.5, 58.5, 1.42857E-01 
22.5, 58.5, 5.40541E-02 
31.5, 58.5, 4.98534E-02 
40.5, 58.5, 5.78397E-02 
49.5, 58.5, 6.72242E-02 
58.5, 58.5, 1.89245E-01 
67.5, 58.5, 4.78125E-01 
76.5, 58.5, 1.05077E+00 
85.5, 58.5, 1.10967E+00 
94.5, 58.5, 1.14887E+00 
103.5, 58.5, 1.67853E+00 
112.5, 58.5, 1.48706E+00 
121.5, 58.5, 1.29032E+00 
130.5, 58.5, 1.22353E+00 
139.5, 58.5, 7.35751E-01 
148.5, 58.5, 2.89855E-01 
157.5, 58.5, 1.00000E-01 
166.5, 58.5, 6.89655E-02 
175.5, 58.5, 0.00000E+00 
-175.5, 49.5, 0.00000E+00 
-166.5, 49.5, 0.00000E+00 
-157.5, 49.5, 0.00000E+00 
-148.5, 49.5, 0.00000E+00 
-139.5, 49.5, 0.00000E+00 
-130.5, 49.5, 0.00000E+00 
-121.5, 49.5, 0.00000E+00 
-112.5, 49.5, 0.00000E+00 
-103.5, 49.5, 8.69565E-04 
-94.5, 49.5, 1.31148E-03 
-85.5, 49.5, 2.24719E-02 
-76.5, 49.5, 1.06804E-01 
-67.5, 49.5, 2.66922E-01 
-58.5, 49.5, 3.22835E-01 
-49.5, 49.5, 4.00000E-01 
-40.5, 49.5, 2.00000E+00 
-31.5, 49.5, 0.00000E+00 
-22.5, 49.5, 0.00000E+00 
-13.5, 49.5, 0.00000E+00 
-4.5, 49.5, 0.00000E+00 
4.5, 49.5, 0.00000E+00 
13.5, 49.5, 0.00000E+00 
22.5, 49.5, 1.11111E-01 
31.5, 49.5, 1.05058E-01 
40.5, 49.5, 8.91239E-02 
49.5, 49.5, 2.07946E-01 
58.5, 49.5, 3.81812E-01 
67.5, 49.5, 9.38420E-01 
76.5, 49.5, 1.03430E+00 
85.5, 49.5, 1.09201E+00 
94.5, 49.5, 1.30333E+00 
103.5, 49.5, 1.49470E+00 
112.5, 49.5, 1.34158E+00 
121.5, 49.5, 1.39615E+00 
130.5, 49.5, 1.15209E+00 
139.5, 49.5, 8.00000E-01 
148.5, 49.5, 5.73770E-01 
157.5, 49.5, 1.50000E-01 
166.5, 49.5, 3.15789E-01 
175.5, 49.5, 0.00000E+00 
-175.5, 40.5, 0.00000E+00 
-166.5, 40.5, 0.00000E+00 
-157.5, 40.5, 0.00000E+00 
-148.5, 40.5, 0.00000E+00 
-139.5, 40.5, 0.00000E+00 
-130.5, 40.5, 0.00000E+00 
-121.5, 40.5, 0.00000E+00 
-112.5, 40.5, 0.00000E+00 
-103.5, 40.5, 0.00000E+00 
-94.5, 40.5, 3.09789E-03 
-85.5, 40.5, 2.10526E-02 
-76.5, 40.5, 7.82828E-02 
-67.5, 40.5, 2.50331E-01 
-58.5, 40.5, 1.18110E-01 
-49.5, 40.5, 3.63636E-01 
-40.5, 40.5, 6.66667E-01 
-31.5, 40.5, 0.00000E+00 
-22.5, 40.5, 0.00000E+00 
-13.5, 40.5, 0.00000E+00 
-4.5, 40.5, 0.00000E+00 
4.5, 40.5, 0.00000E+00 
13.5, 40.5, 0.00000E+00 
22.5, 40.5, 0.00000E+00 
31.5, 40.5, 1.15789E-01 
40.5, 40.5, 1.42857E-01 
49.5, 40.5, 2.52724E-01 
58.5, 40.5, 4.75256E-01 
67.5, 40.5, 6.77256E-01 
76.5, 40.5, 7.40867E-01 
85.5, 40.5, 7.89163E-01 
94.5, 40.5, 9.46466E-01 
103.5, 40.5, 1.31138E+00 
112.5, 40.5, 1.32130E+00 
121.5, 40.5, 1.11480E+00 
130.5, 40.5, 9.26380E-01 
139.5, 40.5, 6.61765E-01 
148.5, 40.5, 4.19355E-01 
157.5, 40.5, 2.85714E-01 
166.5, 40.5, 3.75000E-01 
175.5, 40.5, 7.40741E-02 
-175.5, 31.5, 0.00000E+00 
-166.5, 31.5, 0.00000E+00 
-157.5, 31.5, 0.00000E+00 
-148.5, 31.5, 0.00000E+00 
-139.5, 31.5, 0.00000E+00 
-130.5, 31.5, 0.00000E+00 
-121.5, 31.5, 0.00000E+00 
-112.5, 31.5, 0.00000E+00 
-103.5, 31.5, 0.00000E+00 
-94.5, 31.5, 1.57315E-03 
-85.5, 31.5, 1.00953E-02 
-76.5, 31.5, 2.25753E-02 
-67.5, 31.5, 1.07527E-01 
-58.5, 31.5, 1.83432E-01 
-49.5, 31.5, 1.42857E-01 
-40.5, 31.5, 0.00000E+00 
-31.5, 31.5, 0.00000E+00 
-22.5, 31.5, 0.00000E+00 
-13.5, 31.5, 0.00000E+00 
-4.5, 31.5, 0.00000E+00 
4.5, 31.5, 0.00000E+00 
13.5, 31.5, 0.00000E+00 
22.5, 31.5, 0.00000E+00 
31.5, 31.5, 1.11111E-01 
40.5, 31.5, 1.35952E-01 
49.5, 31.5, 2.62062E-01 
58.5, 31.5, 3.76928E-01 
67.5, 31.5, 4.86090E-01 
76.5, 31.5, 5.02695E-01 
85.5, 31.5, 5.48434E-01 
94.5, 31.5, 6.38732E-01 
103.5, 31.5, 9.48896E-01 
112.5, 31.5, 1.11512E+00 
121.5, 31.5, 1.06561E+00 
130.5, 31.5, 9.70501E-01 
139.5, 31.5, 7.67123E-01 
148.5, 31.5, 4.92537E-01 
157.5, 31.5, 4.61538E-01 
166.5, 31.5, 5.00000E-01 
175.5, 31.5, 0.00000E+00 
-175.5, 22.5, 0.00000E+00 
-166.5, 22.5, 0.00000E+00 
-157.5, 22.5, 0.00000E+00 
-148.5, 22.5, 0.00000E+00 
-139.5, 22.5, 0.00000E+00 
-130.5, 22.5, 0.00000E+00 
-121.5, 22.5, 0.00000E+00 
-112.5, 22.5, 0.00000E+00 
-103.5, 22.5, 0.00000E+00 
-94.5, 22.5, 3.87147E-04 
-85.5, 22.5, 4.50248E-04 
-76.5, 22.5, -7.28863E-04 
-67.5, 22.5, -2.00211E-02 
-58.5, 22.5, 5.61798E-02 
-49.5, 22.5, 1.00000E-01 
-40.5, 22.5, 0.00000E+00 
-31.5, 22.5, 0.00000E+00 
-22.5, 22.5, 0.00000E+00 
-13.5, 22.5, 0.00000E+00 
-4.5, 22.5, 0.00000E+00 
4.5, 22.5, 0.00000E+00 
13.5, 22.5, 0.00000E+00 
22.5, 22.5, 0.00000E+00 
31.5, 22.5, 0.00000E+00 
40.5, 22.5, 6.81818E-02 
49.5, 22.5, 2.37192E-01 
58.5, 22.5, 3.01580E-01 
67.5, 22.5, 3.45532E-01 
76.5, 22.5, 3.41743E-01 
85.5, 22.5, 3.25042E-01 
94.5, 22.5, 4.43852E-01 
103.5, 22.5, 7.13089E-01 
112.5, 22.5, 1.10212E+00 
121.5, 22.5, 1.13780E+00 
130.5, 22.5, 1.03979E+00 
139.5, 22.5, 6.25731E-01 
148.5, 22.5, 3.13433E-01 
157.5, 22.5, 3.60000E-01 
166.5, 22.5, 6.00000E-01 
175.5, 22.5, 0.00000E+00 
-175.5, 13.5, 0.00000E+00 
-166.5, 13.5, 0.00000E+00 
-157.5, 13.5, 0.00000E+00 
-148.5, 13.5, 0.00000E+00 
-139.5, 13.5, 0.00000E+00 
-130.5, 13.5, 0.00000E+00 
-121.5, 13.5, 0.00000E+00 
-112.5, 13.5, 0.00000E+00 
-103.5, 13.5, 0.00000E+00 
-94.5, 13.5, 4.43066E-04 
-85.5, 13.5, -2.11073E-03 
-76.5, 13.5, -4.57721E-03 
-67.5, 13.5, -1.09890E-02 
-58.5, 13.5, -2.76680E-02 
-49.5, 13.5, 1.20000E-01 
-40.5, 13.5, 6.66667E-01 
-31.5, 13.5, 0.00000E+00 
-22.5, 13.5, 0.00000E+00 
-13.5, 13.5, 0.00000E+00 
-4.5, 13.5, 0.00000E+00 
4.5, 13.5, 0.00000E+00 
13.5, 13.5, 0.00000E+00 
22.5, 13.5, 0.00000E+00 
31.5, 13.5, 0.00000E+00 
40.5, 13.5, 9.52381E-02 
49.5, 13.5, 1.97368E-01 
58.5, 13.5, 2.63024E-01 
67.5, 13.5, 2.64523E-01 
76.5, 13.5, 2.84189E-01 
85.5, 13.5, 2.91263E-01 
94.5, 13.5, 3.67672E-01 
103.5, 13.5, 6.61040E-01 
112.5, 13.5, 1.10882E+00 
121.5, 13.5, 1.19109E+00 
130.5, 13.5, 1.12403E+00 
139.5, 13.5, 6.65289E-01 
148.5, 13.5, 3.50515E-01 
157.5, 13.5, 3.33333E-01 
166.5, 13.5, 2.50000E-01 
175.5, 13.5, 0.00000E+00 
-175.5, 4.5, 0.00000E+00 
-166.5, 4.5, 0.00000E+00 
-157.5, 4.5, 0.00000E+00 
-148.5, 4.5, 0.00000E+00 
-139.5, 4.5, 0.00000E+00 
-130.5, 4.5, 0.00000E+00 
-121.5, 4.5, 0.00000E+00 
-112.5, 4.5, 0.00000E+00 
-103.5, 4.5, 0.00000E+00 
-94.5, 4.5, 4.59242E-04 
-85.5, 4.5, -1.36209E-03 
-76.5, 4.5, 4.50383E-04 
-67.5, 4.5, -1.21816E-02 
-58.5, 4.5, -2.05607E-02 
-49.5, 4.5, -2.44444E-01 
-40.5, 4.5, 1.66667E-01 
-31.5, 4.5, 0.00000E+00 
-22.5, 4.5, 0.00000E+00 
-13.5, 4.5, 0.00000E+00 
-4.5, 4.5, 0.00000E+00 
4.5, 4.5, 0.00000E+00 
13.5, 4.5, 0.00000E+00 
22.5, 4.5, 0.00000E+00 
31.5, 4.5, 0.00000E+00 
40.5, 4.5, 1.11111E-01 
49.5, 4.5, 1.00917E-01 
58.5, 4.5, 1.83817E-01 
67.5, 4.5, 2.46803E-01 
76.5, 4.5, 2.29348E-01 
85.5, 4.5, 2.73906E-01 
94.5, 4.5, 3.78011E-01 
103.5, 4.5, 5.49176E-01 
112.5, 4.5, 9.43103E-01 
121.5, 4.5, 1.17747E+00 
130.5, 4.5, 1.16377E+00 
139.5, 4.5, 7.86834E-01 
148.5, 4.5, 3.87931E-01 
157.5, 4.5, 1.59091E-01 
166.5, 4.5, 1.00000E-01 
175.5, 4.5, 0.00000E+00 
-175.5, -4.5, 0.00000E+00 
-166.5, -4.5, 0.00000E+00 
-157.5, -4.5, 0.00000E+00 
-148.5, -4.5, 0.00000E+00 
-139.5, -4.5, 0.00000E+00 
-130.5, -4.5, 0.00000E+00 
-121.5, -4.5, 0.00000E+00 
-112.5, -4.5, 0.00000E+00 
-103.5, -4.5, 0.00000E+00 
-94.5, -4.5, 0.00000E+00 
-85.5, -4.5, 2.73998E-04 
-76.5, -4.5, -1.06180E-03 
-67.5, -4.5, -8.52515E-03 
-58.5, -4.5, -2.55057E-02 
-49.5, -4.5, -6.42202E-02 
-40.5, -4.5, 1.11111E-01 
-31.5, -4.5, 0.00000E+00 
-22.5, -4.5, 0.00000E+00 
-13.5, -4.5, 0.00000E+00 
-4.5, -4.5, 0.00000E+00 
4.5, -4.5, 0.00000E+00 
13.5, -4.5, 0.00000E+00 
22.5, -4.5, 0.00000E+00 
31.5, -4.5, 0.00000E+00 
40.5, -4.5, 1.66667E-01 
49.5, -4.5, 2.22222E-02 
58.5, -4.5, 1.06542E-01 
67.5, -4.5, 1.96013E-01 
76.5, -4.5, 2.01621E-01 
85.5, -4.5, 2.40863E-01 
94.5, -4.5, 3.19633E-01 
103.5, -4.5, 4.97849E-01 
112.5, -4.5, 7.79632E-01 
121.5, -4.5, 1.02959E+00 
130.5, -4.5, 9.65517E-01 
139.5, -4.5, 5.51136E-01 
148.5, -4.5, 2.28137E-01 
157.5, -4.5, 9.45946E-02 
166.5, -4.5, 0.00000E+00 
175.5, -4.5, 0.00000E+00 
-175.5, -13.5, 0.00000E+00 
-166.5, -13.5, 0.00000E+00 
-157.5, -13.5, 0.00000E+00 
-148.5, -13.5, 0.00000E+00 
-139.5, -13.5, 0.00000E+00 
-130.5, -13.5, 0.00000E+00 
-121.5, -13.5, 0.00000E+00 
-112.5, -13.5, 0.00000E+00 
-103.5, -13.5, 0.00000E+00 
-94.5, -13.5, 2.12404E-04 
-85.5, -13.5, -2.52759E-04 
-76.5, -13.5, -1.86409E-03 
-67.5, -13.5, -5.40394E-03 
-58.5, -13.5, -1.39771E-02 
-49.5, -13.5, -5.26316E-02 
-40.5, -13.5, 2.85714E-01 
-31.5, -13.5, 0.00000E+00 
-22.5, -13.5, 0.00000E+00 
-13.5, -13.5, 0.00000E+00 
-4.5, -13.5, 0.00000E+00 
4.5, -13.5, 0.00000E+00 
13.5, -13.5, 0.00000E+00 
22.5, -13.5, 0.00000E+00 
31.5, -13.5, 0.00000E+00 
40.5, -13.5, 0.00000E+00 
49.5, -13.5, 2.00000E-01 
58.5, -13.5, 7.50988E-02 
67.5, -13.5, 1.25763E-01 
76.5, -13.5, 1.54421E-01 
85.5, -13.5, 1.93700E-01 
94.5, -13.5, 2.55944E-01 
103.5, -13.5, 3.99757E-01 
112.5, -13.5, 5.91478E-01 
121.5, -13.5, 7.55498E-01 
130.5, -13.5, 7.16968E-01 
139.5, -13.5, 4.69697E-01 
148.5, -13.5, 1.76471E-01 
157.5, -13.5, 7.07965E-02 
166.5, -13.5, 5.88235E-02 
175.5, -13.5, 0.00000E+00 
-175.5, -22.5, 0.00000E+00 
-166.5, -22.5, 0.00000E+00 
-157.5, -22.5, 0.00000E+00 
-148.5, -22.5, 0.00000E+00 
-139.5, -22.5, 0.00000E+00 
-130.5, -22.5, 0.00000E+00 
-121.5, -22.5, 0.00000E+00 
-112.5, -22.5, 0.00000E+00 
-103.5, -22.5, 0.00000E+00 
-94.5, -22.5, 0.00000E+00 
-85.5, -22.5, 0.00000E+00 
-76.5, -22.5, -1.65975E-03 
-67.5, -22.5, -5.67148E-03 
-58.5, -22.5, -1.53098E-02 
-49.5, -22.5, -3.22581E-02 
-40.5, -22.5, -9.09091E-02 
-31.5, -22.5, 5.00000E-01 
-22.5, -22.5, 0.00000E+00 
-13.5, -22.5, 0.00000E+00 
-4.5, -22.5, 0.00000E+00 
4.5, -22.5, 0.00000E+00 
13.5, -22.5, 0.00000E+00 
22.5, -22.5, 0.00000E+00 
31.5, -22.5, 0.00000E+00 
40.5, -22.5, 0.00000E+00 
49.5, -22.5, 5.00000E-02 
58.5, -22.5, 0.00000E+00 
67.5, -22.5, 3.26660E-02 
76.5, -22.5, 9.69388E-02 
85.5, -22.5, 1.24719E-01 
94.5, -22.5, 1.59504E-01 
103.5, -22.5, 2.55188E-01 
112.5, -22.5, 3.63322E-01 
121.5, -22.5, 4.72532E-01 
130.5, -22.5, 5.43549E-01 
139.5, -22.5, 3.19885E-01 
148.5, -22.5, 1.31890E-01 
157.5, -22.5, 4.36893E-02 
166.5, -22.5, 0.00000E+00 
175.5, -22.5, 0.00000E+00 
-175.5, -31.5, 0.00000E+00 
-166.5, -31.5, 0.00000E+00 
-157.5, -31.5, 0.00000E+00 
-148.5, -31.5, 0.00000E+00 
-139.5, -31.5, 0.00000E+00 
-130.5, -31.5, 0.00000E+00 
-121.5, -31.5, 0.00000E+00 
-112.5, -31.5, 0.00000E+00 
-103.5, -31.5, 0.00000E+00 
-94.5, -31.5, 3.52113E-04 
-85.5, -31.5, -3.62801E-04 
-76.5, -31.5, -1.27414E-03 
-67.5, -31.5, -8.70673E-03 
-58.5, -31.5, -1.37492E-02 
-49.5, -31.5, -4.44655E-02 
-40.5, -31.5, -2.71903E-02 
-31.5, -31.5, 0.00000E+00 
-22.5, -31.5, 1.00000E+00 
-13.5, -31.5, 0.00000E+00 
-4.5, -31.5, 0.00000E+00 
4.5, -31.5, 0.00000E+00 
13.5, -31.5, 0.00000E+00 
22.5, -31.5, 0.00000E+00 
31.5, -31.5, 0.00000E+00 
40.5, -31.5, 0.00000E+00 
49.5, -31.5, -4.76190E-02 
58.5, -31.5, 5.91716E-03 
67.5, -31.5, 2.41935E-02 
76.5, -31.5, 3.59532E-02 
85.5, -31.5, 6.56197E-02 
94.5, -31.5, 7.76088E-02 
103.5, -31.5, 1.44041E-01 
112.5, -31.5, 2.16284E-01 
121.5, -31.5, 2.73604E-01 
130.5, -31.5, 2.97337E-01 
139.5, -31.5, 2.00608E-01 
148.5, -31.5, 8.00628E-02 
157.5, -31.5, 4.54545E-02 
166.5, -31.5, 1.75439E-02 
175.5, -31.5, 8.00000E-02 
-175.5, -40.5, 0.00000E+00 
-166.5, -40.5, 0.00000E+00 
-157.5, -40.5, 0.00000E+00 
-148.5, -40.5, 0.00000E+00 
-139.5, -40.5, 0.00000E+00 
-130.5, -40.5, 0.00000E+00 
-121.5, -40.5, 0.00000E+00 
-112.5, -40.5, 0.00000E+00 
-103.5, -40.5, 0.00000E+00 
-94.5, -40.5, 0.00000E+00 
-85.5, -40.5, -1.38937E-03 
-76.5, -40.5, -2.32590E-03 
-67.5, -40.5, -6.18499E-03 
-58.5, -40.5, -1.18449E-02 
-49.5, -40.5, -1.35530E-02 
-40.5, -40.5, -2.95159E-02 
-31.5, -40.5, 1.05263E-02 
-22.5, -40.5, 0.00000E+00 
-13.5, -40.5, 0.00000E+00 
-4.5, -40.5, 0.00000E+00 
4.5, -40.5, 0.00000E+00 
13.5, -40.5, 0.00000E+00 
22.5, -40.5, 0.00000E+00 
31.5, -40.5, 0.00000E+00 
40.5, -40.5, 0.00000E+00 
49.5, -40.5, 0.00000E+00 
58.5, -40.5, -7.87402E-03 
67.5, -40.5, -1.45695E-02 
76.5, -40.5, 5.05051E-03 
85.5, -40.5, 3.21330E-02 
94.5, -40.5, 4.33705E-02 
103.5, -40.5, 6.63058E-02 
112.5, -40.5, 1.07069E-01 
121.5, -40.5, 1.43133E-01 
130.5, -40.5, 1.45690E-01 
139.5, -40.5, 1.17580E-01 
148.5, -40.5, 4.69697E-02 
157.5, -40.5, 1.01010E-02 
166.5, -40.5, 0.00000E+00 
175.5, -40.5, 0.00000E+00 
-175.5, -49.5, 0.00000E+00 
-166.5, -49.5, 0.00000E+00 
-157.5, -49.5, 0.00000E+00 
-148.5, -49.5, 0.00000E+00 
-139.5, -49.5, 0.00000E+00 
-130.5, -49.5, 0.00000E+00 
-121.5, -49.5, 0.00000E+00 
-112.5, -49.5, 0.00000E+00 
-103.5, -49.5, 0.00000E+00 
-94.5, -49.5, -4.43459E-04 
-85.5, -49.5, -3.41933E-03 
-76.5, -49.5, -9.87526E-03 
-67.5, -49.5, -2.59705E-02 
-58.5, -49.5, -1.76781E-02 
-49.5, -49.5, -2.42518E-02 
-40.5, -49.5, -5.58912E-02 
-31.5, -49.5, 5.05837E-02 
-22.5, -49.5, 1.11111E-01 
-13.5, -49.5, 0.00000E+00 
-4.5, -49.5, 0.00000E+00 
4.5, -49.5, 0.00000E+00 
13.5, -49.5, 0.00000E+00 
22.5, -49.5, 0.00000E+00 
31.5, -49.5, 0.00000E+00 
40.5, -49.5, 0.00000E+00 
49.5, -49.5, 0.00000E+00 
58.5, -49.5, -2.36220E-02 
67.5, -49.5, -1.91571E-02 
76.5, -49.5, -7.91139E-03 
85.5, -49.5, 2.19612E-02 
94.5, -49.5, 3.21311E-02 
103.5, -49.5, 3.65217E-02 
112.5, -49.5, 8.27206E-02 
121.5, -49.5, 9.02192E-02 
130.5, -49.5, 1.03030E-01 
139.5, -49.5, 5.91647E-02 
148.5, -49.5, 4.65890E-02 
157.5, -49.5, 2.48139E-02 
166.5, -49.5, 0.00000E+00 
175.5, -49.5, 3.57143E-02 
-175.5, -58.5, 0.00000E+00 
-166.5, -58.5, 0.00000E+00 
-157.5, -58.5, 0.00000E+00 
-148.5, -58.5, 0.00000E+00 
-139.5, -58.5, 0.00000E+00 
-130.5, -58.5, 0.00000E+00 
-121.5, -58.5, 0.00000E+00 
-112.5, -58.5, 0.00000E+00 
-103.5, -58.5, 0.00000E+00 
-94.5, -58.5, -1.61812E-03 
-85.5, -58.5, -5.77201E-03 
-76.5, -58.5, -2.33801E-02 
-67.5, -58.5, -4.06250E-02 
-58.5, -58.5, -3.98139E-02 
-49.5, -58.5, -3.76327E-02 
-40.5, -58.5, -3.48432E-03 
-31.5, -58.5, 5.57185E-02 
-22.5, -58.5, 1.62162E-01 
-13.5, -58.5, 0.00000E+00 
-4.5, -58.5, 0.00000E+00 
4.5, -58.5, 0.00000E+00 
13.5, -58.5, 0.00000E+00 
22.5, -58.5, 0.00000E+00 
31.5, -58.5, 0.00000E+00 
40.5, -58.5, 0.00000E+00 
49.5, -58.5, 0.00000E+00 
58.5, -58.5, 0.00000E+00 
67.5, -58.5, -9.29368E-03 
76.5, -58.5, 7.27995E-03 
85.5, -58.5, 1.84211E-02 
94.5, -58.5, 2.79646E-02 
103.5, -58.5, 5.27859E-02 
112.5, -58.5, 9.51249E-02 
121.5, -58.5, 8.38509E-02 
130.5, -58.5, 1.10451E-01 
139.5, -58.5, 6.83060E-02 
148.5, -58.5, 3.90173E-02 
157.5, -58.5, 7.93651E-03 
166.5, -58.5, 4.18410E-03 
175.5, -58.5, 1.85185E-02 
-175.5, -67.5, 0.00000E+00 
-166.5, -67.5, 0.00000E+00 
-157.5, -67.5, 0.00000E+00 
-148.5, -67.5, 0.00000E+00 
-139.5, -67.5, 0.00000E+00 
-130.5, -67.5, 0.00000E+00 
-121.5, -67.5, 0.00000E+00 
-112.5, -67.5, 0.00000E+00 
-103.5, -67.5, 5.40541E-03 
-94.5, -67.5, 0.00000E+00 
-85.5, -67.5, 1.47059E-02 
-76.5, -67.5, 2.93255E-03 
-67.5, -67.5, -4.25532E-02 
-58.5, -67.5, -3.48687E-02 
-49.5, -67.5, -1.08814E-02 
-40.5, -67.5, 2.71845E-02 
-31.5, -67.5, 1.74863E-01 
-22.5, -67.5, 1.56250E-01 
-13.5, -67.5, 7.69231E-02 
-4.5, -67.5, 0.00000E+00 
4.5, -67.5, 0.00000E+00 
13.5, -67.5, 0.00000E+00 
22.5, -67.5, 0.00000E+00 
31.5, -67.5, 0.00000E+00 
40.5, -67.5, 0.00000E+00 
49.5, -67.5, 0.00000E+00 
58.5, -67.5, 8.19672E-03 
67.5, -67.5, 6.15385E-03 
76.5, -67.5, 2.66512E-02 
85.5, -67.5, 4.00000E-02 
94.5, -67.5, 6.92771E-02 
103.5, -67.5, 1.10199E-01 
112.5, -67.5, 1.57333E-01 
121.5, -67.5, 1.63424E-01 
130.5, -67.5, 1.83908E-01 
139.5, -67.5, 8.78274E-02 
148.5, -67.5, 5.47731E-02 
157.5, -67.5, 1.15830E-02 
166.5, -67.5, 0.00000E+00 
175.5, -67.5, 3.22581E-02 
-175.5, -76.5, 0.00000E+00 
-166.5, -76.5, 0.00000E+00 
-157.5, -76.5, 0.00000E+00 
-148.5, -76.5, 0.00000E+00 
-139.5, -76.5, 0.00000E+00 
-130.5, -76.5, 0.00000E+00 
-121.5, -76.5, 0.00000E+00 
-112.5, -76.5, 0.00000E+00 
-103.5, -76.5, 1.05263E-02 
-94.5, -76.5, 3.60360E-02 
-85.5, -76.5, 2.03883E-01 
-76.5, -76.5, 1.79372E-01 
-67.5, -76.5, 1.26233E-01 
-58.5, -76.5, 9.18033E-02 
-49.5, -76.5, 8.37867E-02 
-40.5, -76.5, 1.28205E-01 
-31.5, -76.5, 2.47863E-01 
-22.5, -76.5, 4.81481E-01 
-13.5, -76.5, 2.10526E-01 
-4.5, -76.5, 6.00000E-01 
4.5, -76.5, 0.00000E+00 
13.5, -76.5, 0.00000E+00 
22.5, -76.5, 0.00000E+00 
31.5, -76.5, 0.00000E+00 
40.5, -76.5, 0.00000E+00 
49.5, -76.5, 4.16667E-02 
58.5, -76.5, 1.07527E-02 
67.5, -76.5, 8.23681E-02 
76.5, -76.5, 7.58621E-02 
85.5, -76.5, 1.03368E-01 
94.5, -76.5, 1.61062E-01 
103.5, -76.5, 2.69531E-01 
112.5, -76.5, 3.62018E-01 
121.5, -76.5, 3.70474E-01 
130.5, -76.5, 3.07922E-01 
139.5, -76.5, 1.87500E-01 
148.5, -76.5, 6.40809E-02 
157.5, -76.5, 4.04624E-02 
166.5, -76.5, 1.58730E-02 
175.5, -76.5, 1.26582E-02 
-175.5, -85.5, 0.00000E+00 
-166.5, -85.5, 0.00000E+00 
-157.5, -85.5, 0.00000E+00 
-148.5, -85.5, 0.00000E+00 
-139.5, -85.5, 0.00000E+00 
-130.5, -85.5, 0.00000E+00 
-121.5, -85.5, 0.00000E+00 
-112.5, -85.5, 0.00000E+00 
-103.5, -85.5, 1.51515E-02 
-94.5, -85.5, 1.80328E-01 
-85.5, -85.5, 6.07143E-01 
-76.5, -85.5, 6.25000E-01 
-67.5, -85.5, 3.09524E-01 
-58.5, -85.5, 2.82953E-01 
-49.5, -85.5, 2.52809E-01 
-40.5, -85.5, 2.97297E-01 
-31.5, -85.5, 5.43210E-01 
-22.5, -85.5, 4.77612E-01 
-13.5, -85.5, 2.38095E-01 
-4.5, -85.5, 1.25000E-01 
4.5, -85.5, 0.00000E+00 
13.5, -85.5, 2.50000E-01 
22.5, -85.5, 2.50000E-01 
31.5, -85.5, 1.66667E-01 
40.5, -85.5, 1.36364E-01 
49.5, -85.5, 7.54717E-02 
58.5, -85.5, 1.61172E-01 
67.5, -85.5, 1.79348E-01 
76.5, -85.5, 2.37877E-01 
85.5, -85.5, 3.05574E-01 
94.5, -85.5, 4.54726E-01 
103.5, -85.5, 6.55076E-01 
112.5, -85.5, 9.82744E-01 
121.5, -85.5, 9.29889E-01 
130.5, -85.5, 7.08333E-01 
139.5, -85.5, 4.21731E-01 
148.5, -85.5, 1.96242E-01 
157.5, -85.5, 8.15789E-02 
166.5, -85.5, 2.94118E-02 
175.5, -85.5, 4.16667E-02 
-175.5, -94.5, 5.40541E-02 
-166.5, -94.5, 0.00000E+00 
-157.5, -94.5, 0.00000E+00 
-148.5, -94.5, 0.00000E+00 
-139.5, -94.5, 0.00000E+00 
-130.5, -94.5, 0.00000E+00 
-121.5, -94.5, 0.00000E+00 
-112.5, -94.5, 0.00000E+00 
-103.5, -94.5, 0.00000E+00 
-94.5, -94.5, 1.50943E-01 
-85.5, -94.5, 6.22951E-01 
-76.5, -94.5, 8.53448E-01 
-67.5, -94.5, 6.18421E-01 
-58.5, -94.5, 5.00000E-01 
-49.5, -94.5, 6.07843E-01 
-40.5, -94.5, 7.58621E-01 
-31.5, -94.5, 1.02326E+00 
-22.5, -94.5, 5.71429E-01 
-13.5, -94.5, 6.15385E-01 
-4.5, -94.5, 7.50000E-01 
4.5, -94.5, 1.00000E+00 
13.5, -94.5, 6.00000E-01 
22.5, -94.5, 2.22222E-01 
31.5, -94.5, 5.88235E-02 
40.5, -94.5, 4.14634E-01 
49.5, -94.5, 3.72263E-01 
58.5, -94.5, 5.17157E-01 
67.5, -94.5, 5.86473E-01 
76.5, -94.5, 7.33529E-01 
85.5, -94.5, 9.38607E-01 
94.5, -94.5, 1.12410E+00 
103.5, -94.5, 1.22056E+00 
112.5, -94.5, 1.15731E+00 
121.5, -94.5, 1.15014E+00 
130.5, -94.5, 8.79056E-01 
139.5, -94.5, 7.60953E-01 
148.5, -94.5, 2.87063E-01 
157.5, -94.5, 1.39037E-01 
166.5, -94.5, 9.18367E-02 
175.5, -94.5, 5.40541E-02 
-175.5, -103.5, 0.00000E+00 
-166.5, -103.5, 0.00000E+00 
-157.5, -103.5, 0.00000E+00 
-148.5, -103.5, 0.00000E+00 
-139.5, -103.5, 0.00000E+00 
-130.5, -103.5, 0.00000E+00 
-121.5, -103.5, 0.00000E+00 
-112.5, -103.5, 0.00000E+00 
-103.5, -103.5, 0.00000E+00 
-94.5, -103.5, 1.38365E-01 
-85.5, -103.5, 6.12121E-01 
-76.5, -103.5, 1.06952E+00 
-67.5, -103.5, 9.41799E-01 
-58.5, -103.5, 7.58065E-01 
-49.5, -103.5, 1.00000E+00 
-40.5, -103.5, 6.92308E-01 
-31.5, -103.5, 1.00000E+00 
-22.5, -103.5, 1.60000E+00 
-13.5, -103.5, 5.71429E-01 
-4.5, -103.5, 0.00000E+00 
4.5, -103.5, 2.85714E-01 
13.5, -103.5, 7.50000E-01 
22.5, -103.5, 7.14286E-01 
31.5, -103.5, 6.62921E-01 
40.5, -103.5, 5.62724E-01 
49.5, -103.5, 7.59036E-01 
58.5, -103.5, 7.95820E-01 
67.5, -103.5, 9.74832E-01 
76.5, -103.5, 1.07954E+00 
85.5, -103.5, 1.20505E+00 
94.5, -103.5, 1.27695E+00 
103.5, -103.5, 1.36464E+00 
112.5, -103.5, 1.31549E+00 
121.5, -103.5, 1.20893E+00 
130.5, -103.5, 1.00881E+00 
139.5, -103.5, 8.57143E-01 
148.5, -103.5, 5.02699E-01 
157.5, -103.5, 1.70129E-01 
166.5, -103.5, 1.14815E-01 
175.5, -103.5, 3.94737E-02 
-175.5, -112.5, 7.89474E-02 
-166.5, -112.5, 0.00000E+00 
-157.5, -112.5, 0.00000E+00 
-148.5, -112.5, 0.00000E+00 
-139.5, -112.5, 0.00000E+00 
-130.5, -112.5, 0.00000E+00 
-121.5, -112.5, 0.00000E+00 
-112.5, -112.5, 0.00000E+00 
-103.5, -112.5, 0.00000E+00 
-94.5, -112.5, 6.06061E-02 
-85.5, -112.5, 4.00810E-01 
-76.5, -112.5, 1.39490E+00 
-67.5, -112.5, 1.02837E+00 
-58.5, -112.5, 6.31579E-01 
-49.5, -112.5, 1.20000E+00 
-40.5, -112.5, 5.00000E-01 
-31.5, -112.5, 1.33333E+00 
-22.5, -112.5, 1.00000E+00 
-13.5, -112.5, 2.00000E+00 
-4.5, -112.5, 0.00000E+00 
4.5, -112.5, 1.50000E+00 
13.5, -112.5, 5.00000E-01 
22.5, -112.5, 5.60000E-01 
31.5, -112.5, 5.61644E-01 
40.5, -112.5, 6.43590E-01 
49.5, -112.5, 8.11241E-01 
58.5, -112.5, 9.17700E-01 
67.5, -112.5, 1.01918E+00 
76.5, -112.5, 1.12587E+00 
85.5, -112.5, 1.21779E+00 
94.5, -112.5, 1.31645E+00 
103.5, -112.5, 1.34832E+00 
112.5, -112.5, 1.33576E+00 
121.5, -112.5, 1.24752E+00 
130.5, -112.5, 1.07572E+00 
139.5, -112.5, 8.65143E-01 
148.5, -112.5, 7.10200E-01 
157.5, -112.5, 2.75531E-01 
166.5, -112.5, 1.39697E-01 
175.5, -112.5, 9.23077E-02 
-175.5, -121.5, 5.83942E-02 
-166.5, -121.5, 1.40845E-02 
-157.5, -121.5, 0.00000E+00 
-148.5, -121.5, 0.00000E+00 
-139.5, -121.5, 0.00000E+00 
-130.5, -121.5, 0.00000E+00 
-121.5, -121.5, 0.00000E+00 
-112.5, -121.5, 0.00000E+00 
-103.5, -121.5, 0.00000E+00 
-94.5, -121.5, 3.40633E-02 
-85.5, -121.5, 2.32323E-01 
-76.5, -121.5, 7.36842E-01 
-67.5, -121.5, 8.73950E-01 
-58.5, -121.5, 7.65957E-01 
-49.5, -121.5, 4.28571E-01 
-40.5, -121.5, 0.00000E+00 
-31.5, -121.5, 5.00000E-01 
-22.5, -121.5, 0.00000E+00 
-13.5, -121.5, 2.00000E+00 
-4.5, -121.5, 0.00000E+00 
4.5, -121.5, 0.00000E+00 
13.5, -121.5, 6.15385E-01 
22.5, -121.5, 4.28571E-01 
31.5, -121.5, 4.12048E-01 
40.5, -121.5, 4.97175E-01 
49.5, -121.5, 6.57308E-01 
58.5, -121.5, 9.27849E-01 
67.5, -121.5, 9.96618E-01 
76.5, -121.5, 1.07332E+00 
85.5, -121.5, 1.17142E+00 
94.5, -121.5, 1.22591E+00 
103.5, -121.5, 1.30457E+00 
112.5, -121.5, 1.26851E+00 
121.5, -121.5, 1.15418E+00 
130.5, -121.5, 1.02572E+00 
139.5, -121.5, 8.52368E-01 
148.5, -121.5, 7.16673E-01 
157.5, -121.5, 3.01728E-01 
166.5, -121.5, 1.78755E-01 
175.5, -121.5, 1.62996E-01 
-175.5, -130.5, 4.10959E-02 
-166.5, -130.5, 0.00000E+00 
-157.5, -130.5, 6.71141E-03 
-148.5, -130.5, 0.00000E+00 
-139.5, -130.5, 0.00000E+00 
-130.5, -130.5, 0.00000E+00 
-121.5, -130.5, 0.00000E+00 
-112.5, -130.5, 0.00000E+00 
-103.5, -130.5, 0.00000E+00 
-94.5, -130.5, 1.50754E-02 
-85.5, -130.5, 1.52142E-01 
-76.5, -130.5, 3.62812E-01 
-67.5, -130.5, 7.82609E-01 
-58.5, -130.5, 5.71429E-01 
-49.5, -130.5, 5.00000E-01 
-40.5, -130.5, 0.00000E+00 
-31.5, -130.5, 2.46914E-08 
-22.5, -130.5, 0.00000E+00 
-13.5, -130.5, 0.00000E+00 
-4.5, -130.5, 0.00000E+00 
4.5, -130.5, 1.00000E+00 
13.5, -130.5, 1.00000E+00 
22.5, -130.5, 2.57143E-01 
31.5, -130.5, 3.63281E-01 
40.5, -130.5, 3.51664E-01 
49.5, -130.5, 4.74660E-01 
58.5, -130.5, 6.89224E-01 
67.5, -130.5, 9.39246E-01 
76.5, -130.5, 1.00053E+00 
85.5, -130.5, 1.08996E+00 
94.5, -130.5, 1.15803E+00 
103.5, -130.5, 1.19837E+00 
112.5, -130.5, 1.18636E+00 
121.5, -130.5, 1.04996E+00 
130.5, -130.5, 9.17698E-01 
139.5, -130.5, 7.82300E-01 
148.5, -130.5, 7.05423E-01 
157.5, -130.5, 3.80104E-01 
166.5, -130.5, 2.51908E-01 
175.5, -130.5, 1.59817E-01 
-175.5, -139.5, 4.05904E-02 
-166.5, -139.5, 3.65631E-03 
-157.5, -139.5, 0.00000E+00 
-148.5, -139.5, 0.00000E+00 
-139.5, -139.5, 0.00000E+00 
-130.5, -139.5, 0.00000E+00 
-121.5, -139.5, 0.00000E+00 
-112.5, -139.5, 0.00000E+00 
-103.5, -139.5, 0.00000E+00 
-94.5, -139.5, -4.47427E-03 
-85.5, -139.5, 4.13943E-02 
-76.5, -139.5, 8.92642E-02 
-67.5, -139.5, 2.86765E-01 
-58.5, -139.5, 2.25000E-01 
-49.5, -139.5, 2.50000E-01 
-40.5, -139.5, 0.00000E+00 
-31.5, -139.5, 0.00000E+00 
-22.5, -139.5, 0.00000E+00 
-13.5, -139.5, 0.00000E+00 
-4.5, -139.5, 0.00000E+00 
4.5, -139.5, 0.00000E+00 
13.5, -139.5, 5.00000E-01 
22.5, -139.5, 4.50000E-01 
31.5, -139.5, 2.50000E-01 
40.5, -139.5, 2.15390E-01 
49.5, -139.5, 2.77792E-01 
58.5, -139.5, 3.91746E-01 
67.5, -139.5, 6.49899E-01 
76.5, -139.5, 9.28287E-01 
85.5, -139.5, 9.86985E-01 
94.5, -139.5, 1.10581E+00 
103.5, -139.5, 1.09689E+00 
112.5, -139.5, 1.05270E+00 
121.5, -139.5, 9.79143E-01 
130.5, -139.5, 8.45437E-01 
139.5, -139.5, 7.33974E-01 
148.5, -139.5, 6.59401E-01 
157.5, -139.5, 3.41566E-01 
166.5, -139.5, 2.07203E-01 
175.5, -139.5, 1.51620E-01 
-175.5, -148.5, 3.77754E-02 
-166.5, -148.5, 2.17391E-03 
-157.5, -148.5, 0.00000E+00 
-148.5, -148.5, 0.00000E+00 
-139.5, -148.5, 0.00000E+00 
-130.5, -148.5, 0.00000E+00 
-121.5, -148.5, 0.00000E+00 
-112.5, -148.5, 0.00000E+00 
-103.5, -148.5, 1.15473E-03 
-94.5, -148.5, -2.16826E-03 
-85.5, -148.5, 8.42105E-04 
-76.5, -148.5, 1.99035E-02 
-67.5, -148.5, 4.54545E-02 
-58.5, -148.5, 1.38889E-02 
-49.5, -148.5, 0.00000E+00 
-40.5, -148.5, 0.00000E+00 
-31.5, -148.5, 0.00000E+00 
-22.5, -148.5, 0.00000E+00 
-13.5, -148.5, 0.00000E+00 
-4.5, -148.5, 0.00000E+00 
4.5, -148.5, 0.00000E+00 
13.5, -148.5, 0.00000E+00 
22.5, -148.5, 4.00000E-01 
31.5, -148.5, 2.22222E-01 
40.5, -148.5, 1.39818E-01 
49.5, -148.5, 1.68246E-01 
58.5, -148.5, 2.20447E-01 
67.5, -148.5, 3.48993E-01 
76.5, -148.5, 5.05368E-01 
85.5, -148.5, 6.79160E-01 
94.5, -148.5, 8.79338E-01 
103.5, -148.5, 1.00870E+00 
112.5, -148.5, 9.91501E-01 
121.5, -148.5, 9.24655E-01 
130.5, -148.5, 8.39630E-01 
139.5, -148.5, 7.00787E-01 
148.5, -148.5, 5.20084E-01 
157.5, -148.5, 2.69172E-01 
166.5, -148.5, 1.55293E-01 
175.5, -148.5, 1.03639E-01 
-175.5, -157.5, 8.19113E-03 
-166.5, -157.5, 1.43885E-03 
-157.5, -157.5, 0.00000E+00 
-148.5, -157.5, 0.00000E+00 
-139.5, -157.5, 0.00000E+00 
-130.5, -157.5, 0.00000E+00 
-121.5, -157.5, 0.00000E+00 
-112.5, -157.5, 0.00000E+00 
-103.5, -157.5, 0.00000E+00 
-94.5, -157.5, -8.95522E-04 
-85.5, -157.5, -2.54453E-03 
-76.5, -157.5, -4.01875E-03 
-67.5, -157.5, 8.53971E-04 
-58.5, -157.5, 3.10881E-02 
-49.5, -157.5, 0.00000E+00 
-40.5, -157.5, 0.00000E+00 
-31.5, -157.5, 0.00000E+00 
-22.5, -157.5, 0.00000E+00 
-13.5, -157.5, 0.00000E+00 
-4.5, -157.5, 0.00000E+00 
4.5, -157.5, 0.00000E+00 
13.5, -157.5, 0.00000E+00 
22.5, -157.5, 1.00000E+00 
31.5, -157.5, 8.69565E-02 
40.5, -157.5, 1.52299E-01 
49.5, -157.5, 1.36190E-01 
58.5, -157.5, 1.74027E-01 
67.5, -157.5, 2.29683E-01 
76.5, -157.5, 3.19800E-01 
85.5, -157.5, 4.02584E-01 
94.5, -157.5, 5.31313E-01 
103.5, -157.5, 8.15759E-01 
112.5, -157.5, 8.95053E-01 
121.5, -157.5, 9.17433E-01 
130.5, -157.5, 8.80401E-01 
139.5, -157.5, 6.32008E-01 
148.5, -157.5, 3.94660E-01 
157.5, -157.5, 2.01320E-01 
166.5, -157.5, 1.05200E-01 
175.5, -157.5, 6.54608E-02 
-175.5, -166.5, 5.71429E-03 
-166.5, -166.5, 0.00000E+00 
-157.5, -166.5, 0.00000E+00 
-148.5, -166.5, 0.00000E+00 
-139.5, -166.5, 0.00000E+00 
-130.5, -166.5, 0.00000E+00 
-121.5, -166.5, 0.00000E+00 
-112.5, -166.5, 0.00000E+00 
-103.5, -166.5, 0.00000E+00 
-94.5, -166.5, 0.00000E+00 
-85.5, -166.5, -1.77431E-04 
-76.5, -166.5, -6.44884E-04 
-67.5, -166.5, -6.34058E-03 
-58.5, -166.5, -4.65116E-03 
-49.5, -166.5, 1.02564E-01 
-40.5, -166.5, 0.00000E+00 
-31.5, -166.5, 0.00000E+00 
-22.5, -166.5, 0.00000E+00 
-13.5, -166.5, 0.00000E+00 
-4.5, -166.5, 0.00000E+00 
4.5, -166.5, 0.00000E+00 
13.5, -166.5, 0.00000E+00 
22.5, -166.5, 0.00000E+00 
31.5, -166.5, 0.00000E+00 
40.5, -166.5, 1.03448E-01 
49.5, -166.5, 1.30674E-01 
58.5, -166.5, 1.45854E-01 
67.5, -166.5, 2.06860E-01 
76.5, -166.5, 2.47257E-01 
85.5, -166.5, 2.85422E-01 
94.5, -166.5, 4.05285E-01 
103.5, -166.5, 6.27092E-01 
112.5, -166.5, 9.17791E-01 
121.5, -166.5, 8.77821E-01 
130.5, -166.5, 8.21850E-01 
139.5, -166.5, 5.39957E-01 
148.5, -166.5, 2.72215E-01 
157.5, -166.5, 1.33100E-01 
166.5, -166.5, 6.07985E-02 
175.5, -166.5, 2.32558E-02 
-175.5, -175.5, 0.00000E+00 
-166.5, -175.5, 0.00000E+00 
-157.5, -175.5, 0.00000E+00 
-148.5, -175.5, 0.00000E+00 
-139.5, -175.5, 0.00000E+00 
-130.5, -175.5, 0.00000E+00 
-121.5, -175.5, 0.00000E+00 
-112.5, -175.5, 0.00000E+00 
-103.5, -175.5, 0.00000E+00 
-94.5, -175.5, 0.00000E+00 
-85.5, -175.5, 0.00000E+00 
-76.5, -175.5, -2.94768E-04 
-67.5, -175.5, -8.25991E-04 
-58.5, -175.5, -5.34188E-03 
-49.5, -175.5, 0.00000E+00 
-40.5, -175.5, 0.00000E+00 
-31.5, -175.5, 0.00000E+00 
-22.5, -175.5, 0.00000E+00 
-13.5, -175.5, 0.00000E+00 
-4.5, -175.5, 0.00000E+00 
4.5, -175.5, 0.00000E+00 
13.5, -175.5, 0.00000E+00 
22.5, -175.5, 0.00000E+00 
31.5, -175.5, 0.00000E+00 
40.5, -175.5, 2.85714E-01 
49.5, -175.5, 2.16718E-02 
58.5, -175.5, 1.41086E-01 
67.5, -175.5, 1.24427E-01 
76.5, -175.5, 1.23731E-01 
85.5, -175.5, 1.47924E-01 
94.5, -175.5, 2.00547E-01 
103.5, -175.5, 4.28531E-01 
112.5, -175.5, 7.93686E-01 
121.5, -175.5, 9.06785E-01 
130.5, -175.5, 7.35469E-01 
139.5, -175.5, 4.39286E-01 
148.5, -175.5, 1.91774E-01 
157.5, -175.5, 7.81550E-02 
166.5, -175.5, 2.24900E-02 
175.5, -175.5, 4.03388E-03 
