x, y, probability density 
-175.5, 175.5, 4.84066E-03 
-166.5, 175.5, 2.40964E-03 
-157.5, 175.5, 0.00000E+00 
-148.5, 175.5, 0.00000E+00 
-139.5, 175.5, 0.00000E+00 
-130.5, 175.5, 0.00000E+00 
-121.5, 175.5, 0.00000E+00 
-112.5, 175.5, 0.00000E+00 
-103.5, 175.5, 0.00000E+00 
-94.5, 175.5, 0.00000E+00 
-85.5, 175.5, 2.63678E-04 
-76.5, 175.5, 1.14213E-03 
-67.5, 175.5, 5.54281E-03 
-58.5, 175.5, 5.31287E-03 
-49.5, 175.5, 1.54799E-02 
-40.5, 175.5, 0.00000E+00 
-31.5, 175.5, 0.00000E+00 
-22.5, 175.5, 0.00000E+00 
-13.5, 175.5, 0.00000E+00 
-4.5, 175.5, 0.00000E+00 
4.5, 175.5, 0.00000E+00 
13.5, 175.5, 0.00000E+00 
22.5, 175.5, 0.00000E+00 
31.5, 175.5, 0.00000E+00 
40.5, 175.5, 3.33333E-01 
49.5, 175.5, 2.08333E-01 
58.5, 175.5, 1.39957E-01 
67.5, 175.5, 1.38491E-01 
76.5, 175.5, 1.12601E-01 
85.5, 175.5, 1.07112E-01 
94.5, 175.5, 1.24884E-01 
103.5, 175.5, 1.55989E-01 
112.5, 175.5, 2.51082E-01 
121.5, 175.5, 3.39943E-01 
130.5, 175.5, 3.49926E-01 
139.5, 175.5, 3.60753E-01 
148.5, 175.5, 2.67723E-01 
157.5, 175.5, 2.01773E-01 
166.5, 175.5, 1.16306E-01 
175.5, 175.5, 3.69155E-02 
-175.5, 166.5, 3.87597E-03 
-166.5, 166.5, 0.00000E+00 
-157.5, 166.5, 0.00000E+00 
-148.5, 166.5, 0.00000E+00 
-139.5, 166.5, 0.00000E+00 
-130.5, 166.5, 0.00000E+00 
-121.5, 166.5, 0.00000E+00 
-112.5, 166.5, 0.00000E+00 
-103.5, 166.5, 0.00000E+00 
-94.5, 166.5, 0.00000E+00 
-85.5, 166.5, 1.84011E-03 
-76.5, 166.5, 1.01266E-03 
-67.5, 166.5, 2.31029E-03 
-58.5, 166.5, 4.58866E-03 
-49.5, 166.5, 1.37552E-03 
-40.5, 166.5, 0.00000E+00 
-31.5, 166.5, 5.00000E-01 
-22.5, 166.5, 0.00000E+00 
-13.5, 166.5, 0.00000E+00 
-4.5, 166.5, 0.00000E+00 
4.5, 166.5, 0.00000E+00 
13.5, 166.5, 0.00000E+00 
22.5, 166.5, 0.00000E+00 
31.5, 166.5, 0.00000E+00 
40.5, 166.5, 0.00000E+00 
49.5, 166.5, 5.12821E-02 
58.5, 166.5, 5.11628E-02 
67.5, 166.5, 6.61232E-02 
76.5, 166.5, 4.40671E-02 
85.5, 166.5, 5.12775E-02 
94.5, 166.5, 6.24308E-02 
103.5, 166.5, 9.05091E-02 
112.5, 166.5, 1.26678E-01 
121.5, 166.5, 1.61017E-01 
130.5, 166.5, 1.66574E-01 
139.5, 166.5, 1.63105E-01 
148.5, 166.5, 1.23544E-01 
157.5, 166.5, 8.06293E-02 
166.5, 166.5, 4.68521E-02 
175.5, 166.5, 1.52381E-02 
-175.5, 157.5, 8.61326E-04 
-166.5, 157.5, 0.00000E+00 
-157.5, 157.5, 0.00000E+00 
-148.5, 157.5, 0.00000E+00 
-139.5, 157.5, 0.00000E+00 
-130.5, 157.5, 0.00000E+00 
-121.5, 157.5, 0.00000E+00 
-112.5, 157.5, 0.00000E+00 
-103.5, 157.5, 0.00000E+00 
-94.5, 157.5, 6.68598E-04 
-85.5, 157.5, 7.51089E-04 
-76.5, 157.5, 1.19409E-03 
-67.5, 157.5, 9.95475E-04 
-58.5, 157.5, 1.72051E-03 
-49.5, 157.5, 1.53022E-03 
-40.5, 157.5, 1.14943E-02 
-31.5, 157.5, 0.00000E+00 
-22.5, 157.5, 0.00000E+00 
-13.5, 157.5, 0.00000E+00 
-4.5, 157.5, 0.00000E+00 
4.5, 157.5, 0.00000E+00 
13.5, 157.5, 0.00000E+00 
22.5, 157.5, 0.00000E+00 
31.5, 157.5, 0.00000E+00 
40.5, 157.5, 0.00000E+00 
49.5, 157.5, 0.00000E+00 
58.5, 157.5, 3.10881E-02 
67.5, 157.5, 2.30572E-02 
76.5, 157.5, 2.14334E-02 
85.5, 157.5, 1.98473E-02 
94.5, 157.5, 4.80597E-02 
103.5, 157.5, 6.02310E-02 
112.5, 157.5, 8.68095E-02 
121.5, 157.5, 1.35424E-01 
130.5, 157.5, 1.25884E-01 
139.5, 157.5, 1.10701E-01 
148.5, 157.5, 7.93201E-02 
157.5, 157.5, 5.78114E-02 
166.5, 157.5, 3.02158E-02 
175.5, 157.5, 9.55631E-03 
-175.5, 148.5, 0.00000E+00 
-166.5, 148.5, 0.00000E+00 
-157.5, 148.5, 0.00000E+00 
-148.5, 148.5, 0.00000E+00 
-139.5, 148.5, 0.00000E+00 
-130.5, 148.5, 0.00000E+00 
-121.5, 148.5, 0.00000E+00 
-112.5, 148.5, 0.00000E+00 
-103.5, 148.5, 0.00000E+00 
-94.5, 148.5, 0.00000E+00 
-85.5, 148.5, 2.91673E-04 
-76.5, 148.5, 9.84575E-04 
-67.5, 148.5, 1.35656E-03 
-58.5, 148.5, 1.58956E-03 
-49.5, 148.5, 2.96209E-03 
-40.5, 148.5, -3.03951E-03 
-31.5, 148.5, 0.00000E+00 
-22.5, 148.5, 0.00000E+00 
-13.5, 148.5, 0.00000E+00 
-4.5, 148.5, 0.00000E+00 
4.5, 148.5, 0.00000E+00 
13.5, 148.5, 0.00000E+00 
22.5, 148.5, 0.00000E+00 
31.5, 148.5, 0.00000E+00 
40.5, 148.5, 0.00000E+00 
49.5, 148.5, 0.00000E+00 
58.5, 148.5, 0.00000E+00 
67.5, 148.5, 2.47934E-02 
76.5, 148.5, 2.23160E-02 
85.5, 148.5, 2.18947E-02 
94.5, 148.5, 4.29315E-02 
103.5, 148.5, 6.12009E-02 
112.5, 148.5, 1.12076E-01 
121.5, 148.5, 1.53539E-01 
130.5, 148.5, 1.61117E-01 
139.5, 148.5, 1.26362E-01 
148.5, 148.5, 7.23164E-02 
157.5, 148.5, 5.30786E-02 
166.5, 148.5, 2.82609E-02 
175.5, 148.5, 1.46905E-02 
-175.5, 139.5, 0.00000E+00 
-166.5, 139.5, 0.00000E+00 
-157.5, 139.5, 0.00000E+00 
-148.5, 139.5, 0.00000E+00 
-139.5, 139.5, 0.00000E+00 
-130.5, 139.5, 0.00000E+00 
-121.5, 139.5, 0.00000E+00 
-112.5, 139.5, 0.00000E+00 
-103.5, 139.5, 0.00000E+00 
-94.5, 139.5, 3.51834E-04 
-85.5, 139.5, 1.34871E-04 
-76.5, 139.5, 1.03537E-03 
-67.5, 139.5, 1.41273E-03 
-58.5, 139.5, 3.20884E-03 
-49.5, 139.5, 4.33121E-03 
-40.5, 139.5, 2.30187E-03 
-31.5, 139.5, 0.00000E+00 
-22.5, 139.5, 0.00000E+00 
-13.5, 139.5, 0.00000E+00 
-4.5, 139.5, 0.00000E+00 
4.5, 139.5, 0.00000E+00 
13.5, 139.5, 0.00000E+00 
22.5, 139.5, 0.00000E+00 
31.5, 139.5, 0.00000E+00 
40.5, 139.5, 0.00000E+00 
49.5, 139.5, 0.00000E+00 
58.5, 139.5, 0.00000E+00 
67.5, 139.5, 3.67647E-02 
76.5, 139.5, 2.41255E-02 
85.5, 139.5, 4.72041E-02 
94.5, 139.5, 5.51827E-02 
103.5, 139.5, 1.22021E-01 
112.5, 139.5, 1.75349E-01 
121.5, 139.5, 1.71875E-01 
130.5, 139.5, 1.95616E-01 
139.5, 139.5, 9.47368E-02 
148.5, 139.5, 7.88530E-02 
157.5, 139.5, 3.50877E-02 
166.5, 139.5, 1.82815E-02 
175.5, 139.5, 3.69004E-03 
-175.5, 130.5, 0.00000E+00 
-166.5, 130.5, 0.00000E+00 
-157.5, 130.5, 0.00000E+00 
-148.5, 130.5, 0.00000E+00 
-139.5, 130.5, 0.00000E+00 
-130.5, 130.5, 0.00000E+00 
-121.5, 130.5, 0.00000E+00 
-112.5, 130.5, 0.00000E+00 
-103.5, 130.5, 0.00000E+00 
-94.5, 130.5, 0.00000E+00 
-85.5, 130.5, 0.00000E+00 
-76.5, 130.5, 5.26981E-04 
-67.5, 130.5, 1.93659E-03 
-58.5, 130.5, 5.46070E-03 
-49.5, 130.5, 6.80432E-03 
-40.5, 130.5, 7.23589E-03 
-31.5, 130.5, 2.34375E-02 
-22.5, 130.5, 0.00000E+00 
-13.5, 130.5, 0.00000E+00 
-4.5, 130.5, 0.00000E+00 
4.5, 130.5, 0.00000E+00 
13.5, 130.5, 0.00000E+00 
22.5, 130.5, 0.00000E+00 
31.5, 130.5, 0.00000E+00 
40.5, 130.5, 0.00000E+00 
49.5, 130.5, 0.00000E+00 
58.5, 130.5, 0.00000E+00 
67.5, 130.5, 2.89855E-02 
76.5, 130.5, 5.89569E-02 
85.5, 130.5, 1.07829E-01 
94.5, 130.5, 1.03015E-01 
103.5, 130.5, 1.63934E-01 
112.5, 130.5, 2.72727E-01 
121.5, 130.5, 2.71845E-01 
130.5, 130.5, 1.93548E-01 
139.5, 130.5, 1.23529E-01 
148.5, 130.5, 8.22785E-02 
157.5, 130.5, 5.36913E-02 
166.5, 130.5, 1.35593E-02 
175.5, 130.5, 2.05479E-02 
-175.5, 121.5, 0.00000E+00 
-166.5, 121.5, 0.00000E+00 
-157.5, 121.5, 0.00000E+00 
-148.5, 121.5, 0.00000E+00 
-139.5, 121.5, 0.00000E+00 
-130.5, 121.5, 0.00000E+00 
-121.5, 121.5, 0.00000E+00 
-112.5, 121.5, 0.00000E+00 
-103.5, 121.5, 0.00000E+00 
-94.5, 121.5, 2.27273E-04 
-85.5, 121.5, 0.00000E+00 
-76.5, 121.5, 1.35777E-04 
-67.5, 121.5, 1.57824E-03 
-58.5, 121.5, 4.16716E-03 
-49.5, 121.5, 1.11408E-02 
-40.5, 121.5, 2.25989E-02 
-31.5, 121.5, 2.16867E-02 
-22.5, 121.5, 1.07143E-01 
-13.5, 121.5, 0.00000E+00 
-4.5, 121.5, 0.00000E+00 
4.5, 121.5, 0.00000E+00 
13.5, 121.5, 0.00000E+00 
22.5, 121.5, 0.00000E+00 
31.5, 121.5, 0.00000E+00 
40.5, 121.5, 0.00000E+00 
49.5, 121.5, 0.00000E+00 
58.5, 121.5, 4.25532E-02 
67.5, 121.5, 5.04202E-02 
76.5, 121.5, 1.14035E-01 
85.5, 121.5, 1.06061E-01 
94.5, 121.5, 1.02190E-01 
103.5, 121.5, 2.54777E-01 
112.5, 121.5, 4.04959E-01 
121.5, 121.5, 2.22222E-01 
130.5, 121.5, 2.81879E-01 
139.5, 121.5, 2.14953E-01 
148.5, 121.5, 9.37500E-02 
157.5, 121.5, 7.40741E-02 
166.5, 121.5, 4.22535E-02 
175.5, 121.5, 1.45985E-02 
-175.5, 112.5, 0.00000E+00 
-166.5, 112.5, 0.00000E+00 
-157.5, 112.5, 0.00000E+00 
-148.5, 112.5, 0.00000E+00 
-139.5, 112.5, 0.00000E+00 
-130.5, 112.5, 0.00000E+00 
-121.5, 112.5, 0.00000E+00 
-112.5, 112.5, 0.00000E+00 
-103.5, 112.5, 0.00000E+00 
-94.5, 112.5, 0.00000E+00 
-85.5, 112.5, 2.68709E-04 
-76.5, 112.5, 6.84697E-04 
-67.5, 112.5, 2.11612E-03 
-58.5, 112.5, 2.25479E-03 
-49.5, 112.5, 5.30223E-03 
-40.5, 112.5, 1.79487E-02 
-31.5, 112.5, 1.36986E-02 
-22.5, 112.5, -4.00000E-02 
-13.5, 112.5, 0.00000E+00 
-4.5, 112.5, 0.00000E+00 
4.5, 112.5, 0.00000E+00 
13.5, 112.5, 0.00000E+00 
22.5, 112.5, 0.00000E+00 
31.5, 112.5, 0.00000E+00 
40.5, 112.5, 0.00000E+00 
49.5, 112.5, 0.00000E+00 
58.5, 112.5, 2.63158E-02 
67.5, 112.5, 2.12766E-02 
76.5, 112.5, 5.73248E-02 
85.5, 112.5, 1.25506E-01 
94.5, 112.5, 1.73160E-01 
103.5, 112.5, 3.35196E-01 
112.5, 112.5, 3.55556E-01 
121.5, 112.5, 3.73333E-01 
130.5, 112.5, 2.55102E-01 
139.5, 112.5, 2.19512E-01 
148.5, 112.5, 1.74603E-01 
157.5, 112.5, 4.39560E-02 
166.5, 112.5, 8.33333E-02 
175.5, 112.5, 0.00000E+00 
-175.5, 103.5, 0.00000E+00 
-166.5, 103.5, 0.00000E+00 
-157.5, 103.5, 0.00000E+00 
-148.5, 103.5, 0.00000E+00 
-139.5, 103.5, 0.00000E+00 
-130.5, 103.5, 0.00000E+00 
-121.5, 103.5, 0.00000E+00 
-112.5, 103.5, 0.00000E+00 
-103.5, 103.5, 0.00000E+00 
-94.5, 103.5, 0.00000E+00 
-85.5, 103.5, 9.89364E-04 
-76.5, 103.5, 4.41891E-04 
-67.5, 103.5, 2.23714E-03 
-58.5, 103.5, 5.35906E-04 
-49.5, 103.5, 4.01606E-03 
-40.5, 103.5, 1.79211E-02 
-31.5, 103.5, 3.37079E-02 
-22.5, 103.5, 4.76190E-02 
-13.5, 103.5, 0.00000E+00 
-4.5, 103.5, 0.00000E+00 
4.5, 103.5, 0.00000E+00 
13.5, 103.5, 0.00000E+00 
22.5, 103.5, 0.00000E+00 
31.5, 103.5, 0.00000E+00 
40.5, 103.5, 0.00000E+00 
49.5, 103.5, 0.00000E+00 
58.5, 103.5, 4.83871E-02 
67.5, 103.5, 6.34921E-02 
76.5, 103.5, 1.06952E-01 
85.5, 103.5, 2.00000E-01 
94.5, 103.5, 2.13836E-01 
103.5, 103.5, 2.88288E-01 
112.5, 103.5, 4.44444E-01 
121.5, 103.5, 7.27273E-01 
130.5, 103.5, 4.61538E-01 
139.5, 103.5, 5.00000E-01 
148.5, 103.5, 3.60656E-01 
157.5, 103.5, 1.53846E-01 
166.5, 103.5, 1.53846E-01 
175.5, 103.5, 8.33333E-02 
-175.5, 94.5, 0.00000E+00 
-166.5, 94.5, 0.00000E+00 
-157.5, 94.5, 0.00000E+00 
-148.5, 94.5, 0.00000E+00 
-139.5, 94.5, 0.00000E+00 
-130.5, 94.5, 0.00000E+00 
-121.5, 94.5, 0.00000E+00 
-112.5, 94.5, 0.00000E+00 
-103.5, 94.5, 0.00000E+00 
-94.5, 94.5, 1.10314E-03 
-85.5, 94.5, 8.24063E-04 
-76.5, 94.5, 1.46413E-03 
-67.5, 94.5, 2.89855E-03 
-58.5, 94.5, 2.45098E-03 
-49.5, 94.5, 7.29927E-03 
-40.5, 94.5, 4.87805E-02 
-31.5, 94.5, 0.00000E+00 
-22.5, 94.5, 1.11111E-01 
-13.5, 94.5, 0.00000E+00 
-4.5, 94.5, 0.00000E+00 
4.5, 94.5, 0.00000E+00 
13.5, 94.5, 0.00000E+00 
22.5, 94.5, 5.71429E-02 
31.5, 94.5, 0.00000E+00 
40.5, 94.5, 3.44828E-02 
49.5, 94.5, 0.00000E+00 
58.5, 94.5, 1.69492E-02 
67.5, 94.5, 4.60526E-02 
76.5, 94.5, 1.20690E-01 
85.5, 94.5, 1.14754E-01 
94.5, 94.5, 3.77358E-01 
103.5, 94.5, 3.78947E-01 
112.5, 94.5, 5.27778E-01 
121.5, 94.5, 5.34884E-01 
130.5, 94.5, 6.38889E-01 
139.5, 94.5, 3.33333E-01 
148.5, 94.5, 2.59259E-01 
157.5, 94.5, 2.27273E-01 
166.5, 94.5, 0.00000E+00 
175.5, 94.5, 0.00000E+00 
-175.5, 85.5, 0.00000E+00 
-166.5, 85.5, 0.00000E+00 
-157.5, 85.5, 0.00000E+00 
-148.5, 85.5, 0.00000E+00 
-139.5, 85.5, 0.00000E+00 
-130.5, 85.5, 0.00000E+00 
-121.5, 85.5, 0.00000E+00 
-112.5, 85.5, 0.00000E+00 
-103.5, 85.5, 0.00000E+00 
-94.5, 85.5, 0.00000E+00 
-85.5, 85.5, 0.00000E+00 
-76.5, 85.5, 1.96592E-03 
-67.5, 85.5, 0.00000E+00 
-58.5, 85.5, 0.00000E+00 
-49.5, 85.5, 9.43396E-02 
-40.5, 85.5, 9.09091E-02 
-31.5, 85.5, 0.00000E+00 
-22.5, 85.5, 0.00000E+00 
-13.5, 85.5, 0.00000E+00 
-4.5, 85.5, 0.00000E+00 
4.5, 85.5, 0.00000E+00 
13.5, 85.5, 9.52381E-02 
22.5, 85.5, 2.98507E-02 
31.5, 85.5, 2.46914E-02 
40.5, 85.5, 4.05405E-02 
49.5, 85.5, 2.80899E-02 
58.5, 85.5, 2.98770E-02 
67.5, 85.5, 2.72109E-02 
76.5, 85.5, 1.64474E-01 
85.5, 85.5, 6.07143E-01 
94.5, 85.5, 4.59016E-01 
103.5, 85.5, 5.00000E-01 
112.5, 85.5, 4.90196E-01 
121.5, 85.5, 7.38095E-01 
130.5, 85.5, 5.89744E-01 
139.5, 85.5, 4.70588E-01 
148.5, 85.5, 7.50000E-01 
157.5, 85.5, 4.11765E-01 
166.5, 85.5, 2.75862E-01 
175.5, 85.5, 7.40741E-02 
-175.5, 76.5, 0.00000E+00 
-166.5, 76.5, 0.00000E+00 
-157.5, 76.5, 0.00000E+00 
-148.5, 76.5, 0.00000E+00 
-139.5, 76.5, 0.00000E+00 
-130.5, 76.5, 0.00000E+00 
-121.5, 76.5, 0.00000E+00 
-112.5, 76.5, 0.00000E+00 
-103.5, 76.5, 0.00000E+00 
-94.5, 76.5, 8.84956E-04 
-85.5, 76.5, 1.16144E-03 
-76.5, 76.5, 0.00000E+00 
-67.5, 76.5, 1.02960E-02 
-58.5, 76.5, 0.00000E+00 
-49.5, 76.5, 1.25000E-01 
-40.5, 76.5, 2.50000E-01 
-31.5, 76.5, 0.00000E+00 
-22.5, 76.5, 0.00000E+00 
-13.5, 76.5, 0.00000E+00 
-4.5, 76.5, 0.00000E+00 
4.5, 76.5, 0.00000E+00 
13.5, 76.5, 0.00000E+00 
22.5, 76.5, 0.00000E+00 
31.5, 76.5, 2.56410E-02 
40.5, 76.5, 1.70940E-02 
49.5, 76.5, 4.46137E-02 
58.5, 76.5, 6.39344E-02 
67.5, 76.5, 1.10454E-01 
76.5, 76.5, 1.97309E-01 
85.5, 76.5, 5.63107E-01 
94.5, 76.5, 6.03604E-01 
103.5, 76.5, 5.15789E-01 
112.5, 76.5, 5.71429E-01 
121.5, 76.5, 7.14286E-01 
130.5, 76.5, 7.81818E-01 
139.5, 76.5, 5.49020E-01 
148.5, 76.5, 3.51852E-01 
157.5, 76.5, 7.58621E-01 
166.5, 76.5, 8.00000E-01 
175.5, 76.5, 6.25000E-02 
-175.5, 67.5, 0.00000E+00 
-166.5, 67.5, 0.00000E+00 
-157.5, 67.5, 0.00000E+00 
-148.5, 67.5, 0.00000E+00 
-139.5, 67.5, 0.00000E+00 
-130.5, 67.5, 0.00000E+00 
-121.5, 67.5, 0.00000E+00 
-112.5, 67.5, 0.00000E+00 
-103.5, 67.5, 0.00000E+00 
-94.5, 67.5, 1.50602E-03 
-85.5, 67.5, 3.78378E-03 
-76.5, 67.5, 5.79374E-03 
-67.5, 67.5, 3.07692E-02 
-58.5, 67.5, 7.37705E-02 
-49.5, 67.5, 3.00000E-01 
-40.5, 67.5, 0.00000E+00 
-31.5, 67.5, 0.00000E+00 
-22.5, 67.5, 0.00000E+00 
-13.5, 67.5, 0.00000E+00 
-4.5, 67.5, 0.00000E+00 
4.5, 67.5, 0.00000E+00 
13.5, 67.5, 7.69231E-02 
22.5, 67.5, 6.25000E-02 
31.5, 67.5, 7.10383E-02 
40.5, 67.5, 1.04854E-01 
49.5, 67.5, 1.12078E-01 
58.5, 67.5, 1.56263E-01 
67.5, 67.5, 2.16312E-01 
76.5, 67.5, 5.24927E-01 
85.5, 67.5, 6.28676E-01 
94.5, 67.5, 4.94624E-01 
103.5, 67.5, 6.70270E-01 
112.5, 67.5, 5.74586E-01 
121.5, 67.5, 5.80420E-01 
130.5, 67.5, 7.19626E-01 
139.5, 67.5, 6.43836E-01 
148.5, 67.5, 5.82090E-01 
157.5, 67.5, 5.23810E-01 
166.5, 67.5, 4.54545E-01 
175.5, 67.5, 1.87500E-01 
-175.5, 58.5, 0.00000E+00 
-166.5, 58.5, 0.00000E+00 
-157.5, 58.5, 0.00000E+00 
-148.5, 58.5, 0.00000E+00 
-139.5, 58.5, 0.00000E+00 
-130.5, 58.5, 0.00000E+00 
-121.5, 58.5, 0.00000E+00 
-112.5, 58.5, 0.00000E+00 
-103.5, 58.5, 0.00000E+00 
-94.5, 58.5, 1.06195E-03 
-85.5, 58.5, 4.21053E-03 
-76.5, 58.5, 1.65453E-02 
-67.5, 58.5, 6.87732E-02 
-58.5, 58.5, 1.93878E-01 
-49.5, 58.5, 6.25000E-01 
-40.5, 58.5, 0.00000E+00 
-31.5, 58.5, 0.00000E+00 
-22.5, 58.5, 0.00000E+00 
-13.5, 58.5, 0.00000E+00 
-4.5, 58.5, 0.00000E+00 
4.5, 58.5, 0.00000E+00 
13.5, 58.5, 1.42857E-01 
22.5, 58.5, 8.10811E-02 
31.5, 58.5, 1.90616E-01 
40.5, 58.5, 2.78049E-01 
49.5, 58.5, 2.94307E-01 
58.5, 58.5, 3.86763E-01 
67.5, 58.5, 6.35938E-01 
76.5, 58.5, 8.79760E-01 
85.5, 58.5, 6.94084E-01 
94.5, 58.5, 5.43689E-01 
103.5, 58.5, 6.54420E-01 
112.5, 58.5, 4.84706E-01 
121.5, 58.5, 4.94624E-01 
130.5, 58.5, 5.70588E-01 
139.5, 58.5, 8.49741E-01 
148.5, 58.5, 7.24638E-01 
157.5, 58.5, 5.60000E-01 
166.5, 58.5, 7.58621E-01 
175.5, 58.5, 5.55556E-02 
-175.5, 49.5, 0.00000E+00 
-166.5, 49.5, 0.00000E+00 
-157.5, 49.5, 0.00000E+00 
-148.5, 49.5, 0.00000E+00 
-139.5, 49.5, 0.00000E+00 
-130.5, 49.5, 0.00000E+00 
-121.5, 49.5, 0.00000E+00 
-112.5, 49.5, 9.19118E-04 
-103.5, 49.5, 8.69565E-04 
-94.5, 49.5, 1.31148E-03 
-85.5, 49.5, 1.12360E-02 
-76.5, 49.5, 4.19304E-02 
-67.5, 49.5, 1.67305E-01 
-58.5, 49.5, 3.70079E-01 
-49.5, 49.5, 4.00000E-01 
-40.5, 49.5, 0.00000E+00 
-31.5, 49.5, 4.93827E-08 
-22.5, 49.5, 0.00000E+00 
-13.5, 49.5, 0.00000E+00 
-4.5, 49.5, 0.00000E+00 
4.5, 49.5, 0.00000E+00 
13.5, 49.5, 5.00000E-01 
22.5, 49.5, 2.22222E-01 
31.5, 49.5, 3.38521E-01 
40.5, 49.5, 5.09063E-01 
49.5, 49.5, 6.26419E-01 
58.5, 49.5, 7.97339E-01 
67.5, 49.5, 1.25971E+00 
76.5, 49.5, 9.55301E-01 
85.5, 49.5, 7.21480E-01 
94.5, 49.5, 6.80710E-01 
103.5, 49.5, 6.41932E-01 
112.5, 49.5, 5.27835E-01 
121.5, 49.5, 5.99572E-01 
130.5, 49.5, 6.34981E-01 
139.5, 49.5, 8.47619E-01 
148.5, 49.5, 8.19672E-01 
157.5, 49.5, 7.25000E-01 
166.5, 49.5, 4.73684E-01 
175.5, 49.5, 1.66667E-01 
-175.5, 40.5, 5.00000E-02 
-166.5, 40.5, 0.00000E+00 
-157.5, 40.5, 0.00000E+00 
-148.5, 40.5, 0.00000E+00 
-139.5, 40.5, 0.00000E+00 
-130.5, 40.5, 0.00000E+00 
-121.5, 40.5, 0.00000E+00 
-112.5, 40.5, 0.00000E+00 
-103.5, 40.5, 6.76590E-04 
-94.5, 40.5, 3.71747E-03 
-85.5, 40.5, 1.55125E-02 
-76.5, 40.5, 3.53535E-02 
-67.5, 40.5, 1.84106E-01 
-58.5, 40.5, 4.17323E-01 
-49.5, 40.5, 2.72727E-01 
-40.5, 40.5, 0.00000E+00 
-31.5, 40.5, 0.00000E+00 
-22.5, 40.5, 0.00000E+00 
-13.5, 40.5, 0.00000E+00 
-4.5, 40.5, 0.00000E+00 
4.5, 40.5, 0.00000E+00 
13.5, 40.5, 0.00000E+00 
22.5, 40.5, 3.33333E-01 
31.5, 40.5, 3.26316E-01 
40.5, 40.5, 6.78867E-01 
49.5, 40.5, 8.96359E-01 
58.5, 40.5, 1.24598E+00 
67.5, 40.5, 1.26652E+00 
76.5, 40.5, 9.60870E-01 
85.5, 40.5, 7.91942E-01 
94.5, 40.5, 6.99584E-01 
103.5, 40.5, 7.29471E-01 
112.5, 40.5, 6.69145E-01 
121.5, 40.5, 5.69486E-01 
130.5, 40.5, 8.15951E-01 
139.5, 40.5, 7.05882E-01 
148.5, 40.5, 7.74194E-01 
157.5, 40.5, 1.25000E+00 
166.5, 40.5, 5.00000E-01 
175.5, 40.5, 5.18519E-01 
-175.5, 31.5, 8.00000E-02 
-166.5, 31.5, 0.00000E+00 
-157.5, 31.5, 0.00000E+00 
-148.5, 31.5, 0.00000E+00 
-139.5, 31.5, 0.00000E+00 
-130.5, 31.5, 0.00000E+00 
-121.5, 31.5, 0.00000E+00 
-112.5, 31.5, 0.00000E+00 
-103.5, 31.5, 5.18135E-04 
-94.5, 31.5, 1.57315E-03 
-85.5, 31.5, 6.16938E-03 
-76.5, 31.5, 3.76254E-02 
-67.5, 31.5, 1.39785E-01 
-58.5, 31.5, 3.25444E-01 
-49.5, 31.5, 4.76190E-02 
-40.5, 31.5, 0.00000E+00 
-31.5, 31.5, 0.00000E+00 
-22.5, 31.5, 0.00000E+00 
-13.5, 31.5, 0.00000E+00 
-4.5, 31.5, 0.00000E+00 
4.5, 31.5, 0.00000E+00 
13.5, 31.5, 0.00000E+00 
22.5, 31.5, 0.00000E+00 
31.5, 31.5, 8.88889E-01 
40.5, 31.5, 9.15408E-01 
49.5, 31.5, 1.08704E+00 
58.5, 31.5, 1.25218E+00 
67.5, 31.5, 1.14674E+00 
76.5, 31.5, 8.88072E-01 
85.5, 31.5, 7.24997E-01 
94.5, 31.5, 6.87324E-01 
103.5, 31.5, 7.41956E-01 
112.5, 31.5, 6.96255E-01 
121.5, 31.5, 7.12329E-01 
130.5, 31.5, 6.48968E-01 
139.5, 31.5, 7.12329E-01 
148.5, 31.5, 6.71642E-01 
157.5, 31.5, 7.69231E-01 
166.5, 31.5, 8.33333E-01 
175.5, 31.5, 0.00000E+00 
-175.5, 22.5, 0.00000E+00 
-166.5, 22.5, 0.00000E+00 
-157.5, 22.5, 0.00000E+00 
-148.5, 22.5, 0.00000E+00 
-139.5, 22.5, 0.00000E+00 
-130.5, 22.5, 0.00000E+00 
-121.5, 22.5, 0.00000E+00 
-112.5, 22.5, 0.00000E+00 
-103.5, 22.5, 3.84320E-04 
-94.5, 22.5, 3.87147E-04 
-85.5, 22.5, 3.60198E-03 
-76.5, 22.5, 3.13411E-02 
-67.5, 22.5, 7.90306E-02 
-58.5, 22.5, 1.91011E-01 
-49.5, 22.5, 1.50000E-01 
-40.5, 22.5, 0.00000E+00 
-31.5, 22.5, 0.00000E+00 
-22.5, 22.5, 0.00000E+00 
-13.5, 22.5, 0.00000E+00 
-4.5, 22.5, 0.00000E+00 
4.5, 22.5, 0.00000E+00 
13.5, 22.5, 0.00000E+00 
22.5, 22.5, 0.00000E+00 
31.5, 22.5, 0.00000E+00 
40.5, 22.5, 8.18182E-01 
49.5, 22.5, 8.84250E-01 
58.5, 22.5, 1.07096E+00 
67.5, 22.5, 9.19529E-01 
76.5, 22.5, 7.36763E-01 
85.5, 22.5, 5.57824E-01 
94.5, 22.5, 5.35343E-01 
103.5, 22.5, 6.25386E-01 
112.5, 22.5, 6.98350E-01 
121.5, 22.5, 6.00506E-01 
130.5, 22.5, 7.50663E-01 
139.5, 22.5, 5.84795E-01 
148.5, 22.5, 4.62687E-01 
157.5, 22.5, 5.60000E-01 
166.5, 22.5, 8.00000E-01 
175.5, 22.5, 1.81818E-01 
-175.5, 13.5, 0.00000E+00 
-166.5, 13.5, 0.00000E+00 
-157.5, 13.5, 0.00000E+00 
-148.5, 13.5, 0.00000E+00 
-139.5, 13.5, 0.00000E+00 
-130.5, 13.5, 0.00000E+00 
-121.5, 13.5, 0.00000E+00 
-112.5, 13.5, 0.00000E+00 
-103.5, 13.5, 3.04229E-04 
-94.5, 13.5, 1.03382E-03 
-85.5, 13.5, 2.76019E-03 
-76.5, 13.5, 5.05902E-03 
-67.5, 13.5, 6.22711E-02 
-58.5, 13.5, 1.97628E-02 
-49.5, 13.5, 4.40000E-01 
-40.5, 13.5, 6.66667E-01 
-31.5, 13.5, 0.00000E+00 
-22.5, 13.5, 0.00000E+00 
-13.5, 13.5, 0.00000E+00 
-4.5, 13.5, 0.00000E+00 
4.5, 13.5, 0.00000E+00 
13.5, 13.5, 0.00000E+00 
22.5, 13.5, 0.00000E+00 
31.5, 13.5, 0.00000E+00 
40.5, 13.5, 2.38095E-01 
49.5, 13.5, 8.28947E-01 
58.5, 13.5, 7.15375E-01 
67.5, 13.5, 6.31181E-01 
76.5, 13.5, 5.01271E-01 
85.5, 13.5, 4.07701E-01 
94.5, 13.5, 3.80204E-01 
103.5, 13.5, 4.29900E-01 
112.5, 13.5, 5.60976E-01 
121.5, 13.5, 5.33902E-01 
130.5, 13.5, 4.98062E-01 
139.5, 13.5, 4.71074E-01 
148.5, 13.5, 3.29897E-01 
157.5, 13.5, 3.75000E-01 
166.5, 13.5, 3.75000E-01 
175.5, 13.5, 0.00000E+00 
-175.5, 4.5, 0.00000E+00 
-166.5, 4.5, 0.00000E+00 
-157.5, 4.5, 0.00000E+00 
-148.5, 4.5, 0.00000E+00 
-139.5, 4.5, 0.00000E+00 
-130.5, 4.5, 0.00000E+00 
-121.5, 4.5, 0.00000E+00 
-112.5, 4.5, 0.00000E+00 
-103.5, 4.5, 2.68817E-04 
-94.5, 4.5, 4.59242E-04 
-85.5, 4.5, 2.49716E-03 
-76.5, 4.5, 1.51629E-02 
-67.5, 4.5, 3.87597E-02 
-58.5, 4.5, 1.02804E-01 
-49.5, 4.5, 1.11111E-01 
-40.5, 4.5, 1.66667E-01 
-31.5, 4.5, 0.00000E+00 
-22.5, 4.5, 0.00000E+00 
-13.5, 4.5, 0.00000E+00 
-4.5, 4.5, 0.00000E+00 
4.5, 4.5, 0.00000E+00 
13.5, 4.5, 0.00000E+00 
22.5, 4.5, 0.00000E+00 
31.5, 4.5, 0.00000E+00 
40.5, 4.5, 3.33333E-01 
49.5, 4.5, 5.77982E-01 
58.5, 4.5, 4.88127E-01 
67.5, 4.5, 4.16454E-01 
76.5, 4.5, 3.53154E-01 
85.5, 4.5, 2.94182E-01 
94.5, 4.5, 2.77949E-01 
103.5, 4.5, 2.95879E-01 
112.5, 4.5, 3.57759E-01 
121.5, 4.5, 3.83652E-01 
130.5, 4.5, 4.12075E-01 
139.5, 4.5, 3.85580E-01 
148.5, 4.5, 3.79310E-01 
157.5, 4.5, 2.95455E-01 
166.5, 4.5, 5.00000E-01 
175.5, 4.5, 2.50000E-01 
-175.5, -4.5, 0.00000E+00 
-166.5, -4.5, 0.00000E+00 
-157.5, -4.5, 0.00000E+00 
-148.5, -4.5, 0.00000E+00 
-139.5, -4.5, 0.00000E+00 
-130.5, -4.5, 0.00000E+00 
-121.5, -4.5, 0.00000E+00 
-112.5, -4.5, 0.00000E+00 
-103.5, -4.5, 2.74725E-04 
-94.5, -4.5, 8.23554E-04 
-85.5, -4.5, 4.47529E-03 
-76.5, -4.5, 1.50775E-02 
-67.5, -4.5, 3.15431E-02 
-58.5, -4.5, 7.29991E-02 
-49.5, -4.5, 1.37615E-01 
-40.5, -4.5, 2.22222E-01 
-31.5, -4.5, 0.00000E+00 
-22.5, -4.5, 0.00000E+00 
-13.5, -4.5, 0.00000E+00 
-4.5, -4.5, 0.00000E+00 
4.5, -4.5, 0.00000E+00 
13.5, -4.5, 0.00000E+00 
22.5, -4.5, 0.00000E+00 
31.5, -4.5, 0.00000E+00 
40.5, -4.5, 0.00000E+00 
49.5, -4.5, -6.66667E-02 
58.5, -4.5, 2.56075E-01 
67.5, -4.5, 2.95681E-01 
76.5, -4.5, 2.46359E-01 
85.5, -4.5, 2.26561E-01 
94.5, -4.5, 2.02067E-01 
103.5, -4.5, 2.29032E-01 
112.5, -4.5, 2.66945E-01 
121.5, -4.5, 3.12877E-01 
130.5, -4.5, 3.43842E-01 
139.5, -4.5, 2.95455E-01 
148.5, -4.5, 2.24335E-01 
157.5, -4.5, 2.02703E-01 
166.5, -4.5, 1.17647E-01 
175.5, -4.5, 0.00000E+00 
-175.5, -13.5, 0.00000E+00 
-166.5, -13.5, 0.00000E+00 
-157.5, -13.5, 0.00000E+00 
-148.5, -13.5, 0.00000E+00 
-139.5, -13.5, 0.00000E+00 
-130.5, -13.5, 0.00000E+00 
-121.5, -13.5, 0.00000E+00 
-112.5, -13.5, 0.00000E+00 
-103.5, -13.5, 0.00000E+00 
-94.5, -13.5, 6.37213E-04 
-85.5, -13.5, 5.64496E-03 
-76.5, -13.5, 1.38959E-02 
-67.5, -13.5, 4.45825E-02 
-58.5, -13.5, 8.85218E-02 
-49.5, -13.5, 1.05263E-01 
-40.5, -13.5, 1.90476E-01 
-31.5, -13.5, 0.00000E+00 
-22.5, -13.5, 0.00000E+00 
-13.5, -13.5, 0.00000E+00 
-4.5, -13.5, 0.00000E+00 
4.5, -13.5, 0.00000E+00 
13.5, -13.5, 0.00000E+00 
22.5, -13.5, 0.00000E+00 
31.5, -13.5, 0.00000E+00 
40.5, -13.5, 0.00000E+00 
49.5, -13.5, 3.60000E-01 
58.5, -13.5, 2.17391E-01 
67.5, -13.5, 2.53968E-01 
76.5, -13.5, 2.23320E-01 
85.5, -13.5, 1.93051E-01 
94.5, -13.5, 1.81509E-01 
103.5, -13.5, 2.16915E-01 
112.5, -13.5, 2.28948E-01 
121.5, -13.5, 2.66494E-01 
130.5, -13.5, 3.16245E-01 
139.5, -13.5, 2.76515E-01 
148.5, -13.5, 2.00535E-01 
157.5, -13.5, 1.41593E-01 
166.5, -13.5, 2.35294E-01 
175.5, -13.5, 0.00000E+00 
-175.5, -22.5, 0.00000E+00 
-166.5, -22.5, 0.00000E+00 
-157.5, -22.5, 0.00000E+00 
-148.5, -22.5, 0.00000E+00 
-139.5, -22.5, 0.00000E+00 
-130.5, -22.5, 0.00000E+00 
-121.5, -22.5, 0.00000E+00 
-112.5, -22.5, 0.00000E+00 
-103.5, -22.5, 4.40723E-04 
-94.5, -22.5, 1.60043E-03 
-85.5, -22.5, 5.38333E-03 
-76.5, -22.5, 2.00830E-02 
-67.5, -22.5, 5.40396E-02 
-58.5, -22.5, 1.13001E-01 
-49.5, -22.5, 1.30930E-01 
-40.5, -22.5, 2.04545E-01 
-31.5, -22.5, 2.50000E-01 
-22.5, -22.5, 0.00000E+00 
-13.5, -22.5, 0.00000E+00 
-4.5, -22.5, 0.00000E+00 
4.5, -22.5, 0.00000E+00 
13.5, -22.5, 0.00000E+00 
22.5, -22.5, 0.00000E+00 
31.5, -22.5, 0.00000E+00 
40.5, -22.5, 0.00000E+00 
49.5, -22.5, 1.00000E-01 
58.5, -22.5, 2.35955E-01 
67.5, -22.5, 1.90727E-01 
76.5, -22.5, 2.41254E-01 
85.5, -22.5, 2.27375E-01 
94.5, -22.5, 1.99768E-01 
103.5, -22.5, 2.12529E-01 
112.5, -22.5, 2.60669E-01 
121.5, -22.5, 2.76016E-01 
130.5, -22.5, 3.41847E-01 
139.5, -22.5, 3.11239E-01 
148.5, -22.5, 2.34252E-01 
157.5, -22.5, 2.03883E-01 
166.5, -22.5, 2.81250E-01 
175.5, -22.5, 1.11111E-01 
-175.5, -31.5, 0.00000E+00 
-166.5, -31.5, 0.00000E+00 
-157.5, -31.5, 0.00000E+00 
-148.5, -31.5, 0.00000E+00 
-139.5, -31.5, 0.00000E+00 
-130.5, -31.5, 0.00000E+00 
-121.5, -31.5, 0.00000E+00 
-112.5, -31.5, 0.00000E+00 
-103.5, -31.5, 0.00000E+00 
-94.5, -31.5, 2.11268E-03 
-85.5, -31.5, 8.58629E-03 
-76.5, -31.5, 2.71489E-02 
-67.5, -31.5, 6.88044E-02 
-58.5, -31.5, 1.53924E-01 
-49.5, -31.5, 2.34626E-01 
-40.5, -31.5, 2.44713E-01 
-31.5, -31.5, 4.44444E-01 
-22.5, -31.5, 0.00000E+00 
-13.5, -31.5, 0.00000E+00 
-4.5, -31.5, 0.00000E+00 
4.5, -31.5, 0.00000E+00 
13.5, -31.5, 0.00000E+00 
22.5, -31.5, 0.00000E+00 
31.5, -31.5, 0.00000E+00 
40.5, -31.5, 0.00000E+00 
49.5, -31.5, 2.38095E-01 
58.5, -31.5, 3.60947E-01 
67.5, -31.5, 4.51613E-01 
76.5, -31.5, 2.76756E-01 
85.5, -31.5, 2.49579E-01 
94.5, -31.5, 2.41741E-01 
103.5, -31.5, 2.59067E-01 
112.5, -31.5, 2.85215E-01 
121.5, -31.5, 3.66497E-01 
130.5, -31.5, 4.74112E-01 
139.5, -31.5, 3.69807E-01 
148.5, -31.5, 2.96703E-01 
157.5, -31.5, 2.68939E-01 
166.5, -31.5, 2.80702E-01 
175.5, -31.5, 3.20000E-01 
-175.5, -40.5, 7.40741E-02 
-166.5, -40.5, 0.00000E+00 
-157.5, -40.5, 0.00000E+00 
-148.5, -40.5, 0.00000E+00 
-139.5, -40.5, 0.00000E+00 
-130.5, -40.5, 0.00000E+00 
-121.5, -40.5, 0.00000E+00 
-112.5, -40.5, 0.00000E+00 
-103.5, -40.5, 0.00000E+00 
-94.5, -40.5, 2.59875E-03 
-85.5, -40.5, 1.11150E-02 
-76.5, -40.5, 4.22766E-02 
-67.5, -40.5, 1.12173E-01 
-58.5, -40.5, 1.92601E-01 
-49.5, -40.5, 2.65480E-01 
-40.5, -40.5, 4.09681E-01 
-31.5, -40.5, 5.36842E-01 
-22.5, -40.5, 0.00000E+00 
-13.5, -40.5, 0.00000E+00 
-4.5, -40.5, 0.00000E+00 
4.5, -40.5, 0.00000E+00 
13.5, -40.5, 0.00000E+00 
22.5, -40.5, 0.00000E+00 
31.5, -40.5, 0.00000E+00 
40.5, -40.5, 0.00000E+00 
49.5, -40.5, 9.09091E-02 
58.5, -40.5, 4.33071E-01 
67.5, -40.5, 4.38411E-01 
76.5, -40.5, 3.33333E-01 
85.5, -40.5, 3.14127E-01 
94.5, -40.5, 2.73234E-01 
103.5, -40.5, 3.13261E-01 
112.5, -40.5, 3.89156E-01 
121.5, -40.5, 4.36493E-01 
130.5, -40.5, 5.53776E-01 
139.5, -40.5, 5.98174E-01 
148.5, -40.5, 4.25758E-01 
157.5, -40.5, 5.01684E-01 
166.5, -40.5, 3.36634E-01 
175.5, -40.5, 1.50000E-01 
-175.5, -49.5, 0.00000E+00 
-166.5, -49.5, 0.00000E+00 
-157.5, -49.5, 0.00000E+00 
-148.5, -49.5, 0.00000E+00 
-139.5, -49.5, 0.00000E+00 
-130.5, -49.5, 0.00000E+00 
-121.5, -49.5, 0.00000E+00 
-112.5, -49.5, 0.00000E+00 
-103.5, -49.5, 0.00000E+00 
-94.5, -49.5, 3.10421E-03 
-85.5, -49.5, 1.58533E-02 
-76.5, -49.5, 5.76923E-02 
-67.5, -49.5, 1.62517E-01 
-58.5, -49.5, 1.98105E-01 
-49.5, -49.5, 3.44169E-01 
-40.5, -49.5, 4.72810E-01 
-31.5, -49.5, 7.35409E-01 
-22.5, -49.5, 5.55556E-01 
-13.5, -49.5, 0.00000E+00 
-4.5, -49.5, 0.00000E+00 
4.5, -49.5, 0.00000E+00 
13.5, -49.5, 0.00000E+00 
22.5, -49.5, 0.00000E+00 
31.5, -49.5, 0.00000E+00 
40.5, -49.5, 0.00000E+00 
49.5, -49.5, 1.00000E-01 
58.5, -49.5, 6.22047E-01 
67.5, -49.5, 5.12133E-01 
76.5, -49.5, 4.41456E-01 
85.5, -49.5, 3.90194E-01 
94.5, -49.5, 3.79672E-01 
103.5, -49.5, 3.66957E-01 
112.5, -49.5, 4.83456E-01 
121.5, -49.5, 5.39629E-01 
130.5, -49.5, 7.04040E-01 
139.5, -49.5, 6.78654E-01 
148.5, -49.5, 6.42263E-01 
157.5, -49.5, 5.48387E-01 
166.5, -49.5, 4.93976E-01 
175.5, -49.5, 2.14286E-01 
-175.5, -58.5, 5.55556E-02 
-166.5, -58.5, 0.00000E+00 
-157.5, -58.5, 0.00000E+00 
-148.5, -58.5, 0.00000E+00 
-139.5, -58.5, 0.00000E+00 
-130.5, -58.5, 0.00000E+00 
-121.5, -58.5, 0.00000E+00 
-112.5, -58.5, 0.00000E+00 
-103.5, -58.5, 0.00000E+00 
-94.5, -58.5, 1.61812E-03 
-85.5, -58.5, 1.58730E-02 
-76.5, -58.5, 8.61723E-02 
-67.5, -58.5, 1.29688E-01 
-58.5, -58.5, 1.94933E-01 
-49.5, -58.5, 2.88517E-01 
-40.5, -58.5, 5.76307E-01 
-31.5, -58.5, 7.71261E-01 
-22.5, -58.5, 7.83784E-01 
-13.5, -58.5, 2.85714E-01 
-4.5, -58.5, 0.00000E+00 
4.5, -58.5, 0.00000E+00 
13.5, -58.5, 0.00000E+00 
22.5, -58.5, 0.00000E+00 
31.5, -58.5, 0.00000E+00 
40.5, -58.5, 0.00000E+00 
49.5, -58.5, 8.75000E-01 
58.5, -58.5, 4.08163E-01 
67.5, -58.5, 4.88848E-01 
76.5, -58.5, 4.75182E-01 
85.5, -58.5, 4.37368E-01 
94.5, -58.5, 3.98938E-01 
103.5, -58.5, 3.86119E-01 
112.5, -58.5, 5.04162E-01 
121.5, -58.5, 5.11387E-01 
130.5, -58.5, 7.03088E-01 
139.5, -58.5, 7.84153E-01 
148.5, -58.5, 5.89595E-01 
157.5, -58.5, 5.25794E-01 
166.5, -58.5, 3.93305E-01 
175.5, -58.5, 3.33333E-01 
-175.5, -67.5, 6.25000E-02 
-166.5, -67.5, 4.54545E-02 
-157.5, -67.5, 0.00000E+00 
-148.5, -67.5, 0.00000E+00 
-139.5, -67.5, 0.00000E+00 
-130.5, -67.5, 0.00000E+00 
-121.5, -67.5, 0.00000E+00 
-112.5, -67.5, 0.00000E+00 
-103.5, -67.5, 5.40541E-03 
-94.5, -67.5, 1.07527E-02 
-85.5, -67.5, 2.20588E-02 
-76.5, -67.5, 8.50440E-02 
-67.5, -67.5, 8.86525E-02 
-58.5, -67.5, 1.28713E-01 
-49.5, -67.5, 2.89445E-01 
-40.5, -67.5, 4.89320E-01 
-31.5, -67.5, 8.19672E-01 
-22.5, -67.5, 6.56250E-01 
-13.5, -67.5, 3.84615E-01 
-4.5, -67.5, 1.00000E+00 
4.5, -67.5, 0.00000E+00 
13.5, -67.5, 0.00000E+00 
22.5, -67.5, 0.00000E+00 
31.5, -67.5, 0.00000E+00 
40.5, -67.5, 1.00000E+00 
49.5, -67.5, 1.00000E+00 
58.5, -67.5, 3.93443E-01 
67.5, -67.5, 4.67692E-01 
76.5, -67.5, 4.28737E-01 
85.5, -67.5, 3.77297E-01 
94.5, -67.5, 3.59187E-01 
103.5, -67.5, 4.10317E-01 
112.5, -67.5, 4.28000E-01 
121.5, -67.5, 5.31777E-01 
130.5, -67.5, 6.40805E-01 
139.5, -67.5, 6.54854E-01 
148.5, -67.5, 5.83725E-01 
157.5, -67.5, 4.65251E-01 
166.5, -67.5, 4.78764E-01 
175.5, -67.5, 3.06452E-01 
-175.5, -76.5, 0.00000E+00 
-166.5, -76.5, 0.00000E+00 
-157.5, -76.5, 0.00000E+00 
-148.5, -76.5, 0.00000E+00 
-139.5, -76.5, 0.00000E+00 
-130.5, -76.5, 0.00000E+00 
-121.5, -76.5, 0.00000E+00 
-112.5, -76.5, 1.02041E-02 
-103.5, -76.5, 0.00000E+00 
-94.5, -76.5, 0.00000E+00 
-85.5, -76.5, 6.79612E-02 
-76.5, -76.5, 3.13901E-02 
-67.5, -76.5, 8.87574E-02 
-58.5, -76.5, 1.32787E-01 
-49.5, -76.5, 2.33950E-01 
-40.5, -76.5, 4.44444E-01 
-31.5, -76.5, 7.43590E-01 
-22.5, -76.5, 6.29630E-01 
-13.5, -76.5, 5.26316E-01 
-4.5, -76.5, 2.00000E-01 
4.5, -76.5, 0.00000E+00 
13.5, -76.5, 0.00000E+00 
22.5, -76.5, 0.00000E+00 
31.5, -76.5, 2.50000E-01 
40.5, -76.5, 5.00000E-01 
49.5, -76.5, 5.41667E-01 
58.5, -76.5, 5.26882E-01 
67.5, -76.5, 4.23423E-01 
76.5, -76.5, 3.93730E-01 
85.5, -76.5, 3.70499E-01 
94.5, -76.5, 3.40708E-01 
103.5, -76.5, 3.71094E-01 
112.5, -76.5, 3.59050E-01 
121.5, -76.5, 4.20613E-01 
130.5, -76.5, 5.27653E-01 
139.5, -76.5, 6.38889E-01 
148.5, -76.5, 5.27825E-01 
157.5, -76.5, 4.43160E-01 
166.5, -76.5, 5.87302E-01 
175.5, -76.5, 3.29114E-01 
-175.5, -85.5, 2.22222E-01 
-166.5, -85.5, 0.00000E+00 
-157.5, -85.5, 0.00000E+00 
-148.5, -85.5, 0.00000E+00 
-139.5, -85.5, 0.00000E+00 
-130.5, -85.5, 0.00000E+00 
-121.5, -85.5, 0.00000E+00 
-112.5, -85.5, 0.00000E+00 
-103.5, -85.5, 0.00000E+00 
-94.5, -85.5, 1.63934E-02 
-85.5, -85.5, -1.78571E-02 
-76.5, -85.5, 8.55263E-02 
-67.5, -85.5, 8.16327E-02 
-58.5, -85.5, 1.56415E-01 
-49.5, -85.5, 2.52809E-01 
-40.5, -85.5, 6.48649E-01 
-31.5, -85.5, 7.40741E-01 
-22.5, -85.5, 5.67164E-01 
-13.5, -85.5, 5.71429E-01 
-4.5, -85.5, 6.25000E-01 
4.5, -85.5, 5.00000E-01 
13.5, -85.5, 5.00000E-01 
22.5, -85.5, 0.00000E+00 
31.5, -85.5, 1.66667E-01 
40.5, -85.5, 5.00000E-01 
49.5, -85.5, 4.52830E-01 
58.5, -85.5, 5.05495E-01 
67.5, -85.5, 3.67391E-01 
76.5, -85.5, 3.63041E-01 
85.5, -85.5, 2.98361E-01 
94.5, -85.5, 3.07463E-01 
103.5, -85.5, 3.32406E-01 
112.5, -85.5, 3.48398E-01 
121.5, -85.5, 3.83764E-01 
130.5, -85.5, 3.85057E-01 
139.5, -85.5, 5.34070E-01 
148.5, -85.5, 5.59499E-01 
157.5, -85.5, 5.97368E-01 
166.5, -85.5, 4.90196E-01 
175.5, -85.5, 3.75000E-01 
-175.5, -94.5, 2.70270E-01 
-166.5, -94.5, 5.71429E-02 
-157.5, -94.5, 0.00000E+00 
-148.5, -94.5, 0.00000E+00 
-139.5, -94.5, 0.00000E+00 
-130.5, -94.5, 0.00000E+00 
-121.5, -94.5, 0.00000E+00 
-112.5, -94.5, 0.00000E+00 
-103.5, -94.5, 0.00000E+00 
-94.5, -94.5, 1.88679E-02 
-85.5, -94.5, 1.63934E-02 
-76.5, -94.5, 8.62069E-02 
-67.5, -94.5, 7.23684E-02 
-58.5, -94.5, 1.69492E-01 
-49.5, -94.5, 1.96078E-01 
-40.5, -94.5, 3.79310E-01 
-31.5, -94.5, 4.65116E-01 
-22.5, -94.5, 1.71429E-01 
-13.5, -94.5, 5.38462E-01 
-4.5, -94.5, 5.00000E-01 
4.5, -94.5, 1.25000E-01 
13.5, -94.5, 4.00000E-01 
22.5, -94.5, 4.44444E-01 
31.5, -94.5, 1.17647E+00 
40.5, -94.5, 1.00000E+00 
49.5, -94.5, 8.39416E-01 
58.5, -94.5, 7.35294E-01 
67.5, -94.5, 5.02415E-01 
76.5, -94.5, 4.26794E-01 
85.5, -94.5, 3.99670E-01 
94.5, -94.5, 3.29840E-01 
103.5, -94.5, 2.35489E-01 
112.5, -94.5, 2.24449E-01 
121.5, -94.5, 2.22930E-01 
130.5, -94.5, 2.56637E-01 
139.5, -94.5, 3.68947E-01 
148.5, -94.5, 4.34372E-01 
157.5, -94.5, 5.37433E-01 
166.5, -94.5, 6.37755E-01 
175.5, -94.5, 5.00000E-01 
-175.5, -103.5, 2.91667E-01 
-166.5, -103.5, 3.84615E-02 
-157.5, -103.5, 0.00000E+00 
-148.5, -103.5, 0.00000E+00 
-139.5, -103.5, 0.00000E+00 
-130.5, -103.5, 0.00000E+00 
-121.5, -103.5, 0.00000E+00 
-112.5, -103.5, 0.00000E+00 
-103.5, -103.5, 0.00000E+00 
-94.5, -103.5, 3.77358E-02 
-85.5, -103.5, 5.45455E-02 
-76.5, -103.5, 1.17647E-01 
-67.5, -103.5, 1.37566E-01 
-58.5, -103.5, 1.29032E-01 
-49.5, -103.5, 3.63636E-01 
-40.5, -103.5, 1.53846E-01 
-31.5, -103.5, 3.75000E-01 
-22.5, -103.5, 2.00000E-01 
-13.5, -103.5, 4.28571E-01 
-4.5, -103.5, 6.66667E-01 
4.5, -103.5, 1.42857E-01 
13.5, -103.5, 5.00000E-01 
22.5, -103.5, 7.61905E-01 
31.5, -103.5, 1.02247E+00 
40.5, -103.5, 9.71326E-01 
49.5, -103.5, 9.46452E-01 
58.5, -103.5, 7.11147E-01 
67.5, -103.5, 5.31879E-01 
76.5, -103.5, 3.76491E-01 
85.5, -103.5, 2.67128E-01 
94.5, -103.5, 2.24287E-01 
103.5, -103.5, 1.88478E-01 
112.5, -103.5, 1.70025E-01 
121.5, -103.5, 1.59130E-01 
130.5, -103.5, 1.92574E-01 
139.5, -103.5, 2.84781E-01 
148.5, -103.5, 4.88820E-01 
157.5, -103.5, 4.98516E-01 
166.5, -103.5, 5.03704E-01 
175.5, -103.5, 8.15789E-01 
-175.5, -112.5, 3.42105E-01 
-166.5, -112.5, 0.00000E+00 
-157.5, -112.5, 0.00000E+00 
-148.5, -112.5, 0.00000E+00 
-139.5, -112.5, 0.00000E+00 
-130.5, -112.5, 0.00000E+00 
-121.5, -112.5, 0.00000E+00 
-112.5, -112.5, 0.00000E+00 
-103.5, -112.5, 0.00000E+00 
-94.5, -112.5, 8.65801E-03 
-85.5, -112.5, 2.02429E-02 
-76.5, -112.5, 1.46497E-01 
-67.5, -112.5, 2.05674E-01 
-58.5, -112.5, 2.10526E-01 
-49.5, -112.5, 6.00000E-01 
-40.5, -112.5, 1.66667E-01 
-31.5, -112.5, 0.00000E+00 
-22.5, -112.5, 1.00000E+00 
-13.5, -112.5, 0.00000E+00 
-4.5, -112.5, 0.00000E+00 
4.5, -112.5, 2.50000E-01 
13.5, -112.5, 4.16667E-01 
22.5, -112.5, 8.40000E-01 
31.5, -112.5, 1.07306E+00 
40.5, -112.5, 9.87179E-01 
49.5, -112.5, 1.01909E+00 
58.5, -112.5, 7.45434E-01 
67.5, -112.5, 4.97553E-01 
76.5, -112.5, 3.32991E-01 
85.5, -112.5, 2.61185E-01 
94.5, -112.5, 2.21624E-01 
103.5, -112.5, 1.74359E-01 
112.5, -112.5, 1.63758E-01 
121.5, -112.5, 1.49055E-01 
130.5, -112.5, 1.96439E-01 
139.5, -112.5, 2.64571E-01 
148.5, -112.5, 5.14841E-01 
157.5, -112.5, 5.62029E-01 
166.5, -112.5, 5.65774E-01 
175.5, -112.5, 6.38462E-01 
-175.5, -121.5, 3.50365E-01 
-166.5, -121.5, 4.22535E-02 
-157.5, -121.5, 0.00000E+00 
-148.5, -121.5, 0.00000E+00 
-139.5, -121.5, 0.00000E+00 
-130.5, -121.5, 0.00000E+00 
-121.5, -121.5, 0.00000E+00 
-112.5, -121.5, 0.00000E+00 
-103.5, -121.5, 0.00000E+00 
-94.5, -121.5, 1.45985E-02 
-85.5, -121.5, 6.56566E-02 
-76.5, -121.5, 1.57895E-01 
-67.5, -121.5, 3.86555E-01 
-58.5, -121.5, 3.40426E-01 
-49.5, -121.5, 1.42857E-01 
-40.5, -121.5, 0.00000E+00 
-31.5, -121.5, 0.00000E+00 
-22.5, -121.5, 0.00000E+00 
-13.5, -121.5, 0.00000E+00 
-4.5, -121.5, 0.00000E+00 
4.5, -121.5, 6.66667E-01 
13.5, -121.5, 4.61538E-01 
22.5, -121.5, 1.25000E+00 
31.5, -121.5, 1.00964E+00 
40.5, -121.5, 1.02034E+00 
49.5, -121.5, 1.08333E+00 
58.5, -121.5, 8.90225E-01 
67.5, -121.5, 5.97249E-01 
76.5, -121.5, 3.98778E-01 
85.5, -121.5, 3.01658E-01 
94.5, -121.5, 2.62500E-01 
103.5, -121.5, 2.21334E-01 
112.5, -121.5, 2.05019E-01 
121.5, -121.5, 1.93947E-01 
130.5, -121.5, 2.31899E-01 
139.5, -121.5, 3.32521E-01 
148.5, -121.5, 6.62638E-01 
157.5, -121.5, 6.33797E-01 
166.5, -121.5, 6.78388E-01 
175.5, -121.5, 7.84141E-01 
-175.5, -130.5, 3.28767E-01 
-166.5, -130.5, 4.06780E-02 
-157.5, -130.5, 0.00000E+00 
-148.5, -130.5, 0.00000E+00 
-139.5, -130.5, 0.00000E+00 
-130.5, -130.5, 0.00000E+00 
-121.5, -130.5, 0.00000E+00 
-112.5, -130.5, 0.00000E+00 
-103.5, -130.5, 3.64299E-03 
-94.5, -130.5, 1.25628E-02 
-85.5, -130.5, 7.23781E-02 
-76.5, -130.5, 1.36054E-01 
-67.5, -130.5, 2.75362E-01 
-58.5, -130.5, 2.38095E-01 
-49.5, -130.5, 1.00000E+00 
-40.5, -130.5, 0.00000E+00 
-31.5, -130.5, 0.00000E+00 
-22.5, -130.5, 2.46914E-08 
-13.5, -130.5, 0.00000E+00 
-4.5, -130.5, 0.00000E+00 
4.5, -130.5, 0.00000E+00 
13.5, -130.5, 5.00000E-01 
22.5, -130.5, 6.85714E-01 
31.5, -130.5, 9.10156E-01 
40.5, -130.5, 9.79016E-01 
49.5, -130.5, 9.97654E-01 
58.5, -130.5, 1.02046E+00 
67.5, -130.5, 8.30023E-01 
76.5, -130.5, 5.69983E-01 
85.5, -130.5, 4.53037E-01 
94.5, -130.5, 3.80793E-01 
103.5, -130.5, 3.37706E-01 
112.5, -130.5, 3.03809E-01 
121.5, -130.5, 2.85063E-01 
130.5, -130.5, 3.13111E-01 
139.5, -130.5, 4.67818E-01 
148.5, -130.5, 8.50643E-01 
157.5, -130.5, 8.91892E-01 
166.5, -130.5, 8.26972E-01 
175.5, -130.5, 7.21461E-01 
-175.5, -139.5, 3.13653E-01 
-166.5, -139.5, 3.29068E-02 
-157.5, -139.5, 0.00000E+00 
-148.5, -139.5, 0.00000E+00 
-139.5, -139.5, 0.00000E+00 
-130.5, -139.5, 0.00000E+00 
-121.5, -139.5, 0.00000E+00 
-112.5, -139.5, 0.00000E+00 
-103.5, -139.5, 1.90658E-03 
-94.5, -139.5, 1.49142E-03 
-85.5, -139.5, 4.42992E-02 
-76.5, -139.5, 9.40893E-02 
-67.5, -139.5, 2.72059E-01 
-58.5, -139.5, 1.75000E-01 
-49.5, -139.5, 1.25000E+00 
-40.5, -139.5, 0.00000E+00 
-31.5, -139.5, 0.00000E+00 
-22.5, -139.5, 0.00000E+00 
-13.5, -139.5, 0.00000E+00 
-4.5, -139.5, 0.00000E+00 
4.5, -139.5, 0.00000E+00 
13.5, -139.5, 0.00000E+00 
22.5, -139.5, 6.50000E-01 
31.5, -139.5, 7.91667E-01 
40.5, -139.5, 8.91483E-01 
49.5, -139.5, 9.09979E-01 
58.5, -139.5, 9.20670E-01 
67.5, -139.5, 9.71917E-01 
76.5, -139.5, 8.96136E-01 
85.5, -139.5, 6.92562E-01 
94.5, -139.5, 5.87739E-01 
103.5, -139.5, 5.07346E-01 
112.5, -139.5, 4.28251E-01 
121.5, -139.5, 4.05997E-01 
130.5, -139.5, 4.64291E-01 
139.5, -139.5, 6.56651E-01 
148.5, -139.5, 1.01757E+00 
157.5, -139.5, 8.65778E-01 
166.5, -139.5, 7.18986E-01 
175.5, -139.5, 6.57407E-01 
-175.5, -148.5, 2.32949E-01 
-166.5, -148.5, 3.04348E-02 
-157.5, -148.5, 0.00000E+00 
-148.5, -148.5, 0.00000E+00 
-139.5, -148.5, 0.00000E+00 
-130.5, -148.5, 0.00000E+00 
-121.5, -148.5, 0.00000E+00 
-112.5, -148.5, 0.00000E+00 
-103.5, -148.5, 1.15473E-03 
-94.5, -148.5, -4.33651E-04 
-85.5, -148.5, 4.21053E-03 
-76.5, -148.5, 5.00603E-02 
-67.5, -148.5, 2.02479E-01 
-58.5, -148.5, 1.66667E-01 
-49.5, -148.5, 1.00000E+00 
-40.5, -148.5, 1.00000E+00 
-31.5, -148.5, 0.00000E+00 
-22.5, -148.5, 0.00000E+00 
-13.5, -148.5, 0.00000E+00 
-4.5, -148.5, 0.00000E+00 
4.5, -148.5, 0.00000E+00 
13.5, -148.5, 0.00000E+00 
22.5, -148.5, 6.00000E-01 
31.5, -148.5, 7.66667E-01 
40.5, -148.5, 6.89970E-01 
49.5, -148.5, 7.64810E-01 
58.5, -148.5, 7.68259E-01 
67.5, -148.5, 8.04798E-01 
76.5, -148.5, 8.48469E-01 
85.5, -148.5, 8.84352E-01 
94.5, -148.5, 8.35827E-01 
103.5, -148.5, 7.74515E-01 
112.5, -148.5, 6.36124E-01 
121.5, -148.5, 5.71499E-01 
130.5, -148.5, 6.49893E-01 
139.5, -148.5, 7.93931E-01 
148.5, -148.5, 9.11307E-01 
157.5, -148.5, 7.17425E-01 
166.5, -148.5, 5.83258E-01 
175.5, -148.5, 5.34019E-01 
-175.5, -157.5, 1.33788E-01 
-166.5, -157.5, 1.58273E-02 
-157.5, -157.5, 0.00000E+00 
-148.5, -157.5, 0.00000E+00 
-139.5, -157.5, 0.00000E+00 
-130.5, -157.5, 0.00000E+00 
-121.5, -157.5, 0.00000E+00 
-112.5, -157.5, 0.00000E+00 
-103.5, -157.5, 0.00000E+00 
-94.5, -157.5, 8.95522E-04 
-85.5, -157.5, 6.10687E-03 
-76.5, -157.5, 2.54521E-02 
-67.5, -157.5, 5.89240E-02 
-58.5, -157.5, 1.55440E-01 
-49.5, -157.5, 2.30769E-01 
-40.5, -157.5, 0.00000E+00 
-31.5, -157.5, 0.00000E+00 
-22.5, -157.5, 0.00000E+00 
-13.5, -157.5, 0.00000E+00 
-4.5, -157.5, 0.00000E+00 
4.5, -157.5, 0.00000E+00 
13.5, -157.5, 0.00000E+00 
22.5, -157.5, 0.00000E+00 
31.5, -157.5, 5.21739E-01 
40.5, -157.5, 6.92529E-01 
49.5, -157.5, 6.27391E-01 
58.5, -157.5, 6.32320E-01 
67.5, -157.5, 6.75656E-01 
76.5, -157.5, 7.25250E-01 
85.5, -157.5, 7.03320E-01 
94.5, -157.5, 7.43035E-01 
103.5, -157.5, 7.82521E-01 
112.5, -157.5, 7.04845E-01 
121.5, -157.5, 6.34615E-01 
130.5, -157.5, 7.09455E-01 
139.5, -157.5, 7.30219E-01 
148.5, -157.5, 7.04839E-01 
157.5, -157.5, 5.88119E-01 
166.5, -157.5, 5.01353E-01 
175.5, -157.5, 4.61671E-01 
-175.5, -166.5, 6.85714E-02 
-166.5, -166.5, 3.90434E-03 
-157.5, -166.5, 0.00000E+00 
-148.5, -166.5, 0.00000E+00 
-139.5, -166.5, 0.00000E+00 
-130.5, -166.5, 0.00000E+00 
-121.5, -166.5, 0.00000E+00 
-112.5, -166.5, 0.00000E+00 
-103.5, -166.5, 0.00000E+00 
-94.5, -166.5, 4.42772E-04 
-85.5, -166.5, 8.87154E-04 
-76.5, -166.5, 1.13929E-02 
-67.5, -166.5, 2.17391E-02 
-58.5, -166.5, 6.04651E-02 
-49.5, -166.5, 2.05128E-01 
-40.5, -166.5, 1.00000E+00 
-31.5, -166.5, 0.00000E+00 
-22.5, -166.5, 0.00000E+00 
-13.5, -166.5, 0.00000E+00 
-4.5, -166.5, 0.00000E+00 
4.5, -166.5, 0.00000E+00 
13.5, -166.5, 0.00000E+00 
22.5, -166.5, 0.00000E+00 
31.5, -166.5, 1.50000E+00 
40.5, -166.5, 7.58621E-01 
49.5, -166.5, 5.08941E-01 
58.5, -166.5, 5.59161E-01 
67.5, -166.5, 5.69575E-01 
76.5, -166.5, 5.66245E-01 
85.5, -166.5, 5.57555E-01 
94.5, -166.5, 5.87292E-01 
103.5, -166.5, 6.59401E-01 
112.5, -166.5, 6.63804E-01 
121.5, -166.5, 5.97034E-01 
130.5, -166.5, 6.48976E-01 
139.5, -166.5, 5.84233E-01 
148.5, -166.5, 4.99360E-01 
157.5, -166.5, 4.89835E-01 
166.5, -166.5, 4.43739E-01 
175.5, -166.5, 3.05233E-01 
-175.5, -175.5, 1.80476E-02 
-166.5, -175.5, 7.85855E-04 
-157.5, -175.5, 0.00000E+00 
-148.5, -175.5, 0.00000E+00 
-139.5, -175.5, 0.00000E+00 
-130.5, -175.5, 0.00000E+00 
-121.5, -175.5, 0.00000E+00 
-112.5, -175.5, 0.00000E+00 
-103.5, -175.5, 0.00000E+00 
-94.5, -175.5, 3.72787E-04 
-85.5, -175.5, 1.42816E-03 
-76.5, -175.5, 4.71629E-03 
-67.5, -175.5, 1.73458E-02 
-58.5, -175.5, 2.24359E-02 
-49.5, -175.5, 6.25000E-02 
-40.5, -175.5, 3.33333E-01 
-31.5, -175.5, 0.00000E+00 
-22.5, -175.5, 0.00000E+00 
-13.5, -175.5, 0.00000E+00 
-4.5, -175.5, 0.00000E+00 
4.5, -175.5, 0.00000E+00 
13.5, -175.5, 0.00000E+00 
22.5, -175.5, 0.00000E+00 
31.5, -175.5, 0.00000E+00 
40.5, -175.5, 2.85714E-01 
49.5, -175.5, 3.74613E-01 
58.5, -175.5, 4.52774E-01 
67.5, -175.5, 3.79396E-01 
76.5, -175.5, 3.33629E-01 
85.5, -175.5, 2.79235E-01 
94.5, -175.5, 3.19781E-01 
103.5, -175.5, 4.29663E-01 
112.5, -175.5, 5.33774E-01 
121.5, -175.5, 6.15490E-01 
130.5, -175.5, 5.40925E-01 
139.5, -175.5, 4.75000E-01 
148.5, -175.5, 4.10330E-01 
157.5, -175.5, 4.79180E-01 
166.5, -175.5, 3.52610E-01 
175.5, -175.5, 1.18596E-01 
