x, y, probability density 
-175.5, 175.5, 5.56676E-02 
-166.5, 175.5, 2.24900E-01 
-157.5, 175.5, 3.34401E-01 
-148.5, 175.5, 4.05548E-01 
-139.5, 175.5, 6.40816E-01 
-130.5, 175.5, 8.97390E-01 
-121.5, 175.5, 1.04524E+00 
-112.5, 175.5, 1.12408E+00 
-103.5, 175.5, 7.50637E-01 
-94.5, 175.5, 4.82771E-01 
-85.5, 175.5, 3.79697E-01 
-76.5, 175.5, 3.31091E-01 
-67.5, 175.5, 3.15176E-01 
-58.5, 175.5, 2.95750E-01 
-49.5, 175.5, 2.13622E-01 
-40.5, 175.5, 2.85714E-01 
-31.5, 175.5, 0.00000E+00 
-22.5, 175.5, 0.00000E+00 
-13.5, 175.5, 0.00000E+00 
-4.5, 175.5, 0.00000E+00 
4.5, 175.5, 0.00000E+00 
13.5, 175.5, 0.00000E+00 
22.5, 175.5, 0.00000E+00 
31.5, 175.5, 0.00000E+00 
40.5, 175.5, 0.00000E+00 
49.5, 175.5, 4.16667E-02 
58.5, 175.5, 5.23504E-02 
67.5, 175.5, 1.51432E-02 
76.5, 175.5, 5.60059E-03 
85.5, 175.5, 1.14253E-03 
94.5, 175.5, 0.00000E+00 
103.5, 175.5, 0.00000E+00 
112.5, 175.5, 0.00000E+00 
121.5, 175.5, 0.00000E+00 
130.5, 175.5, 0.00000E+00 
139.5, 175.5, 0.00000E+00 
148.5, 175.5, 0.00000E+00 
157.5, 175.5, 0.00000E+00 
166.5, 175.5, 0.00000E+00 
175.5, 175.5, 5.74241E-03 
-175.5, 166.5, 1.43411E-01 
-166.5, 166.5, 2.77223E-01 
-157.5, 166.5, 3.91360E-01 
-148.5, 166.5, 4.69142E-01 
-139.5, 166.5, 6.34719E-01 
-130.5, 166.5, 8.98200E-01 
-121.5, 166.5, 9.11992E-01 
-112.5, 166.5, 1.11902E+00 
-103.5, 166.5, 9.76645E-01 
-94.5, 166.5, 8.23931E-01 
-85.5, 166.5, 6.30137E-01 
-76.5, 166.5, 5.62700E-01 
-67.5, 166.5, 4.53350E-01 
-58.5, 166.5, 3.63160E-01 
-49.5, 166.5, 2.76479E-01 
-40.5, 166.5, 1.89655E-01 
-31.5, 166.5, 0.00000E+00 
-22.5, 166.5, 2.46914E-08 
-13.5, 166.5, 0.00000E+00 
-4.5, 166.5, 0.00000E+00 
4.5, 166.5, 0.00000E+00 
13.5, 166.5, 0.00000E+00 
22.5, 166.5, 0.00000E+00 
31.5, 166.5, 0.00000E+00 
40.5, 166.5, 2.00000E+00 
49.5, 166.5, 3.07692E-01 
58.5, 166.5, 8.37209E-02 
67.5, 166.5, 2.26449E-02 
76.5, 166.5, 1.22528E-02 
85.5, 166.5, 8.87154E-04 
94.5, 166.5, 4.42772E-04 
103.5, 166.5, 0.00000E+00 
112.5, 166.5, 0.00000E+00 
121.5, 166.5, 0.00000E+00 
130.5, 166.5, 0.00000E+00 
139.5, 166.5, 0.00000E+00 
148.5, 166.5, 0.00000E+00 
157.5, 166.5, 0.00000E+00 
166.5, 166.5, 1.95217E-03 
175.5, 166.5, 1.33333E-02 
-175.5, 157.5, 2.10164E-01 
-166.5, 157.5, 2.79531E-01 
-157.5, 157.5, 3.99560E-01 
-148.5, 157.5, 5.47142E-01 
-139.5, 157.5, 6.92445E-01 
-130.5, 157.5, 8.57858E-01 
-121.5, 157.5, 8.55978E-01 
-112.5, 157.5, 9.90924E-01 
-103.5, 157.5, 1.04499E+00 
-94.5, 157.5, 9.22220E-01 
-85.5, 157.5, 7.75424E-01 
-76.5, 157.5, 6.64894E-01 
-67.5, 157.5, 4.94208E-01 
-58.5, 157.5, 3.89154E-01 
-49.5, 157.5, 3.06427E-01 
-40.5, 157.5, 3.07471E-01 
-31.5, 157.5, 1.30435E-01 
-22.5, 157.5, 0.00000E+00 
-13.5, 157.5, 0.00000E+00 
-4.5, 157.5, 0.00000E+00 
4.5, 157.5, 0.00000E+00 
13.5, 157.5, 0.00000E+00 
22.5, 157.5, 0.00000E+00 
31.5, 157.5, 0.00000E+00 
40.5, 157.5, 0.00000E+00 
49.5, 157.5, 7.69231E-02 
58.5, 157.5, 1.65803E-01 
67.5, 157.5, 3.33049E-02 
76.5, 157.5, 1.20563E-02 
85.5, 157.5, 1.01781E-03 
94.5, 157.5, 8.95522E-04 
103.5, 157.5, 0.00000E+00 
112.5, 157.5, 0.00000E+00 
121.5, 157.5, 0.00000E+00 
130.5, 157.5, 0.00000E+00 
139.5, 157.5, 0.00000E+00 
148.5, 157.5, 0.00000E+00 
157.5, 157.5, 0.00000E+00 
166.5, 157.5, 2.87770E-03 
175.5, 157.5, 3.95904E-02 
-175.5, 148.5, 2.11234E-01 
-166.5, 148.5, 2.98453E-01 
-157.5, 148.5, 4.44518E-01 
-148.5, 148.5, 6.69375E-01 
-139.5, 148.5, 7.23833E-01 
-130.5, 148.5, 6.94935E-01 
-121.5, 148.5, 7.24671E-01 
-112.5, 148.5, 8.17036E-01 
-103.5, 148.5, 9.68551E-01 
-94.5, 148.5, 1.01730E+00 
-85.5, 148.5, 9.19644E-01 
-76.5, 148.5, 7.70922E-01 
-67.5, 148.5, 6.04598E-01 
-58.5, 148.5, 4.63733E-01 
-49.5, 148.5, 3.75790E-01 
-40.5, 148.5, 3.23202E-01 
-31.5, 148.5, 3.44444E-01 
-22.5, 148.5, 6.00000E-01 
-13.5, 148.5, 0.00000E+00 
-4.5, 148.5, 0.00000E+00 
4.5, 148.5, 0.00000E+00 
13.5, 148.5, 0.00000E+00 
22.5, 148.5, 0.00000E+00 
31.5, 148.5, 2.46914E-08 
40.5, 148.5, 0.00000E+00 
49.5, 148.5, 0.00000E+00 
58.5, 148.5, 1.66667E-01 
67.5, 148.5, 1.07438E-01 
76.5, 148.5, 2.95537E-02 
85.5, 148.5, -8.42105E-04 
94.5, 148.5, -2.16826E-03 
103.5, 148.5, 0.00000E+00 
112.5, 148.5, 0.00000E+00 
121.5, 148.5, 0.00000E+00 
130.5, 148.5, 0.00000E+00 
139.5, 148.5, 0.00000E+00 
148.5, 148.5, 0.00000E+00 
157.5, 148.5, 0.00000E+00 
166.5, 148.5, 2.17391E-03 
175.5, 148.5, 4.40714E-02 
-175.5, 139.5, 2.62731E-01 
-166.5, 139.5, 3.76167E-01 
-157.5, 139.5, 5.39487E-01 
-148.5, 139.5, 7.50163E-01 
-139.5, 139.5, 5.95753E-01 
-130.5, 139.5, 4.94512E-01 
-121.5, 139.5, 4.88830E-01 
-112.5, 139.5, 5.36144E-01 
-103.5, 139.5, 6.32695E-01 
-94.5, 139.5, 7.29879E-01 
-85.5, 139.5, 7.89804E-01 
-76.5, 139.5, 8.66383E-01 
-67.5, 139.5, 7.61719E-01 
-58.5, 139.5, 5.73937E-01 
-49.5, 139.5, 4.58684E-01 
-40.5, 139.5, 4.11378E-01 
-31.5, 139.5, 4.47917E-01 
-22.5, 139.5, 2.50000E-01 
-13.5, 139.5, 0.00000E+00 
-4.5, 139.5, 0.00000E+00 
4.5, 139.5, 0.00000E+00 
13.5, 139.5, 0.00000E+00 
22.5, 139.5, 0.00000E+00 
31.5, 139.5, 0.00000E+00 
40.5, 139.5, 0.00000E+00 
49.5, 139.5, 1.00000E+00 
58.5, 139.5, 2.75000E-01 
67.5, 139.5, 1.32353E-01 
76.5, 139.5, 3.86007E-02 
85.5, 139.5, 6.53595E-03 
94.5, 139.5, -5.96570E-03 
103.5, 139.5, 0.00000E+00 
112.5, 139.5, 0.00000E+00 
121.5, 139.5, 0.00000E+00 
130.5, 139.5, 0.00000E+00 
139.5, 139.5, 0.00000E+00 
148.5, 139.5, 0.00000E+00 
157.5, 139.5, 0.00000E+00 
166.5, 139.5, 1.46252E-02 
175.5, 139.5, 6.64207E-02 
-175.5, 130.5, 3.26484E-01 
-166.5, 130.5, 4.52078E-01 
-157.5, 130.5, 6.36573E-01 
-148.5, 130.5, 7.08180E-01 
-139.5, 130.5, 4.62139E-01 
-130.5, 130.5, 3.61229E-01 
-121.5, 130.5, 3.57806E-01 
-112.5, 130.5, 3.93033E-01 
-103.5, 130.5, 4.61936E-01 
-94.5, 130.5, 5.18336E-01 
-85.5, 130.5, 5.69767E-01 
-76.5, 130.5, 6.29427E-01 
-67.5, 130.5, 7.70265E-01 
-58.5, 130.5, 7.42310E-01 
-49.5, 130.5, 6.02299E-01 
-40.5, 130.5, 5.39074E-01 
-31.5, 130.5, 5.11719E-01 
-22.5, 130.5, 3.42857E-01 
-13.5, 130.5, 1.00000E+00 
-4.5, 130.5, 0.00000E+00 
4.5, 130.5, 0.00000E+00 
13.5, 130.5, 0.00000E+00 
22.5, 130.5, 0.00000E+00 
31.5, 130.5, 0.00000E+00 
40.5, 130.5, 5.00000E-01 
49.5, 130.5, 0.00000E+00 
58.5, 130.5, 1.42857E-01 
67.5, 130.5, 1.44928E-01 
76.5, 130.5, 5.89569E-02 
85.5, 130.5, 7.38552E-03 
94.5, 130.5, 0.00000E+00 
103.5, 130.5, 0.00000E+00 
112.5, 130.5, 0.00000E+00 
121.5, 130.5, 0.00000E+00 
130.5, 130.5, 0.00000E+00 
139.5, 130.5, 0.00000E+00 
148.5, 130.5, 0.00000E+00 
157.5, 130.5, 0.00000E+00 
166.5, 130.5, 6.77966E-03 
175.5, 130.5, 8.90411E-02 
-175.5, 121.5, 3.74449E-01 
-166.5, 121.5, 5.02564E-01 
-157.5, 121.5, 5.47830E-01 
-148.5, 121.5, 6.78279E-01 
-139.5, 121.5, 4.31058E-01 
-130.5, 121.5, 3.31786E-01 
-121.5, 121.5, 3.13828E-01 
-112.5, 121.5, 3.40778E-01 
-103.5, 121.5, 4.04048E-01 
-94.5, 121.5, 4.54091E-01 
-85.5, 121.5, 4.79405E-01 
-76.5, 121.5, 5.50441E-01 
-67.5, 121.5, 6.63235E-01 
-58.5, 121.5, 8.23789E-01 
-49.5, 121.5, 7.66488E-01 
-40.5, 121.5, 6.64407E-01 
-31.5, 121.5, 7.15663E-01 
-22.5, 121.5, 7.50000E-01 
-13.5, 121.5, 1.38462E+00 
-4.5, 121.5, 0.00000E+00 
4.5, 121.5, 0.00000E+00 
13.5, 121.5, 0.00000E+00 
22.5, 121.5, 0.00000E+00 
31.5, 121.5, 0.00000E+00 
40.5, 121.5, 5.00000E-01 
49.5, 121.5, 4.28571E-01 
58.5, 121.5, 2.12766E-01 
67.5, 121.5, 1.84874E-01 
76.5, 121.5, 1.22807E-01 
85.5, 121.5, 5.05051E-03 
94.5, 121.5, 0.00000E+00 
103.5, 121.5, 0.00000E+00 
112.5, 121.5, 0.00000E+00 
121.5, 121.5, 0.00000E+00 
130.5, 121.5, 0.00000E+00 
139.5, 121.5, 0.00000E+00 
148.5, 121.5, 0.00000E+00 
157.5, 121.5, 0.00000E+00 
166.5, 121.5, 1.40845E-02 
175.5, 121.5, 8.75912E-02 
-175.5, 112.5, 3.15385E-01 
-166.5, 112.5, 4.35390E-01 
-157.5, 112.5, 5.38725E-01 
-148.5, 112.5, 6.19536E-01 
-139.5, 112.5, 4.35429E-01 
-130.5, 112.5, 3.55703E-01 
-121.5, 112.5, 3.21512E-01 
-112.5, 112.5, 3.72387E-01 
-103.5, 112.5, 4.29586E-01 
-94.5, 112.5, 4.60848E-01 
-85.5, 112.5, 4.94962E-01 
-76.5, 112.5, 5.68527E-01 
-67.5, 112.5, 6.90385E-01 
-58.5, 112.5, 8.47802E-01 
-49.5, 112.5, 9.04560E-01 
-40.5, 112.5, 8.25641E-01 
-31.5, 112.5, 8.63014E-01 
-22.5, 112.5, 8.80000E-01 
-13.5, 112.5, 2.50000E-01 
-4.5, 112.5, 0.00000E+00 
4.5, 112.5, 6.66667E-01 
13.5, 112.5, 6.66667E-01 
22.5, 112.5, 0.00000E+00 
31.5, 112.5, 0.00000E+00 
40.5, 112.5, 3.33333E-01 
49.5, 112.5, 7.00000E-01 
58.5, 112.5, 3.15789E-01 
67.5, 112.5, 1.48936E-01 
76.5, 112.5, 1.33758E-01 
85.5, 112.5, 4.45344E-02 
94.5, 112.5, 8.65801E-03 
103.5, 112.5, 0.00000E+00 
112.5, 112.5, 0.00000E+00 
121.5, 112.5, 0.00000E+00 
130.5, 112.5, 0.00000E+00 
139.5, 112.5, 0.00000E+00 
148.5, 112.5, 0.00000E+00 
157.5, 112.5, 0.00000E+00 
166.5, 112.5, 0.00000E+00 
175.5, 112.5, 7.89474E-02 
-175.5, 103.5, 3.81579E-01 
-166.5, 103.5, 4.14815E-01 
-157.5, 103.5, 5.32146E-01 
-148.5, 103.5, 5.99846E-01 
-139.5, 103.5, 5.15406E-01 
-130.5, 103.5, 4.44934E-01 
-121.5, 103.5, 3.96108E-01 
-112.5, 103.5, 4.52141E-01 
-103.5, 103.5, 5.12821E-01 
-94.5, 103.5, 6.20198E-01 
-85.5, 103.5, 6.39624E-01 
-76.5, 103.5, 7.09677E-01 
-67.5, 103.5, 7.82438E-01 
-58.5, 103.5, 8.77278E-01 
-49.5, 103.5, 8.60776E-01 
-40.5, 103.5, 7.06093E-01 
-31.5, 103.5, 6.85393E-01 
-22.5, 103.5, 6.19048E-01 
-13.5, 103.5, 5.00000E-01 
-4.5, 103.5, 2.85714E-01 
4.5, 103.5, 6.66667E-01 
13.5, 103.5, 1.42857E-01 
22.5, 103.5, 2.00000E-01 
31.5, 103.5, 1.25000E-01 
40.5, 103.5, 1.53846E-01 
49.5, 103.5, 1.36364E-01 
58.5, 103.5, 1.45161E-01 
67.5, 103.5, 1.69312E-01 
76.5, 103.5, 8.55615E-02 
85.5, 103.5, 6.06061E-03 
94.5, 103.5, 1.25786E-02 
103.5, 103.5, 0.00000E+00 
112.5, 103.5, 0.00000E+00 
121.5, 103.5, 0.00000E+00 
130.5, 103.5, 0.00000E+00 
139.5, 103.5, 0.00000E+00 
148.5, 103.5, 0.00000E+00 
157.5, 103.5, 0.00000E+00 
166.5, 103.5, 0.00000E+00 
175.5, 103.5, 4.16667E-02 
-175.5, 94.5, 2.70270E-01 
-166.5, 94.5, 3.82653E-01 
-157.5, 94.5, 4.14439E-01 
-148.5, 94.5, 5.74127E-01 
-139.5, 94.5, 7.36357E-01 
-130.5, 94.5, 5.82104E-01 
-121.5, 94.5, 5.28662E-01 
-112.5, 94.5, 5.88176E-01 
-103.5, 94.5, 6.29077E-01 
-94.5, 94.5, 7.94264E-01 
-85.5, 94.5, 7.66378E-01 
-76.5, 94.5, 8.01611E-01 
-67.5, 94.5, 7.77778E-01 
-58.5, 94.5, 8.87255E-01 
-49.5, 94.5, 8.10219E-01 
-40.5, 94.5, 5.85366E-01 
-31.5, 94.5, 3.52941E-01 
-22.5, 94.5, 1.11111E-01 
-13.5, 94.5, 4.00000E-01 
-4.5, 94.5, 6.25000E-01 
4.5, 94.5, 5.00000E-01 
13.5, 94.5, 2.30769E-01 
22.5, 94.5, 2.28571E-01 
31.5, 94.5, 2.32558E-01 
40.5, 94.5, 3.10345E-01 
49.5, 94.5, 3.33333E-01 
58.5, 94.5, 2.28814E-01 
67.5, 94.5, 2.10526E-01 
76.5, 94.5, 1.20690E-01 
85.5, 94.5, -1.63934E-02 
94.5, 94.5, 0.00000E+00 
103.5, 94.5, 0.00000E+00 
112.5, 94.5, 0.00000E+00 
121.5, 94.5, 0.00000E+00 
130.5, 94.5, 0.00000E+00 
139.5, 94.5, 0.00000E+00 
148.5, 94.5, 0.00000E+00 
157.5, 94.5, 0.00000E+00 
166.5, 94.5, 0.00000E+00 
175.5, 94.5, 2.16216E-01 
-175.5, 85.5, 9.72222E-02 
-166.5, 85.5, 2.89216E-01 
-157.5, 85.5, 3.18421E-01 
-148.5, 85.5, 5.49061E-01 
-139.5, 85.5, 7.64273E-01 
-130.5, 85.5, 7.34195E-01 
-121.5, 85.5, 8.53137E-01 
-112.5, 85.5, 8.31553E-01 
-103.5, 85.5, 6.98192E-01 
-94.5, 85.5, 5.55224E-01 
-85.5, 85.5, 4.82623E-01 
-76.5, 85.5, 4.81651E-01 
-67.5, 85.5, 4.86957E-01 
-58.5, 85.5, 4.87179E-01 
-49.5, 85.5, 5.09434E-01 
-40.5, 85.5, 1.36364E-01 
-31.5, 85.5, 1.66667E-01 
-22.5, 85.5, 2.50000E-01 
-13.5, 85.5, 2.50000E-01 
-4.5, 85.5, 2.50000E-01 
4.5, 85.5, 1.25000E-01 
13.5, 85.5, 3.33333E-01 
22.5, 85.5, 8.95522E-02 
31.5, 85.5, 5.67901E-01 
40.5, 85.5, 4.72973E-01 
49.5, 85.5, 3.03371E-01 
58.5, 85.5, 1.81019E-01 
67.5, 85.5, 1.36054E-01 
76.5, 85.5, 7.89474E-02 
85.5, 85.5, -1.78571E-02 
94.5, 85.5, 0.00000E+00 
103.5, 85.5, 0.00000E+00 
112.5, 85.5, 0.00000E+00 
121.5, 85.5, 0.00000E+00 
130.5, 85.5, 0.00000E+00 
139.5, 85.5, 0.00000E+00 
148.5, 85.5, 0.00000E+00 
157.5, 85.5, 0.00000E+00 
166.5, 85.5, 0.00000E+00 
175.5, 85.5, 7.40741E-02 
-175.5, 76.5, 6.32911E-02 
-166.5, 76.5, 9.12698E-02 
-157.5, 76.5, 1.90751E-01 
-148.5, 76.5, 3.33895E-01 
-139.5, 76.5, 6.73611E-01 
-130.5, 76.5, 8.04185E-01 
-121.5, 76.5, 7.13092E-01 
-112.5, 76.5, 6.51335E-01 
-103.5, 76.5, 5.63802E-01 
-94.5, 76.5, 4.49558E-01 
-85.5, 76.5, 4.07085E-01 
-76.5, 76.5, 3.56740E-01 
-67.5, 76.5, 3.38481E-01 
-58.5, 76.5, 2.90323E-01 
-49.5, 76.5, 8.33333E-02 
-40.5, 76.5, 0.00000E+00 
-31.5, 76.5, 0.00000E+00 
-22.5, 76.5, 0.00000E+00 
-13.5, 76.5, 0.00000E+00 
-4.5, 76.5, 5.00000E-01 
4.5, 76.5, 2.00000E-01 
13.5, 76.5, 1.57895E-01 
22.5, 76.5, 1.85185E-01 
31.5, 76.5, 3.24786E-01 
40.5, 76.5, 3.03419E-01 
49.5, 76.5, 2.16540E-01 
58.5, 76.5, 1.72131E-01 
67.5, 76.5, 1.28205E-01 
76.5, 76.5, 0.00000E+00 
85.5, 76.5, 2.91262E-02 
94.5, 76.5, 0.00000E+00 
103.5, 76.5, 0.00000E+00 
112.5, 76.5, 0.00000E+00 
121.5, 76.5, 0.00000E+00 
130.5, 76.5, 0.00000E+00 
139.5, 76.5, 0.00000E+00 
148.5, 76.5, 0.00000E+00 
157.5, 76.5, 0.00000E+00 
166.5, 76.5, 0.00000E+00 
175.5, 76.5, 0.00000E+00 
-175.5, 67.5, 4.83871E-02 
-166.5, 67.5, 7.72201E-02 
-157.5, 67.5, 1.44788E-01 
-148.5, 67.5, 2.42567E-01 
-139.5, 67.5, 5.20801E-01 
-130.5, 67.5, 7.65805E-01 
-121.5, 67.5, 6.08301E-01 
-112.5, 67.5, 5.80000E-01 
-103.5, 67.5, 4.63072E-01 
-94.5, 67.5, 3.56175E-01 
-85.5, 67.5, 3.14054E-01 
-76.5, 67.5, 2.94902E-01 
-67.5, 67.5, 2.64615E-01 
-58.5, 67.5, 1.96721E-01 
-49.5, 67.5, 4.00000E-01 
-40.5, 67.5, 0.00000E+00 
-31.5, 67.5, 0.00000E+00 
-22.5, 67.5, 0.00000E+00 
-13.5, 67.5, 0.00000E+00 
-4.5, 67.5, 0.00000E+00 
4.5, 67.5, 0.00000E+00 
13.5, 67.5, 2.30769E-01 
22.5, 67.5, 1.56250E-01 
31.5, 67.5, 2.18579E-01 
40.5, 67.5, 2.46602E-01 
49.5, 67.5, 1.30577E-01 
58.5, 67.5, 7.18898E-02 
67.5, 67.5, 3.42790E-02 
76.5, 67.5, 2.93255E-03 
85.5, 67.5, 1.10294E-02 
94.5, 67.5, -7.16846E-03 
103.5, 67.5, 0.00000E+00 
112.5, 67.5, 0.00000E+00 
121.5, 67.5, 0.00000E+00 
130.5, 67.5, 0.00000E+00 
139.5, 67.5, 0.00000E+00 
148.5, 67.5, 0.00000E+00 
157.5, 67.5, 0.00000E+00 
166.5, 67.5, 0.00000E+00 
175.5, 67.5, 0.00000E+00 
-175.5, 58.5, 3.70370E-02 
-166.5, 58.5, 2.09205E-02 
-157.5, 58.5, 9.52381E-02 
-148.5, 58.5, 2.34104E-01 
-139.5, 58.5, 4.00273E-01 
-130.5, 58.5, 6.17577E-01 
-121.5, 58.5, 5.12422E-01 
-112.5, 58.5, 5.04162E-01 
-103.5, 58.5, 3.78299E-01 
-94.5, 58.5, 2.99115E-01 
-85.5, 58.5, 2.73684E-01 
-76.5, 58.5, 2.19060E-01 
-67.5, 58.5, 2.04461E-01 
-58.5, 58.5, 1.32653E-01 
-49.5, 58.5, 2.50000E-01 
-40.5, 58.5, 0.00000E+00 
-31.5, 58.5, 0.00000E+00 
-22.5, 58.5, 0.00000E+00 
-13.5, 58.5, 0.00000E+00 
-4.5, 58.5, 0.00000E+00 
4.5, 58.5, 0.00000E+00 
13.5, 58.5, 0.00000E+00 
22.5, 58.5, 2.43243E-01 
31.5, 58.5, 2.49267E-01 
40.5, 58.5, 1.67944E-01 
49.5, 58.5, 1.10325E-01 
58.5, 58.5, 7.70424E-02 
67.5, 58.5, 4.53125E-02 
76.5, 58.5, 1.80361E-02 
85.5, 58.5, 0.00000E+00 
94.5, 58.5, -1.61812E-03 
103.5, 58.5, 0.00000E+00 
112.5, 58.5, 0.00000E+00 
121.5, 58.5, 0.00000E+00 
130.5, 58.5, 0.00000E+00 
139.5, 58.5, 0.00000E+00 
148.5, 58.5, 0.00000E+00 
157.5, 58.5, 0.00000E+00 
166.5, 58.5, 0.00000E+00 
175.5, 58.5, 0.00000E+00 
-175.5, 49.5, 3.57143E-02 
-166.5, 49.5, 1.80723E-02 
-157.5, 49.5, 8.43672E-02 
-148.5, 49.5, 2.21298E-01 
-139.5, 49.5, 3.75870E-01 
-130.5, 49.5, 5.81818E-01 
-121.5, 49.5, 5.09275E-01 
-112.5, 49.5, 4.43015E-01 
-103.5, 49.5, 4.00000E-01 
-94.5, 49.5, 3.12787E-01 
-85.5, 49.5, 2.34934E-01 
-76.5, 49.5, 2.31013E-01 
-67.5, 49.5, 2.18391E-01 
-58.5, 49.5, 1.49606E-01 
-49.5, 49.5, 0.00000E+00 
-40.5, 49.5, 0.00000E+00 
-31.5, 49.5, 0.00000E+00 
-22.5, 49.5, 0.00000E+00 
-13.5, 49.5, 0.00000E+00 
-4.5, 49.5, 0.00000E+00 
4.5, 49.5, 0.00000E+00 
13.5, 49.5, 0.00000E+00 
22.5, 49.5, 1.11111E-01 
31.5, 49.5, 2.60700E-01 
40.5, 49.5, 1.26888E-01 
49.5, 49.5, 1.32611E-01 
58.5, 49.5, 1.05158E-01 
67.5, 49.5, 6.77376E-02 
76.5, 49.5, 1.14345E-02 
85.5, 49.5, -3.10849E-04 
94.5, 49.5, -4.43459E-04 
103.5, 49.5, 0.00000E+00 
112.5, 49.5, 0.00000E+00 
121.5, 49.5, 0.00000E+00 
130.5, 49.5, 0.00000E+00 
139.5, 49.5, 0.00000E+00 
148.5, 49.5, 0.00000E+00 
157.5, 49.5, 0.00000E+00 
166.5, 49.5, 0.00000E+00 
175.5, 49.5, 0.00000E+00 
-175.5, 40.5, 0.00000E+00 
-166.5, 40.5, 2.97030E-02 
-157.5, 40.5, 9.42761E-02 
-148.5, 40.5, 2.06061E-01 
-139.5, 40.5, 5.28539E-01 
-130.5, 40.5, 6.21663E-01 
-121.5, 40.5, 5.58994E-01 
-112.5, 40.5, 4.28277E-01 
-103.5, 40.5, 3.76184E-01 
-94.5, 40.5, 3.22181E-01 
-85.5, 40.5, 2.65928E-01 
-76.5, 40.5, 2.34848E-01 
-67.5, 40.5, 2.05298E-01 
-58.5, 40.5, 1.81102E-01 
-49.5, 40.5, 0.00000E+00 
-40.5, 40.5, 0.00000E+00 
-31.5, 40.5, 0.00000E+00 
-22.5, 40.5, 0.00000E+00 
-13.5, 40.5, 0.00000E+00 
-4.5, 40.5, 0.00000E+00 
4.5, 40.5, 0.00000E+00 
13.5, 40.5, 0.00000E+00 
22.5, 40.5, 0.00000E+00 
31.5, 40.5, 2.00000E-01 
40.5, 40.5, 1.75915E-01 
49.5, 40.5, 1.28355E-01 
58.5, 40.5, 1.16015E-01 
67.5, 40.5, 6.38178E-02 
76.5, 40.5, 1.54604E-02 
85.5, 40.5, 3.12609E-03 
94.5, 40.5, 5.19751E-04 
103.5, 40.5, 0.00000E+00 
112.5, 40.5, 0.00000E+00 
121.5, 40.5, 0.00000E+00 
130.5, 40.5, 0.00000E+00 
139.5, 40.5, 0.00000E+00 
148.5, 40.5, 0.00000E+00 
157.5, 40.5, 0.00000E+00 
166.5, 40.5, 0.00000E+00 
175.5, 40.5, 0.00000E+00 
-175.5, 31.5, 0.00000E+00 
-166.5, 31.5, 7.01754E-02 
-157.5, 31.5, 9.46970E-02 
-148.5, 31.5, 2.40188E-01 
-139.5, 31.5, 5.47112E-01 
-130.5, 31.5, 7.92160E-01 
-121.5, 31.5, 6.58376E-01 
-112.5, 31.5, 5.63936E-01 
-103.5, 31.5, 4.41451E-01 
-94.5, 31.5, 3.37179E-01 
-85.5, 31.5, 3.04543E-01 
-76.5, 31.5, 2.50000E-01 
-67.5, 31.5, 2.52688E-01 
-58.5, 31.5, 1.00592E-01 
-49.5, 31.5, 4.76190E-02 
-40.5, 31.5, 0.00000E+00 
-31.5, 31.5, 0.00000E+00 
-22.5, 31.5, 0.00000E+00 
-13.5, 31.5, 0.00000E+00 
-4.5, 31.5, 0.00000E+00 
4.5, 31.5, 0.00000E+00 
13.5, 31.5, 0.00000E+00 
22.5, 31.5, 1.00000E+00 
31.5, 31.5, 1.11111E-01 
40.5, 31.5, 2.02417E-01 
49.5, 31.5, 1.94891E-01 
58.5, 31.5, 1.36821E-01 
67.5, 31.5, 5.41516E-02 
76.5, 31.5, 2.14643E-02 
85.5, 31.5, 1.57214E-03 
94.5, 31.5, 0.00000E+00 
103.5, 31.5, 0.00000E+00 
112.5, 31.5, 0.00000E+00 
121.5, 31.5, 0.00000E+00 
130.5, 31.5, 0.00000E+00 
139.5, 31.5, 0.00000E+00 
148.5, 31.5, 0.00000E+00 
157.5, 31.5, 0.00000E+00 
166.5, 31.5, 0.00000E+00 
175.5, 31.5, 0.00000E+00 
-175.5, 22.5, 0.00000E+00 
-166.5, 22.5, 0.00000E+00 
-157.5, 22.5, 1.11650E-01 
-148.5, 22.5, 3.03150E-01 
-139.5, 22.5, 5.90778E-01 
-130.5, 22.5, 8.23183E-01 
-121.5, 22.5, 7.87405E-01 
-112.5, 22.5, 6.43214E-01 
-103.5, 22.5, 4.96157E-01 
-94.5, 22.5, 3.77855E-01 
-85.5, 22.5, 3.53895E-01 
-76.5, 22.5, 3.02478E-01 
-67.5, 22.5, 2.47629E-01 
-58.5, 22.5, 1.68539E-01 
-49.5, 22.5, 1.00000E-01 
-40.5, 22.5, 0.00000E+00 
-31.5, 22.5, 0.00000E+00 
-22.5, 22.5, 0.00000E+00 
-13.5, 22.5, 0.00000E+00 
-4.5, 22.5, 0.00000E+00 
4.5, 22.5, 0.00000E+00 
13.5, 22.5, 0.00000E+00 
22.5, 22.5, 0.00000E+00 
31.5, 22.5, 0.00000E+00 
40.5, 22.5, 1.59091E-01 
49.5, 22.5, 1.97343E-01 
58.5, 22.5, 1.65978E-01 
67.5, 22.5, 7.73676E-02 
76.5, 22.5, 2.34025E-02 
85.5, 22.5, 5.94023E-03 
94.5, 22.5, 5.33476E-04 
103.5, 22.5, 0.00000E+00 
112.5, 22.5, 0.00000E+00 
121.5, 22.5, 0.00000E+00 
130.5, 22.5, 0.00000E+00 
139.5, 22.5, 0.00000E+00 
148.5, 22.5, 0.00000E+00 
157.5, 22.5, 0.00000E+00 
166.5, 22.5, 0.00000E+00 
175.5, 22.5, 0.00000E+00 
-175.5, 13.5, 0.00000E+00 
-166.5, 13.5, 1.17647E-01 
-157.5, 13.5, 1.41593E-01 
-148.5, 13.5, 3.31551E-01 
-139.5, 13.5, 6.30051E-01 
-130.5, 13.5, 9.56679E-01 
-121.5, 13.5, 8.77533E-01 
-112.5, 13.5, 7.46703E-01 
-103.5, 13.5, 5.76514E-01 
-94.5, 13.5, 4.31989E-01 
-85.5, 13.5, 3.44699E-01 
-76.5, 13.5, 3.23536E-01 
-67.5, 13.5, 2.29548E-01 
-58.5, 13.5, 1.69960E-01 
-49.5, 13.5, -4.00000E-02 
-40.5, 13.5, 0.00000E+00 
-31.5, 13.5, 0.00000E+00 
-22.5, 13.5, 0.00000E+00 
-13.5, 13.5, 0.00000E+00 
-4.5, 13.5, 0.00000E+00 
4.5, 13.5, 0.00000E+00 
13.5, 13.5, 0.00000E+00 
22.5, 13.5, 0.00000E+00 
31.5, 13.5, 5.00000E-01 
40.5, 13.5, 9.52381E-02 
49.5, 13.5, 2.89474E-01 
58.5, 13.5, 1.72385E-01 
67.5, 13.5, 8.05188E-02 
76.5, 13.5, 2.49110E-02 
85.5, 13.5, 5.30795E-03 
94.5, 13.5, 8.49618E-04 
103.5, 13.5, 0.00000E+00 
112.5, 13.5, 0.00000E+00 
121.5, 13.5, 0.00000E+00 
130.5, 13.5, 0.00000E+00 
139.5, 13.5, 0.00000E+00 
148.5, 13.5, 0.00000E+00 
157.5, 13.5, 0.00000E+00 
166.5, 13.5, 0.00000E+00 
175.5, 13.5, 0.00000E+00 
-175.5, 4.5, 0.00000E+00 
-166.5, 4.5, 5.88235E-02 
-157.5, 4.5, 1.48649E-01 
-148.5, 4.5, 2.88973E-01 
-139.5, 4.5, 7.50000E-01 
-130.5, 4.5, 1.09261E+00 
-121.5, 4.5, 1.06301E+00 
-112.5, 4.5, 7.67119E-01 
-103.5, 4.5, 5.86290E-01 
-94.5, 4.5, 4.33984E-01 
-85.5, 4.5, 3.68445E-01 
-76.5, 4.5, 3.15718E-01 
-67.5, 4.5, 3.02326E-01 
-58.5, 4.5, 1.70093E-01 
-49.5, 4.5, 6.66667E-02 
-40.5, 4.5, 0.00000E+00 
-31.5, 4.5, 0.00000E+00 
-22.5, 4.5, 0.00000E+00 
-13.5, 4.5, 0.00000E+00 
-4.5, 4.5, 0.00000E+00 
4.5, 4.5, 0.00000E+00 
13.5, 4.5, 0.00000E+00 
22.5, 4.5, 0.00000E+00 
31.5, 4.5, 0.00000E+00 
40.5, 4.5, 2.22222E-01 
49.5, 4.5, 4.12844E-01 
58.5, 4.5, 1.80299E-01 
67.5, 4.5, 8.35465E-02 
76.5, 4.5, 2.95179E-02 
85.5, 4.5, 4.47529E-03 
94.5, 4.5, 6.17665E-04 
103.5, 4.5, 2.74725E-04 
112.5, 4.5, 0.00000E+00 
121.5, 4.5, 0.00000E+00 
130.5, 4.5, 0.00000E+00 
139.5, 4.5, 0.00000E+00 
148.5, 4.5, 0.00000E+00 
157.5, 4.5, 0.00000E+00 
166.5, 4.5, 0.00000E+00 
175.5, 4.5, 0.00000E+00 
-175.5, -4.5, 0.00000E+00 
-166.5, -4.5, 1.00000E-01 
-157.5, -4.5, 1.13636E-01 
-148.5, -4.5, 5.17241E-01 
-139.5, -4.5, 6.58307E-01 
-130.5, -4.5, 1.08377E+00 
-121.5, -4.5, 1.00074E+00 
-112.5, -4.5, 7.90086E-01 
-103.5, -4.5, 5.30495E-01 
-94.5, -4.5, 4.02512E-01 
-85.5, -4.5, 3.38204E-01 
-76.5, -4.5, 3.08133E-01 
-67.5, -4.5, 3.01364E-01 
-58.5, -4.5, 2.15479E-01 
-49.5, -4.5, 2.75229E-02 
-40.5, -4.5, 0.00000E+00 
-31.5, -4.5, 0.00000E+00 
-22.5, -4.5, 0.00000E+00 
-13.5, -4.5, 0.00000E+00 
-4.5, -4.5, 0.00000E+00 
4.5, -4.5, 0.00000E+00 
13.5, -4.5, 0.00000E+00 
22.5, -4.5, 0.00000E+00 
31.5, -4.5, 0.00000E+00 
40.5, -4.5, 0.00000E+00 
49.5, -4.5, -6.66667E-02 
58.5, -4.5, 1.73832E-01 
67.5, -4.5, 7.12440E-02 
76.5, -4.5, 2.53716E-02 
85.5, -4.5, 4.54030E-03 
94.5, -4.5, 0.00000E+00 
103.5, -4.5, 0.00000E+00 
112.5, -4.5, 0.00000E+00 
121.5, -4.5, 0.00000E+00 
130.5, -4.5, 0.00000E+00 
139.5, -4.5, 0.00000E+00 
148.5, -4.5, 0.00000E+00 
157.5, -4.5, 0.00000E+00 
166.5, -4.5, 0.00000E+00 
175.5, -4.5, 0.00000E+00 
-175.5, -13.5, 0.00000E+00 
-166.5, -13.5, 1.25000E-01 
-157.5, -13.5, 2.91667E-01 
-148.5, -13.5, 4.32990E-01 
-139.5, -13.5, 6.32231E-01 
-130.5, -13.5, 8.23643E-01 
-121.5, -13.5, 8.16501E-01 
-112.5, -13.5, 8.10507E-01 
-103.5, -13.5, 5.74578E-01 
-94.5, -13.5, 3.64274E-01 
-85.5, -13.5, 3.35917E-01 
-76.5, -13.5, 3.13337E-01 
-67.5, -13.5, 2.84518E-01 
-58.5, -13.5, 2.72342E-01 
-49.5, -13.5, 2.10526E-01 
-40.5, -13.5, 1.42857E-01 
-31.5, -13.5, 0.00000E+00 
-22.5, -13.5, 0.00000E+00 
-13.5, -13.5, 0.00000E+00 
-4.5, -13.5, 0.00000E+00 
4.5, -13.5, 0.00000E+00 
13.5, -13.5, 0.00000E+00 
22.5, -13.5, 0.00000E+00 
31.5, -13.5, 0.00000E+00 
40.5, -13.5, 0.00000E+00 
49.5, -13.5, 2.80000E-01 
58.5, -13.5, 9.88142E-02 
67.5, -13.5, 5.86081E-02 
76.5, -13.5, 1.13226E-02 
85.5, -13.5, 1.46128E-03 
94.5, -13.5, -7.38443E-04 
103.5, -13.5, 0.00000E+00 
112.5, -13.5, 0.00000E+00 
121.5, -13.5, 0.00000E+00 
130.5, -13.5, 0.00000E+00 
139.5, -13.5, 0.00000E+00 
148.5, -13.5, 0.00000E+00 
157.5, -13.5, 0.00000E+00 
166.5, -13.5, 0.00000E+00 
175.5, -13.5, 0.00000E+00 
-175.5, -22.5, 1.81818E-01 
-166.5, -22.5, 0.00000E+00 
-157.5, -22.5, 1.20000E-01 
-148.5, -22.5, 3.28358E-01 
-139.5, -22.5, 5.73099E-01 
-130.5, -22.5, 9.41645E-01 
-121.5, -22.5, 7.56005E-01 
-112.5, -22.5, 7.30558E-01 
-103.5, -22.5, 5.45174E-01 
-94.5, -22.5, 3.99573E-01 
-85.5, -22.5, 3.70336E-01 
-76.5, -22.5, 3.81909E-01 
-67.5, -22.5, 3.69074E-01 
-58.5, -22.5, 3.68651E-01 
-49.5, -22.5, 1.99241E-01 
-40.5, -22.5, 1.13636E-01 
-31.5, -22.5, 0.00000E+00 
-22.5, -22.5, 0.00000E+00 
-13.5, -22.5, 0.00000E+00 
-4.5, -22.5, 0.00000E+00 
4.5, -22.5, 0.00000E+00 
13.5, -22.5, 0.00000E+00 
22.5, -22.5, 0.00000E+00 
31.5, -22.5, 0.00000E+00 
40.5, -22.5, 0.00000E+00 
49.5, -22.5, 5.00000E-02 
58.5, -22.5, 7.86517E-02 
67.5, -22.5, 2.21286E-02 
76.5, -22.5, 1.60350E-02 
85.5, -22.5, -2.70149E-03 
94.5, -22.5, 0.00000E+00 
103.5, -22.5, 0.00000E+00 
112.5, -22.5, 0.00000E+00 
121.5, -22.5, 0.00000E+00 
130.5, -22.5, 0.00000E+00 
139.5, -22.5, 0.00000E+00 
148.5, -22.5, 0.00000E+00 
157.5, -22.5, 0.00000E+00 
166.5, -22.5, 0.00000E+00 
175.5, -22.5, 0.00000E+00 
-175.5, -31.5, 0.00000E+00 
-166.5, -31.5, 2.50000E-01 
-157.5, -31.5, 3.46154E-01 
-148.5, -31.5, 4.17910E-01 
-139.5, -31.5, 5.82192E-01 
-130.5, -31.5, 6.87316E-01 
-121.5, -31.5, 6.69070E-01 
-112.5, -31.5, 6.67591E-01 
-103.5, -31.5, 6.82019E-01 
-94.5, -31.5, 5.26056E-01 
-85.5, -31.5, 4.93530E-01 
-76.5, -31.5, 5.38175E-01 
-67.5, -31.5, 5.46825E-01 
-58.5, -31.5, 4.74514E-01 
-49.5, -31.5, 3.07474E-01 
-40.5, -31.5, 1.29909E-01 
-31.5, -31.5, 1.11111E-01 
-22.5, -31.5, 0.00000E+00 
-13.5, -31.5, 0.00000E+00 
-4.5, -31.5, 0.00000E+00 
4.5, -31.5, 0.00000E+00 
13.5, -31.5, 0.00000E+00 
22.5, -31.5, 0.00000E+00 
31.5, -31.5, 0.00000E+00 
40.5, -31.5, 0.00000E+00 
49.5, -31.5, 4.76190E-02 
58.5, -31.5, 1.36095E-01 
67.5, -31.5, 6.45161E-02 
76.5, -31.5, -8.36120E-04 
85.5, -31.5, -2.80426E-03 
94.5, -31.5, 0.00000E+00 
103.5, -31.5, 0.00000E+00 
112.5, -31.5, 0.00000E+00 
121.5, -31.5, 0.00000E+00 
130.5, -31.5, 0.00000E+00 
139.5, -31.5, 0.00000E+00 
148.5, -31.5, 0.00000E+00 
157.5, -31.5, 0.00000E+00 
166.5, -31.5, 0.00000E+00 
175.5, -31.5, 0.00000E+00 
-175.5, -40.5, 7.40741E-02 
-166.5, -40.5, 6.25000E-01 
-157.5, -40.5, 3.21429E-01 
-148.5, -40.5, 6.61290E-01 
-139.5, -40.5, 5.80882E-01 
-130.5, -40.5, 6.68712E-01 
-121.5, -40.5, 5.87613E-01 
-112.5, -40.5, 6.21349E-01 
-103.5, -40.5, 7.54481E-01 
-94.5, -40.5, 7.09979E-01 
-85.5, -40.5, 6.66898E-01 
-76.5, -40.5, 7.01190E-01 
-67.5, -40.5, 7.85493E-01 
-58.5, -40.5, 5.91433E-01 
-49.5, -40.5, 3.74967E-01 
-40.5, -40.5, 2.30224E-01 
-31.5, -40.5, 9.47368E-02 
-22.5, -40.5, 0.00000E+00 
-13.5, -40.5, 0.00000E+00 
-4.5, -40.5, 0.00000E+00 
4.5, -40.5, 0.00000E+00 
13.5, -40.5, 0.00000E+00 
22.5, -40.5, 0.00000E+00 
31.5, -40.5, 0.00000E+00 
40.5, -40.5, 0.00000E+00 
49.5, -40.5, 0.00000E+00 
58.5, -40.5, 3.22835E-01 
67.5, -40.5, 1.20530E-01 
76.5, -40.5, 5.89226E-03 
85.5, -40.5, 5.54017E-04 
94.5, -40.5, 0.00000E+00 
103.5, -40.5, 0.00000E+00 
112.5, -40.5, 0.00000E+00 
121.5, -40.5, 0.00000E+00 
130.5, -40.5, 0.00000E+00 
139.5, -40.5, 0.00000E+00 
148.5, -40.5, 0.00000E+00 
157.5, -40.5, 0.00000E+00 
166.5, -40.5, 0.00000E+00 
175.5, -40.5, 0.00000E+00 
-175.5, -49.5, 1.66667E-01 
-166.5, -49.5, 4.21053E-01 
-157.5, -49.5, 5.00000E-01 
-148.5, -49.5, 6.55738E-01 
-139.5, -49.5, 9.23810E-01 
-130.5, -49.5, 9.16350E-01 
-121.5, -49.5, 8.09422E-01 
-112.5, -49.5, 6.94158E-01 
-103.5, -49.5, 8.91637E-01 
-94.5, -49.5, 8.62528E-01 
-85.5, -49.5, 8.65092E-01 
-76.5, -49.5, 9.34511E-01 
-67.5, -49.5, 1.05301E+00 
-58.5, -49.5, 5.65883E-01 
-49.5, -49.5, 3.75129E-01 
-40.5, -49.5, 2.29607E-01 
-31.5, -49.5, 1.28405E-01 
-22.5, -49.5, 2.22222E-01 
-13.5, -49.5, 0.00000E+00 
-4.5, -49.5, 0.00000E+00 
4.5, -49.5, 0.00000E+00 
13.5, -49.5, 0.00000E+00 
22.5, -49.5, 0.00000E+00 
31.5, -49.5, 0.00000E+00 
40.5, -49.5, 0.00000E+00 
49.5, -49.5, 4.00000E-01 
58.5, -49.5, 2.44094E-01 
67.5, -49.5, 1.03448E-01 
76.5, -49.5, 7.91139E-03 
85.5, -49.5, 5.61798E-03 
94.5, -49.5, 0.00000E+00 
103.5, -49.5, 0.00000E+00 
112.5, -49.5, 0.00000E+00 
121.5, -49.5, 0.00000E+00 
130.5, -49.5, 0.00000E+00 
139.5, -49.5, 0.00000E+00 
148.5, -49.5, 0.00000E+00 
157.5, -49.5, 0.00000E+00 
166.5, -49.5, 0.00000E+00 
175.5, -49.5, 0.00000E+00 
-175.5, -58.5, 1.11111E-01 
-166.5, -58.5, 3.79310E-01 
-157.5, -58.5, 6.80000E-01 
-148.5, -58.5, 7.68116E-01 
-139.5, -58.5, 1.28497E+00 
-130.5, -58.5, 9.76471E-01 
-121.5, -58.5, 8.23349E-01 
-112.5, -58.5, 8.11765E-01 
-103.5, -58.5, 1.00344E+00 
-94.5, -58.5, 9.11003E-01 
-85.5, -58.5, 1.01010E+00 
-76.5, -58.5, 1.14429E+00 
-67.5, -58.5, 6.88281E-01 
-58.5, -58.5, 3.32472E-01 
-49.5, -58.5, 1.97813E-01 
-40.5, -58.5, 1.80488E-01 
-31.5, -58.5, 1.43695E-01 
-22.5, -58.5, 5.40541E-02 
-13.5, -58.5, 1.42857E-01 
-4.5, -58.5, 0.00000E+00 
4.5, -58.5, 0.00000E+00 
13.5, -58.5, 0.00000E+00 
22.5, -58.5, 0.00000E+00 
31.5, -58.5, 0.00000E+00 
40.5, -58.5, 0.00000E+00 
49.5, -58.5, 2.50000E-01 
58.5, -58.5, 1.53061E-01 
67.5, -58.5, 7.06320E-02 
76.5, -58.5, 2.25017E-02 
85.5, -58.5, 2.63158E-03 
94.5, -58.5, 1.06195E-03 
103.5, -58.5, 0.00000E+00 
112.5, -58.5, 0.00000E+00 
121.5, -58.5, 0.00000E+00 
130.5, -58.5, 0.00000E+00 
139.5, -58.5, 0.00000E+00 
148.5, -58.5, 0.00000E+00 
157.5, -58.5, 0.00000E+00 
166.5, -58.5, 0.00000E+00 
175.5, -58.5, 1.85185E-02 
-175.5, -67.5, 3.12500E-01 
-166.5, -67.5, 5.00000E-01 
-157.5, -67.5, 7.85714E-01 
-148.5, -67.5, 8.05970E-01 
-139.5, -67.5, 1.06849E+00 
-130.5, -67.5, 1.16822E+00 
-121.5, -67.5, 1.14685E+00 
-112.5, -67.5, 9.17127E-01 
-103.5, -67.5, 1.12973E+00 
-94.5, -67.5, 9.78495E-01 
-85.5, -67.5, 1.06985E+00 
-76.5, -67.5, 9.76540E-01 
-67.5, -67.5, 2.74232E-01 
-58.5, -67.5, 9.77185E-02 
-49.5, -67.5, 6.20239E-02 
-40.5, -67.5, 9.12621E-02 
-31.5, -67.5, 8.74317E-02 
-22.5, -67.5, 7.81250E-02 
-13.5, -67.5, 7.69231E-02 
-4.5, -67.5, 0.00000E+00 
4.5, -67.5, 0.00000E+00 
13.5, -67.5, 0.00000E+00 
22.5, -67.5, 0.00000E+00 
31.5, -67.5, 0.00000E+00 
40.5, -67.5, 0.00000E+00 
49.5, -67.5, 2.00000E-01 
58.5, -67.5, 6.55738E-02 
67.5, -67.5, 2.92308E-02 
76.5, -67.5, 1.21669E-02 
85.5, -67.5, 1.08108E-03 
94.5, -67.5, 7.53012E-04 
103.5, -67.5, 0.00000E+00 
112.5, -67.5, 0.00000E+00 
121.5, -67.5, 0.00000E+00 
130.5, -67.5, 0.00000E+00 
139.5, -67.5, 0.00000E+00 
148.5, -67.5, 0.00000E+00 
157.5, -67.5, 0.00000E+00 
166.5, -67.5, 0.00000E+00 
175.5, -67.5, 0.00000E+00 
-175.5, -76.5, 1.25000E-01 
-166.5, -76.5, 4.66667E-01 
-157.5, -76.5, 4.13793E-01 
-148.5, -76.5, 5.18519E-01 
-139.5, -76.5, 9.41176E-01 
-130.5, -76.5, 1.21818E+00 
-121.5, -76.5, 1.15714E+00 
-112.5, -76.5, 1.29592E+00 
-103.5, -76.5, 1.17895E+00 
-94.5, -76.5, 8.91892E-01 
-85.5, -76.5, 1.06796E+00 
-76.5, -76.5, 3.49776E-01 
-67.5, -76.5, 9.27022E-02 
-58.5, -76.5, 7.04918E-02 
-49.5, -76.5, 4.89663E-02 
-40.5, -76.5, 4.70085E-02 
-31.5, -76.5, 4.27350E-02 
-22.5, -76.5, 1.85185E-02 
-13.5, -76.5, 0.00000E+00 
-4.5, -76.5, 0.00000E+00 
4.5, -76.5, 0.00000E+00 
13.5, -76.5, 0.00000E+00 
22.5, -76.5, 0.00000E+00 
31.5, -76.5, 0.00000E+00 
40.5, -76.5, 0.00000E+00 
49.5, -76.5, 1.66667E-01 
58.5, -76.5, 0.00000E+00 
67.5, -76.5, 2.18790E-02 
76.5, -76.5, -6.26959E-04 
85.5, -76.5, 1.74216E-03 
94.5, -76.5, 0.00000E+00 
103.5, -76.5, 0.00000E+00 
112.5, -76.5, 0.00000E+00 
121.5, -76.5, 0.00000E+00 
130.5, -76.5, 0.00000E+00 
139.5, -76.5, 0.00000E+00 
148.5, -76.5, 0.00000E+00 
157.5, -76.5, 0.00000E+00 
166.5, -76.5, 3.96825E-03 
175.5, -76.5, 1.26582E-02 
-175.5, -85.5, 1.48148E-01 
-166.5, -85.5, 3.44828E-01 
-157.5, -85.5, 8.23529E-01 
-148.5, -85.5, 4.68750E-01 
-139.5, -85.5, 5.88235E-01 
-130.5, -85.5, 1.43590E+00 
-121.5, -85.5, 1.59524E+00 
-112.5, -85.5, 1.17647E+00 
-103.5, -85.5, 6.51515E-01 
-94.5, -85.5, 8.68852E-01 
-85.5, -85.5, 5.35714E-01 
-76.5, -85.5, 2.89474E-01 
-67.5, -85.5, 7.14286E-02 
-58.5, -85.5, 1.93322E-02 
-49.5, -85.5, 2.80899E-02 
-40.5, -85.5, 2.70270E-02 
-31.5, -85.5, 0.00000E+00 
-22.5, -85.5, 0.00000E+00 
-13.5, -85.5, 0.00000E+00 
-4.5, -85.5, 2.50000E-01 
4.5, -85.5, 0.00000E+00 
13.5, -85.5, 0.00000E+00 
22.5, -85.5, 2.50000E-01 
31.5, -85.5, 3.33333E-01 
40.5, -85.5, 4.54545E-02 
49.5, -85.5, 1.88679E-02 
58.5, -85.5, 1.83150E-02 
67.5, -85.5, 7.60870E-03 
76.5, -85.5, 6.55308E-04 
85.5, -85.5, 1.96721E-03 
94.5, -85.5, 0.00000E+00 
103.5, -85.5, 0.00000E+00 
112.5, -85.5, 0.00000E+00 
121.5, -85.5, 0.00000E+00 
130.5, -85.5, 0.00000E+00 
139.5, -85.5, 0.00000E+00 
148.5, -85.5, 0.00000E+00 
157.5, -85.5, 0.00000E+00 
166.5, -85.5, 0.00000E+00 
175.5, -85.5, 0.00000E+00 
-175.5, -94.5, 0.00000E+00 
-166.5, -94.5, 1.14286E-01 
-157.5, -94.5, 3.63636E-01 
-148.5, -94.5, 2.96296E-01 
-139.5, -94.5, 7.57576E-01 
-130.5, -94.5, 1.11111E+00 
-121.5, -94.5, 1.79070E+00 
-112.5, -94.5, 1.58333E+00 
-103.5, -94.5, 1.22105E+00 
-94.5, -94.5, 1.00000E+00 
-85.5, -94.5, 5.57377E-01 
-76.5, -94.5, 1.63793E-01 
-67.5, -94.5, 5.26316E-02 
-58.5, -94.5, 8.47458E-03 
-49.5, -94.5, 3.92157E-02 
-40.5, -94.5, 0.00000E+00 
-31.5, -94.5, 0.00000E+00 
-22.5, -94.5, 0.00000E+00 
-13.5, -94.5, 0.00000E+00 
-4.5, -94.5, 0.00000E+00 
4.5, -94.5, 1.25000E-01 
13.5, -94.5, 0.00000E+00 
22.5, -94.5, 2.22222E-01 
31.5, -94.5, 1.17647E-01 
40.5, -94.5, 4.87805E-02 
49.5, -94.5, 2.91971E-02 
58.5, -94.5, 1.47059E-02 
67.5, -94.5, 1.15942E-02 
76.5, -94.5, 3.66032E-03 
85.5, -94.5, 8.24063E-04 
94.5, -94.5, 0.00000E+00 
103.5, -94.5, 0.00000E+00 
112.5, -94.5, 0.00000E+00 
121.5, -94.5, 0.00000E+00 
130.5, -94.5, 0.00000E+00 
139.5, -94.5, 0.00000E+00 
148.5, -94.5, 0.00000E+00 
157.5, -94.5, 0.00000E+00 
166.5, -94.5, 0.00000E+00 
175.5, -94.5, 0.00000E+00 
-175.5, -103.5, 0.00000E+00 
-166.5, -103.5, 0.00000E+00 
-157.5, -103.5, 1.53846E-01 
-148.5, -103.5, 3.60656E-01 
-139.5, -103.5, 1.05882E+00 
-130.5, -103.5, 1.15385E+00 
-121.5, -103.5, 2.04545E+00 
-112.5, -103.5, 1.85859E+00 
-103.5, -103.5, 1.20721E+00 
-94.5, -103.5, 7.04403E-01 
-85.5, -103.5, 4.06061E-01 
-76.5, -103.5, 1.39037E-01 
-67.5, -103.5, 6.34921E-02 
-58.5, -103.5, 1.61290E-02 
-49.5, -103.5, 4.54545E-02 
-40.5, -103.5, 0.00000E+00 
-31.5, -103.5, 0.00000E+00 
-22.5, -103.5, 0.00000E+00 
-13.5, -103.5, 0.00000E+00 
-4.5, -103.5, 0.00000E+00 
4.5, -103.5, 0.00000E+00 
13.5, -103.5, 1.25000E-01 
22.5, -103.5, 0.00000E+00 
31.5, -103.5, 3.37079E-02 
40.5, -103.5, 3.22581E-02 
49.5, -103.5, 4.41767E-02 
58.5, -103.5, 2.30439E-02 
67.5, -103.5, 4.47427E-03 
76.5, -103.5, 1.32567E-03 
85.5, -103.5, 4.94682E-04 
94.5, -103.5, 0.00000E+00 
103.5, -103.5, 0.00000E+00 
112.5, -103.5, 0.00000E+00 
121.5, -103.5, 0.00000E+00 
130.5, -103.5, 0.00000E+00 
139.5, -103.5, 0.00000E+00 
148.5, -103.5, 0.00000E+00 
157.5, -103.5, 0.00000E+00 
166.5, -103.5, 0.00000E+00 
175.5, -103.5, 0.00000E+00 
-175.5, -112.5, 0.00000E+00 
-166.5, -112.5, 5.55556E-02 
-157.5, -112.5, 4.39560E-02 
-148.5, -112.5, 2.22222E-01 
-139.5, -112.5, 4.87805E-01 
-130.5, -112.5, 9.59184E-01 
-121.5, -112.5, 1.90667E+00 
-112.5, -112.5, 1.14444E+00 
-103.5, -112.5, 1.16201E+00 
-94.5, -112.5, 6.66667E-01 
-85.5, -112.5, 3.84615E-01 
-76.5, -112.5, 2.48408E-01 
-67.5, -112.5, 6.38298E-02 
-58.5, -112.5, 0.00000E+00 
-49.5, -112.5, 0.00000E+00 
-40.5, -112.5, 0.00000E+00 
-31.5, -112.5, 0.00000E+00 
-22.5, -112.5, 0.00000E+00 
-13.5, -112.5, 0.00000E+00 
-4.5, -112.5, 0.00000E+00 
4.5, -112.5, 0.00000E+00 
13.5, -112.5, 0.00000E+00 
22.5, -112.5, 4.00000E-02 
31.5, -112.5, 1.23288E-01 
40.5, -112.5, 5.12821E-02 
49.5, -112.5, 5.30223E-02 
58.5, -112.5, 1.66855E-02 
67.5, -112.5, 6.08385E-03 
76.5, -112.5, 2.51056E-03 
85.5, -112.5, 0.00000E+00 
94.5, -112.5, 0.00000E+00 
103.5, -112.5, 0.00000E+00 
112.5, -112.5, 0.00000E+00 
121.5, -112.5, 0.00000E+00 
130.5, -112.5, 0.00000E+00 
139.5, -112.5, 0.00000E+00 
148.5, -112.5, 0.00000E+00 
157.5, -112.5, 0.00000E+00 
166.5, -112.5, 0.00000E+00 
175.5, -112.5, 0.00000E+00 
-175.5, -121.5, 1.45985E-02 
-166.5, -121.5, 0.00000E+00 
-157.5, -121.5, 7.40741E-02 
-148.5, -121.5, 2.18750E-01 
-139.5, -121.5, 6.91589E-01 
-130.5, -121.5, 9.46309E-01 
-121.5, -121.5, 1.13580E+00 
-112.5, -121.5, 1.54545E+00 
-103.5, -121.5, 9.17197E-01 
-94.5, -121.5, 4.91484E-01 
-85.5, -121.5, 3.13131E-01 
-76.5, -121.5, 2.45614E-01 
-67.5, -121.5, 1.00840E-01 
-58.5, -121.5, 0.00000E+00 
-49.5, -121.5, 0.00000E+00 
-40.5, -121.5, 0.00000E+00 
-31.5, -121.5, 0.00000E+00 
-22.5, -121.5, 0.00000E+00 
-13.5, -121.5, 0.00000E+00 
-4.5, -121.5, 0.00000E+00 
4.5, -121.5, 0.00000E+00 
13.5, -121.5, 0.00000E+00 
22.5, -121.5, 7.14286E-02 
31.5, -121.5, 4.09639E-02 
40.5, -121.5, 4.63277E-02 
49.5, -121.5, 3.56506E-02 
58.5, -121.5, 1.67877E-02 
67.5, -121.5, 4.73471E-03 
76.5, -121.5, 1.90088E-03 
85.5, -121.5, 0.00000E+00 
94.5, -121.5, 0.00000E+00 
103.5, -121.5, 0.00000E+00 
112.5, -121.5, 0.00000E+00 
121.5, -121.5, 0.00000E+00 
130.5, -121.5, 0.00000E+00 
139.5, -121.5, 0.00000E+00 
148.5, -121.5, 0.00000E+00 
157.5, -121.5, 0.00000E+00 
166.5, -121.5, 0.00000E+00 
175.5, -121.5, 0.00000E+00 
-175.5, -130.5, 0.00000E+00 
-166.5, -130.5, 6.77966E-03 
-157.5, -130.5, 3.35570E-02 
-148.5, -130.5, 9.49367E-02 
-139.5, -130.5, 4.58824E-01 
-130.5, -130.5, 7.88018E-01 
-121.5, -130.5, 1.22816E+00 
-112.5, -130.5, 1.09091E+00 
-103.5, -130.5, 6.84882E-01 
-94.5, -130.5, 3.46734E-01 
-85.5, -130.5, 1.99409E-01 
-76.5, -130.5, 1.76871E-01 
-67.5, -130.5, 1.01449E-01 
-58.5, -130.5, 0.00000E+00 
-49.5, -130.5, 0.00000E+00 
-40.5, -130.5, 0.00000E+00 
-31.5, -130.5, 0.00000E+00 
-22.5, -130.5, 0.00000E+00 
-13.5, -130.5, 0.00000E+00 
-4.5, -130.5, 0.00000E+00 
4.5, -130.5, 0.00000E+00 
13.5, -130.5, 0.00000E+00 
22.5, -130.5, 0.00000E+00 
31.5, -130.5, 1.56250E-02 
40.5, -130.5, 3.83502E-02 
49.5, -130.5, 2.67480E-02 
58.5, -130.5, 1.69351E-02 
67.5, -130.5, 7.46971E-03 
76.5, -130.5, 2.21332E-03 
85.5, -130.5, 5.28786E-04 
94.5, -130.5, 0.00000E+00 
103.5, -130.5, 0.00000E+00 
112.5, -130.5, 0.00000E+00 
121.5, -130.5, 0.00000E+00 
130.5, -130.5, 0.00000E+00 
139.5, -130.5, 0.00000E+00 
148.5, -130.5, 0.00000E+00 
157.5, -130.5, 0.00000E+00 
166.5, -130.5, 0.00000E+00 
175.5, -130.5, 0.00000E+00 
-175.5, -139.5, 0.00000E+00 
-166.5, -139.5, 3.65631E-03 
-157.5, -139.5, 3.50877E-02 
-148.5, -139.5, 7.16846E-02 
-139.5, -139.5, 2.98246E-01 
-130.5, -139.5, 5.69983E-01 
-121.5, -139.5, 7.03125E-01 
-112.5, -139.5, 5.36213E-01 
-103.5, -139.5, 4.02288E-01 
-94.5, -139.5, 2.04325E-01 
-85.5, -139.5, 1.37255E-01 
-76.5, -139.5, 7.72014E-02 
-67.5, -139.5, 9.55882E-02 
-58.5, -139.5, 0.00000E+00 
-49.5, -139.5, 0.00000E+00 
-40.5, -139.5, 0.00000E+00 
-31.5, -139.5, 0.00000E+00 
-22.5, -139.5, 0.00000E+00 
-13.5, -139.5, 0.00000E+00 
-4.5, -139.5, 0.00000E+00 
4.5, -139.5, 0.00000E+00 
13.5, -139.5, 0.00000E+00 
22.5, -139.5, 0.00000E+00 
31.5, -139.5, 2.60417E-02 
40.5, -139.5, 2.46629E-02 
49.5, -139.5, 1.48620E-02 
58.5, -139.5, 1.01613E-02 
67.5, -139.5, 6.46432E-03 
76.5, -139.5, 1.90725E-03 
85.5, -139.5, 9.44096E-04 
94.5, -139.5, 1.75917E-04 
103.5, -139.5, 0.00000E+00 
112.5, -139.5, 0.00000E+00 
121.5, -139.5, 0.00000E+00 
130.5, -139.5, 0.00000E+00 
139.5, -139.5, 0.00000E+00 
148.5, -139.5, 0.00000E+00 
157.5, -139.5, 0.00000E+00 
166.5, -139.5, 0.00000E+00 
175.5, -139.5, 0.00000E+00 
-175.5, -148.5, 2.09864E-03 
-166.5, -148.5, 6.52174E-03 
-157.5, -148.5, 2.33546E-02 
-148.5, -148.5, 7.68362E-02 
-139.5, -148.5, 1.63399E-01 
-130.5, -148.5, 3.39420E-01 
-121.5, -148.5, 4.34696E-01 
-112.5, -148.5, 3.44120E-01 
-103.5, -148.5, 1.93995E-01 
-94.5, -148.5, 1.26193E-01 
-85.5, -148.5, 6.14737E-02 
-76.5, -148.5, 4.16164E-02 
-67.5, -148.5, 3.71901E-02 
-58.5, -148.5, 1.38889E-02 
-49.5, -148.5, 0.00000E+00 
-40.5, -148.5, 0.00000E+00 
-31.5, -148.5, 0.00000E+00 
-22.5, -148.5, 0.00000E+00 
-13.5, -148.5, 0.00000E+00 
-4.5, -148.5, 0.00000E+00 
4.5, -148.5, 0.00000E+00 
13.5, -148.5, 0.00000E+00 
22.5, -148.5, 0.00000E+00 
31.5, -148.5, 1.11111E-02 
40.5, -148.5, 4.05268E-03 
49.5, -148.5, 9.08373E-03 
58.5, -148.5, 6.35824E-03 
67.5, -148.5, 4.42667E-03 
76.5, -148.5, 2.01603E-03 
85.5, -148.5, 1.45836E-04 
94.5, -148.5, 0.00000E+00 
103.5, -148.5, 0.00000E+00 
112.5, -148.5, 0.00000E+00 
121.5, -148.5, 0.00000E+00 
130.5, -148.5, 0.00000E+00 
139.5, -148.5, 0.00000E+00 
148.5, -148.5, 0.00000E+00 
157.5, -148.5, 0.00000E+00 
166.5, -148.5, 0.00000E+00 
175.5, -148.5, 0.00000E+00 
-175.5, -157.5, 4.09556E-03 
-166.5, -157.5, 5.75540E-03 
-157.5, -157.5, 2.06469E-02 
-148.5, -157.5, 5.80737E-02 
-139.5, -157.5, 1.43173E-01 
-130.5, -157.5, 2.80057E-01 
-121.5, -157.5, 3.76336E-01 
-112.5, -157.5, 2.70575E-01 
-103.5, -157.5, 1.57591E-01 
-94.5, -157.5, 9.64179E-02 
-85.5, -157.5, 6.15776E-02 
-76.5, -157.5, 4.01875E-02 
-67.5, -157.5, 1.79334E-02 
-58.5, -157.5, 6.21762E-02 
-49.5, -157.5, 0.00000E+00 
-40.5, -157.5, 0.00000E+00 
-31.5, -157.5, 0.00000E+00 
-22.5, -157.5, 0.00000E+00 
-13.5, -157.5, 0.00000E+00 
-4.5, -157.5, 0.00000E+00 
4.5, -157.5, 0.00000E+00 
13.5, -157.5, 0.00000E+00 
22.5, -157.5, 0.00000E+00 
31.5, -157.5, 0.00000E+00 
40.5, -157.5, 5.74713E-03 
49.5, -157.5, 7.65111E-03 
58.5, -157.5, 7.96533E-03 
67.5, -157.5, 3.71041E-03 
76.5, -157.5, 1.84542E-03 
85.5, -157.5, 1.50218E-04 
94.5, -157.5, 2.22866E-04 
103.5, -157.5, 0.00000E+00 
112.5, -157.5, 0.00000E+00 
121.5, -157.5, 0.00000E+00 
130.5, -157.5, 0.00000E+00 
139.5, -157.5, 0.00000E+00 
148.5, -157.5, 0.00000E+00 
157.5, -157.5, 0.00000E+00 
166.5, -157.5, 0.00000E+00 
175.5, -157.5, 0.00000E+00 
-175.5, -166.5, 3.80952E-03 
-166.5, -166.5, 2.44021E-02 
-157.5, -166.5, 6.88299E-02 
-148.5, -166.5, 1.23544E-01 
-139.5, -166.5, 2.18223E-01 
-130.5, -166.5, 3.55506E-01 
-121.5, -166.5, 3.89831E-01 
-112.5, -166.5, 3.01174E-01 
-103.5, -166.5, 1.94217E-01 
-94.5, -166.5, 1.23533E-01 
-85.5, -166.5, 7.61178E-02 
-76.5, -166.5, 6.42734E-02 
-67.5, -166.5, 4.16667E-02 
-58.5, -166.5, 3.25581E-02 
-49.5, -166.5, 5.12821E-02 
-40.5, -166.5, 0.00000E+00 
-31.5, -166.5, 0.00000E+00 
-22.5, -166.5, 0.00000E+00 
-13.5, -166.5, 0.00000E+00 
-4.5, -166.5, 0.00000E+00 
4.5, -166.5, 0.00000E+00 
13.5, -166.5, 0.00000E+00 
22.5, -166.5, 0.00000E+00 
31.5, -166.5, 5.00000E-01 
40.5, -166.5, 0.00000E+00 
49.5, -166.5, 8.25309E-03 
58.5, -166.5, 8.52180E-03 
67.5, -166.5, 5.50915E-03 
76.5, -166.5, 2.86920E-03 
85.5, -166.5, 2.04457E-04 
94.5, -166.5, 0.00000E+00 
103.5, -166.5, 0.00000E+00 
112.5, -166.5, 0.00000E+00 
121.5, -166.5, 0.00000E+00 
130.5, -166.5, 0.00000E+00 
139.5, -166.5, 0.00000E+00 
148.5, -166.5, 0.00000E+00 
157.5, -166.5, 0.00000E+00 
166.5, -166.5, 0.00000E+00 
175.5, -166.5, 0.00000E+00 
-175.5, -175.5, 2.21493E-02 
-166.5, -175.5, 6.67976E-02 
-157.5, -175.5, 1.57028E-01 
-148.5, -175.5, 2.81814E-01 
-139.5, -175.5, 5.05451E-01 
-130.5, -175.5, 6.70281E-01 
-121.5, -175.5, 6.57224E-01 
-112.5, -175.5, 5.28139E-01 
-103.5, -175.5, 3.33705E-01 
-94.5, -175.5, 2.15843E-01 
-85.5, -175.5, 1.62525E-01 
-76.5, -175.5, 1.30287E-01 
-67.5, -175.5, 1.13711E-01 
-58.5, -175.5, 1.10043E-01 
-49.5, -175.5, 6.25000E-02 
-40.5, -175.5, 0.00000E+00 
-31.5, -175.5, 0.00000E+00 
-22.5, -175.5, 0.00000E+00 
-13.5, -175.5, 0.00000E+00 
-4.5, -175.5, 0.00000E+00 
4.5, -175.5, 0.00000E+00 
13.5, -175.5, 0.00000E+00 
22.5, -175.5, 0.00000E+00 
31.5, -175.5, 0.00000E+00 
40.5, -175.5, 2.85714E-01 
49.5, -175.5, 2.16718E-02 
58.5, -175.5, 3.48288E-02 
67.5, -175.5, 7.07187E-03 
76.5, -175.5, 6.47208E-03 
85.5, -175.5, 2.63678E-04 
94.5, -175.5, 0.00000E+00 
103.5, -175.5, 0.00000E+00 
112.5, -175.5, 0.00000E+00 
121.5, -175.5, 0.00000E+00 
130.5, -175.5, 0.00000E+00 
139.5, -175.5, 0.00000E+00 
148.5, -175.5, 0.00000E+00 
157.5, -175.5, 0.00000E+00 
166.5, -175.5, 8.03213E-04 
175.5, -175.5, 1.61355E-03 
