x, y, probability density 
-175.5, 175.5, 1.53288E-02 
-166.5, 175.5, 8.03213E-04 
-157.5, 175.5, 0.00000E+00 
-148.5, 175.5, 0.00000E+00 
-139.5, 175.5, 0.00000E+00 
-130.5, 175.5, 0.00000E+00 
-121.5, 175.5, 0.00000E+00 
-112.5, 175.5, 0.00000E+00 
-103.5, 175.5, 5.66091E-04 
-94.5, 175.5, 3.64631E-04 
-85.5, 175.5, 2.37310E-03 
-76.5, 175.5, 7.99492E-03 
-67.5, 175.5, 1.35703E-02 
-58.5, 175.5, 7.49705E-02 
-49.5, 175.5, 1.08359E-01 
-40.5, 175.5, 1.42857E-01 
-31.5, 175.5, 0.00000E+00 
-22.5, 175.5, 0.00000E+00 
-13.5, 175.5, 0.00000E+00 
-4.5, 175.5, 0.00000E+00 
4.5, 175.5, 0.00000E+00 
13.5, 175.5, 0.00000E+00 
22.5, 175.5, 0.00000E+00 
31.5, 175.5, 0.00000E+00 
40.5, 175.5, 0.00000E+00 
49.5, 175.5, 1.25000E-01 
58.5, 175.5, 1.72009E-01 
67.5, 175.5, 1.91905E-01 
76.5, 175.5, 1.99263E-01 
85.5, 175.5, 2.16795E-01 
94.5, 175.5, 2.42311E-01 
103.5, 175.5, 3.41504E-01 
112.5, 175.5, 4.90358E-01 
121.5, 175.5, 5.47686E-01 
130.5, 175.5, 5.84524E-01 
139.5, 175.5, 6.75917E-01 
148.5, 175.5, 6.18230E-01 
157.5, 175.5, 5.79992E-01 
166.5, 175.5, 3.85855E-01 
175.5, 175.5, 1.34537E-01 
-175.5, 166.5, 1.16279E-02 
-166.5, 166.5, 0.00000E+00 
-157.5, 166.5, 0.00000E+00 
-148.5, 166.5, 0.00000E+00 
-139.5, 166.5, 0.00000E+00 
-130.5, 166.5, 0.00000E+00 
-121.5, 166.5, 0.00000E+00 
-112.5, 166.5, 0.00000E+00 
-103.5, 166.5, 0.00000E+00 
-94.5, 166.5, 2.96912E-04 
-85.5, 166.5, 1.22674E-03 
-76.5, 166.5, 4.21941E-03 
-67.5, 166.5, 9.77430E-03 
-58.5, 166.5, 1.47493E-02 
-49.5, 166.5, 3.43879E-02 
-40.5, 166.5, 1.03448E-01 
-31.5, 166.5, 0.00000E+00 
-22.5, 166.5, 0.00000E+00 
-13.5, 166.5, 0.00000E+00 
-4.5, 166.5, 0.00000E+00 
4.5, 166.5, 0.00000E+00 
13.5, 166.5, 0.00000E+00 
22.5, 166.5, 0.00000E+00 
31.5, 166.5, 0.00000E+00 
40.5, 166.5, 0.00000E+00 
49.5, 166.5, 3.07692E-01 
58.5, 166.5, 5.11628E-02 
67.5, 166.5, 7.06522E-02 
76.5, 166.5, 8.06105E-02 
85.5, 166.5, 9.77644E-02 
94.5, 166.5, 1.09365E-01 
103.5, 166.5, 1.43306E-01 
112.5, 166.5, 1.94631E-01 
121.5, 166.5, 2.65890E-01 
130.5, 166.5, 2.70542E-01 
139.5, 166.5, 3.16085E-01 
148.5, 166.5, 2.89620E-01 
157.5, 166.5, 2.91052E-01 
166.5, 166.5, 1.60078E-01 
175.5, 166.5, 4.57143E-02 
-175.5, 157.5, 8.61326E-04 
-166.5, 157.5, 0.00000E+00 
-157.5, 157.5, 0.00000E+00 
-148.5, 157.5, 0.00000E+00 
-139.5, 157.5, 0.00000E+00 
-130.5, 157.5, 0.00000E+00 
-121.5, 157.5, 0.00000E+00 
-112.5, 157.5, 0.00000E+00 
-103.5, 157.5, 0.00000E+00 
-94.5, 157.5, 2.22866E-04 
-85.5, 157.5, 1.05152E-03 
-76.5, 157.5, 1.84542E-03 
-67.5, 157.5, 5.52036E-03 
-58.5, 157.5, 9.36723E-03 
-49.5, 157.5, 9.56389E-03 
-40.5, 157.5, 2.01149E-02 
-31.5, 157.5, 8.69565E-02 
-22.5, 157.5, 1.00000E+00 
-13.5, 157.5, 0.00000E+00 
-4.5, 157.5, 0.00000E+00 
4.5, 157.5, 0.00000E+00 
13.5, 157.5, 0.00000E+00 
22.5, 157.5, 0.00000E+00 
31.5, 157.5, 0.00000E+00 
40.5, 157.5, 0.00000E+00 
49.5, 157.5, 7.69231E-02 
58.5, 157.5, 1.03627E-02 
67.5, 157.5, 2.98890E-02 
76.5, 157.5, 4.82251E-02 
85.5, 157.5, 5.69975E-02 
94.5, 157.5, 7.79104E-02 
103.5, 157.5, 1.21287E-01 
112.5, 157.5, 1.73619E-01 
121.5, 157.5, 1.81041E-01 
130.5, 157.5, 2.02263E-01 
139.5, 157.5, 2.30258E-01 
148.5, 157.5, 2.11048E-01 
157.5, 157.5, 1.84446E-01 
166.5, 157.5, 1.09353E-01 
175.5, 157.5, 2.73038E-02 
-175.5, 148.5, 0.00000E+00 
-166.5, 148.5, 0.00000E+00 
-157.5, 148.5, 0.00000E+00 
-148.5, 148.5, 0.00000E+00 
-139.5, 148.5, 0.00000E+00 
-130.5, 148.5, 0.00000E+00 
-121.5, 148.5, 0.00000E+00 
-112.5, 148.5, 0.00000E+00 
-103.5, 148.5, 0.00000E+00 
-94.5, 148.5, 8.48987E-04 
-85.5, 148.5, 1.31253E-03 
-76.5, 148.5, 2.85996E-03 
-67.5, 148.5, 5.42625E-03 
-58.5, 148.5, 7.27851E-03 
-49.5, 148.5, 1.00711E-02 
-40.5, 148.5, 2.12766E-02 
-31.5, 148.5, 1.11111E-02 
-22.5, 148.5, 0.00000E+00 
-13.5, 148.5, 0.00000E+00 
-4.5, 148.5, 0.00000E+00 
4.5, 148.5, 0.00000E+00 
13.5, 148.5, 0.00000E+00 
22.5, 148.5, 0.00000E+00 
31.5, 148.5, 0.00000E+00 
40.5, 148.5, 0.00000E+00 
49.5, 148.5, 0.00000E+00 
58.5, 148.5, 1.38889E-02 
67.5, 148.5, 3.71901E-02 
76.5, 148.5, 4.16164E-02 
85.5, 148.5, 6.73684E-02 
94.5, 148.5, 9.67042E-02 
103.5, 148.5, 1.27021E-01 
112.5, 148.5, 1.83110E-01 
121.5, 148.5, 2.37288E-01 
130.5, 148.5, 2.23416E-01 
139.5, 148.5, 1.93900E-01 
148.5, 148.5, 2.41808E-01 
157.5, 148.5, 2.08068E-01 
166.5, 148.5, 1.26087E-01 
175.5, 148.5, 2.09864E-02 
-175.5, 139.5, 0.00000E+00 
-166.5, 139.5, 0.00000E+00 
-157.5, 139.5, 0.00000E+00 
-148.5, 139.5, 0.00000E+00 
-139.5, 139.5, 0.00000E+00 
-130.5, 139.5, 0.00000E+00 
-121.5, 139.5, 0.00000E+00 
-112.5, 139.5, 0.00000E+00 
-103.5, 139.5, 0.00000E+00 
-94.5, 139.5, 1.75917E-04 
-85.5, 139.5, 1.34871E-03 
-76.5, 139.5, 3.10610E-03 
-67.5, 139.5, 7.83424E-03 
-58.5, 139.5, 1.35484E-02 
-49.5, 139.5, 2.04671E-02 
-40.5, 139.5, 2.72937E-02 
-31.5, 139.5, 4.68750E-02 
-22.5, 139.5, 0.00000E+00 
-13.5, 139.5, 5.00000E-01 
-4.5, 139.5, 0.00000E+00 
4.5, 139.5, 0.00000E+00 
13.5, 139.5, 0.00000E+00 
22.5, 139.5, 0.00000E+00 
31.5, 139.5, 0.00000E+00 
40.5, 139.5, 0.00000E+00 
49.5, 139.5, 2.50000E-01 
58.5, 139.5, 0.00000E+00 
67.5, 139.5, 4.41176E-02 
76.5, 139.5, 6.51387E-02 
85.5, 139.5, 7.33479E-02 
94.5, 139.5, 1.28262E-01 
103.5, 139.5, 1.69685E-01 
112.5, 139.5, 3.25286E-01 
121.5, 139.5, 3.43750E-01 
130.5, 139.5, 3.10287E-01 
139.5, 139.5, 3.26316E-01 
148.5, 139.5, 2.86738E-01 
157.5, 139.5, 2.21053E-01 
166.5, 139.5, 1.20658E-01 
175.5, 139.5, 4.05904E-02 
-175.5, 130.5, 0.00000E+00 
-166.5, 130.5, 0.00000E+00 
-157.5, 130.5, 0.00000E+00 
-148.5, 130.5, 0.00000E+00 
-139.5, 130.5, 0.00000E+00 
-130.5, 130.5, 0.00000E+00 
-121.5, 130.5, 0.00000E+00 
-112.5, 130.5, 0.00000E+00 
-103.5, 130.5, 0.00000E+00 
-94.5, 130.5, 1.75886E-04 
-85.5, 130.5, 6.60982E-04 
-76.5, 130.5, 3.16189E-03 
-67.5, 130.5, 9.12964E-03 
-58.5, 130.5, 1.70733E-02 
-49.5, 130.5, 2.86251E-02 
-40.5, 130.5, 5.93343E-02 
-31.5, 130.5, 9.76562E-02 
-22.5, 130.5, 1.71429E-01 
-13.5, 130.5, 5.00000E-01 
-4.5, 130.5, 0.00000E+00 
4.5, 130.5, 0.00000E+00 
13.5, 130.5, 0.00000E+00 
22.5, 130.5, 0.00000E+00 
31.5, 130.5, 0.00000E+00 
40.5, 130.5, 0.00000E+00 
49.5, 130.5, 0.00000E+00 
58.5, 130.5, 4.76190E-02 
67.5, 130.5, 5.79710E-02 
76.5, 130.5, 8.16327E-02 
85.5, 130.5, 1.25554E-01 
94.5, 130.5, 1.80905E-01 
103.5, 130.5, 3.13297E-01 
112.5, 130.5, 3.98268E-01 
121.5, 130.5, 4.07767E-01 
130.5, 130.5, 3.73272E-01 
139.5, 130.5, 4.70588E-01 
148.5, 130.5, 4.36709E-01 
157.5, 130.5, 3.48993E-01 
166.5, 130.5, 2.30508E-01 
175.5, 130.5, 2.73973E-02 
-175.5, 121.5, 0.00000E+00 
-166.5, 121.5, 0.00000E+00 
-157.5, 121.5, 0.00000E+00 
-148.5, 121.5, 0.00000E+00 
-139.5, 121.5, 0.00000E+00 
-130.5, 121.5, 0.00000E+00 
-121.5, 121.5, 0.00000E+00 
-112.5, 121.5, 0.00000E+00 
-103.5, 121.5, 0.00000E+00 
-94.5, 121.5, 0.00000E+00 
-85.5, 121.5, 1.02547E-03 
-76.5, 121.5, 1.76511E-03 
-67.5, 121.5, 7.28994E-03 
-58.5, 121.5, 1.96452E-02 
-49.5, 121.5, 4.90196E-02 
-40.5, 121.5, 8.92655E-02 
-31.5, 121.5, 1.85542E-01 
-22.5, 121.5, 3.21429E-01 
-13.5, 121.5, 1.53846E-01 
-4.5, 121.5, 0.00000E+00 
4.5, 121.5, 0.00000E+00 
13.5, 121.5, 0.00000E+00 
22.5, 121.5, 0.00000E+00 
31.5, 121.5, 0.00000E+00 
40.5, 121.5, 0.00000E+00 
49.5, 121.5, 0.00000E+00 
58.5, 121.5, 4.25532E-02 
67.5, 121.5, 3.36134E-02 
76.5, 121.5, 9.64912E-02 
85.5, 121.5, 1.31313E-01 
94.5, 121.5, 3.01703E-01 
103.5, 121.5, 4.07643E-01 
112.5, 121.5, 4.13223E-01 
121.5, 121.5, 3.70370E-01 
130.5, 121.5, 4.16107E-01 
139.5, 121.5, 3.27103E-01 
148.5, 121.5, 3.43750E-01 
157.5, 121.5, 4.44444E-01 
166.5, 121.5, 2.25352E-01 
175.5, 121.5, 1.45985E-02 
-175.5, 112.5, 0.00000E+00 
-166.5, 112.5, 0.00000E+00 
-157.5, 112.5, 0.00000E+00 
-148.5, 112.5, 0.00000E+00 
-139.5, 112.5, 0.00000E+00 
-130.5, 112.5, 0.00000E+00 
-121.5, 112.5, 0.00000E+00 
-112.5, 112.5, 0.00000E+00 
-103.5, 112.5, 0.00000E+00 
-94.5, 112.5, 0.00000E+00 
-85.5, 112.5, 5.37418E-04 
-76.5, 112.5, 2.05409E-03 
-67.5, 112.5, 6.34837E-03 
-58.5, 112.5, 2.16460E-02 
-49.5, 112.5, 3.81760E-02 
-40.5, 112.5, 8.46154E-02 
-31.5, 112.5, 2.14612E-01 
-22.5, 112.5, 2.00000E-01 
-13.5, 112.5, 1.66667E-01 
-4.5, 112.5, 0.00000E+00 
4.5, 112.5, 6.66667E-01 
13.5, 112.5, 0.00000E+00 
22.5, 112.5, 0.00000E+00 
31.5, 112.5, 0.00000E+00 
40.5, 112.5, 0.00000E+00 
49.5, 112.5, 0.00000E+00 
58.5, 112.5, 0.00000E+00 
67.5, 112.5, 2.12766E-02 
76.5, 112.5, 1.33758E-01 
85.5, 112.5, 1.49798E-01 
94.5, 112.5, 2.33766E-01 
103.5, 112.5, 2.90503E-01 
112.5, 112.5, 4.77778E-01 
121.5, 112.5, 4.40000E-01 
130.5, 112.5, 3.57143E-01 
139.5, 112.5, 2.43902E-01 
148.5, 112.5, 3.33333E-01 
157.5, 112.5, 4.17582E-01 
166.5, 112.5, 1.94444E-01 
175.5, 112.5, 2.63158E-02 
-175.5, 103.5, 0.00000E+00 
-166.5, 103.5, 0.00000E+00 
-157.5, 103.5, 0.00000E+00 
-148.5, 103.5, 0.00000E+00 
-139.5, 103.5, 0.00000E+00 
-130.5, 103.5, 0.00000E+00 
-121.5, 103.5, 0.00000E+00 
-112.5, 103.5, 0.00000E+00 
-103.5, 103.5, 0.00000E+00 
-94.5, 103.5, 0.00000E+00 
-85.5, 103.5, 4.94682E-04 
-76.5, 103.5, 8.83783E-04 
-67.5, 103.5, 3.91499E-03 
-58.5, 103.5, 2.84030E-02 
-49.5, 103.5, 3.88220E-02 
-40.5, 103.5, 7.52688E-02 
-31.5, 103.5, 1.68539E-01 
-22.5, 103.5, 9.52381E-02 
-13.5, 103.5, 2.50000E-01 
-4.5, 103.5, 0.00000E+00 
4.5, 103.5, 0.00000E+00 
13.5, 103.5, 0.00000E+00 
22.5, 103.5, 0.00000E+00 
31.5, 103.5, 0.00000E+00 
40.5, 103.5, 0.00000E+00 
49.5, 103.5, 0.00000E+00 
58.5, 103.5, 0.00000E+00 
67.5, 103.5, 1.05820E-02 
76.5, 103.5, 1.17647E-01 
85.5, 103.5, 9.09091E-02 
94.5, 103.5, 1.63522E-01 
103.5, 103.5, 2.16216E-01 
112.5, 103.5, 4.04040E-01 
121.5, 103.5, 5.90909E-01 
130.5, 103.5, 2.50000E-01 
139.5, 103.5, 6.17647E-01 
148.5, 103.5, 5.24590E-01 
157.5, 103.5, 2.69231E-01 
166.5, 103.5, 4.23077E-01 
175.5, 103.5, 2.08333E-01 
-175.5, 94.5, 0.00000E+00 
-166.5, 94.5, 0.00000E+00 
-157.5, 94.5, 0.00000E+00 
-148.5, 94.5, 0.00000E+00 
-139.5, 94.5, 0.00000E+00 
-130.5, 94.5, 0.00000E+00 
-121.5, 94.5, 0.00000E+00 
-112.5, 94.5, 0.00000E+00 
-103.5, 94.5, 0.00000E+00 
-94.5, 94.5, 0.00000E+00 
-85.5, 94.5, 8.24063E-04 
-76.5, 94.5, 1.46413E-03 
-67.5, 94.5, 7.72947E-03 
-58.5, 94.5, 4.90196E-03 
-49.5, 94.5, 2.18978E-02 
-40.5, 94.5, 7.31707E-02 
-31.5, 94.5, 5.88235E-02 
-22.5, 94.5, 0.00000E+00 
-13.5, 94.5, 2.00000E-01 
-4.5, 94.5, 1.25000E-01 
4.5, 94.5, 0.00000E+00 
13.5, 94.5, 0.00000E+00 
22.5, 94.5, 0.00000E+00 
31.5, 94.5, 0.00000E+00 
40.5, 94.5, 0.00000E+00 
49.5, 94.5, 0.00000E+00 
58.5, 94.5, 1.69492E-02 
67.5, 94.5, 3.28947E-02 
76.5, 94.5, 2.58621E-02 
85.5, 94.5, 4.91803E-02 
94.5, 94.5, 2.26415E-01 
103.5, 94.5, 3.78947E-01 
112.5, 94.5, 3.88889E-01 
121.5, 94.5, 3.02326E-01 
130.5, 94.5, 3.33333E-01 
139.5, 94.5, 2.42424E-01 
148.5, 94.5, 1.11111E-01 
157.5, 94.5, 2.27273E-01 
166.5, 94.5, 1.71429E-01 
175.5, 94.5, 1.08108E-01 
-175.5, 85.5, 0.00000E+00 
-166.5, 85.5, 0.00000E+00 
-157.5, 85.5, 0.00000E+00 
-148.5, 85.5, 0.00000E+00 
-139.5, 85.5, 0.00000E+00 
-130.5, 85.5, 0.00000E+00 
-121.5, 85.5, 0.00000E+00 
-112.5, 85.5, 0.00000E+00 
-103.5, 85.5, 0.00000E+00 
-94.5, 85.5, 0.00000E+00 
-85.5, 85.5, 0.00000E+00 
-76.5, 85.5, 6.55308E-04 
-67.5, 85.5, 9.78261E-03 
-58.5, 85.5, 1.09890E-02 
-49.5, 85.5, 3.77358E-02 
-40.5, 85.5, 0.00000E+00 
-31.5, 85.5, 1.66667E-01 
-22.5, 85.5, 2.50000E-01 
-13.5, 85.5, 0.00000E+00 
-4.5, 85.5, 0.00000E+00 
4.5, 85.5, 0.00000E+00 
13.5, 85.5, 0.00000E+00 
22.5, 85.5, 0.00000E+00 
31.5, 85.5, 2.46914E-02 
40.5, 85.5, 1.35135E-02 
49.5, 85.5, 0.00000E+00 
58.5, 85.5, 1.23023E-02 
67.5, 85.5, 1.70068E-02 
76.5, 85.5, 7.23684E-02 
85.5, 85.5, 2.85714E-01 
94.5, 85.5, 2.13115E-01 
103.5, 85.5, 3.03030E-01 
112.5, 85.5, 2.35294E-01 
121.5, 85.5, 5.00000E-01 
130.5, 85.5, 2.82051E-01 
139.5, 85.5, 3.82353E-01 
148.5, 85.5, 2.18750E-01 
157.5, 85.5, 5.29412E-01 
166.5, 85.5, 3.44828E-01 
175.5, 85.5, 7.40741E-02 
-175.5, 76.5, 0.00000E+00 
-166.5, 76.5, 0.00000E+00 
-157.5, 76.5, 0.00000E+00 
-148.5, 76.5, 0.00000E+00 
-139.5, 76.5, 0.00000E+00 
-130.5, 76.5, 0.00000E+00 
-121.5, 76.5, 0.00000E+00 
-112.5, 76.5, 0.00000E+00 
-103.5, 76.5, 0.00000E+00 
-94.5, 76.5, 0.00000E+00 
-85.5, 76.5, 5.80720E-04 
-76.5, 76.5, 0.00000E+00 
-67.5, 76.5, 1.28700E-02 
-58.5, 76.5, 5.37634E-03 
-49.5, 76.5, 1.25000E-01 
-40.5, 76.5, 0.00000E+00 
-31.5, 76.5, 0.00000E+00 
-22.5, 76.5, 0.00000E+00 
-13.5, 76.5, 0.00000E+00 
-4.5, 76.5, 0.00000E+00 
4.5, 76.5, 0.00000E+00 
13.5, 76.5, 0.00000E+00 
22.5, 76.5, 1.85185E-02 
31.5, 76.5, 2.56410E-02 
40.5, 76.5, 0.00000E+00 
49.5, 76.5, -7.61697E-03 
58.5, 76.5, 0.00000E+00 
67.5, 76.5, -1.18343E-02 
76.5, 76.5, -1.79372E-02 
85.5, 76.5, 2.42718E-01 
94.5, 76.5, 2.43243E-01 
103.5, 76.5, 2.73684E-01 
112.5, 76.5, 2.65306E-01 
121.5, 76.5, 2.71429E-01 
130.5, 76.5, 3.45455E-01 
139.5, 76.5, 3.92157E-01 
148.5, 76.5, 2.77778E-01 
157.5, 76.5, 4.82759E-01 
166.5, 76.5, 6.00000E-01 
175.5, 76.5, 6.25000E-02 
-175.5, 67.5, 3.22581E-02 
-166.5, 67.5, 0.00000E+00 
-157.5, 67.5, 0.00000E+00 
-148.5, 67.5, 0.00000E+00 
-139.5, 67.5, 0.00000E+00 
-130.5, 67.5, 0.00000E+00 
-121.5, 67.5, 0.00000E+00 
-112.5, 67.5, 0.00000E+00 
-103.5, 67.5, 0.00000E+00 
-94.5, 67.5, 0.00000E+00 
-85.5, 67.5, 3.24324E-03 
-76.5, 67.5, 8.69061E-03 
-67.5, 67.5, 2.00000E-02 
-58.5, 67.5, 9.01639E-02 
-49.5, 67.5, 2.00000E-01 
-40.5, 67.5, 5.00000E-01 
-31.5, 67.5, 0.00000E+00 
-22.5, 67.5, 0.00000E+00 
-13.5, 67.5, 0.00000E+00 
-4.5, 67.5, 0.00000E+00 
4.5, 67.5, 5.00000E-01 
13.5, 67.5, 0.00000E+00 
22.5, 67.5, 3.12500E-02 
31.5, 67.5, 3.27869E-02 
40.5, 67.5, 0.00000E+00 
49.5, 67.5, -9.79325E-03 
58.5, 67.5, -2.28153E-02 
67.5, 67.5, -1.89125E-02 
76.5, 67.5, 1.34897E-01 
85.5, 67.5, 2.57353E-01 
94.5, 67.5, 1.82796E-01 
103.5, 67.5, 3.51351E-01 
112.5, 67.5, 2.65193E-01 
121.5, 67.5, 3.14685E-01 
130.5, 67.5, 3.45794E-01 
139.5, 67.5, 4.24658E-01 
148.5, 67.5, 3.88060E-01 
157.5, 67.5, 2.61905E-01 
166.5, 67.5, 5.00000E-01 
175.5, 67.5, 1.87500E-01 
-175.5, 58.5, 5.55556E-02 
-166.5, 58.5, 0.00000E+00 
-157.5, 58.5, 0.00000E+00 
-148.5, 58.5, 0.00000E+00 
-139.5, 58.5, 0.00000E+00 
-130.5, 58.5, 0.00000E+00 
-121.5, 58.5, 0.00000E+00 
-112.5, 58.5, 0.00000E+00 
-103.5, 58.5, 9.77517E-04 
-94.5, 58.5, 2.47788E-03 
-85.5, 58.5, 2.10526E-03 
-76.5, 58.5, 2.31635E-02 
-67.5, 58.5, 7.80669E-02 
-58.5, 58.5, 7.14286E-02 
-49.5, 58.5, 2.50000E-01 
-40.5, 58.5, 0.00000E+00 
-31.5, 58.5, 0.00000E+00 
-22.5, 58.5, 0.00000E+00 
-13.5, 58.5, 0.00000E+00 
-4.5, 58.5, 0.00000E+00 
4.5, 58.5, 0.00000E+00 
13.5, 58.5, 0.00000E+00 
22.5, 58.5, 5.40541E-02 
31.5, 58.5, 4.39883E-02 
40.5, 58.5, 5.08711E-02 
49.5, 58.5, 1.70473E-02 
58.5, 58.5, 6.61841E-02 
67.5, 58.5, 1.50000E-01 
76.5, 58.5, 2.89245E-01 
85.5, 58.5, 3.11688E-01 
94.5, 58.5, 2.94498E-01 
103.5, 58.5, 3.51320E-01 
112.5, 58.5, 2.70588E-01 
121.5, 58.5, 2.61137E-01 
130.5, 58.5, 3.35294E-01 
139.5, 58.5, 4.66321E-01 
148.5, 58.5, 4.49275E-01 
157.5, 58.5, 6.80000E-01 
166.5, 58.5, 8.62069E-01 
175.5, 58.5, 2.22222E-01 
-175.5, 49.5, 0.00000E+00 
-166.5, 49.5, 0.00000E+00 
-157.5, 49.5, 0.00000E+00 
-148.5, 49.5, 0.00000E+00 
-139.5, 49.5, 0.00000E+00 
-130.5, 49.5, 0.00000E+00 
-121.5, 49.5, 0.00000E+00 
-112.5, 49.5, 0.00000E+00 
-103.5, 49.5, 0.00000E+00 
-94.5, 49.5, 1.31148E-03 
-85.5, 49.5, 9.19305E-03 
-76.5, 49.5, 3.79747E-02 
-67.5, 49.5, 1.54534E-01 
-58.5, 49.5, 4.48819E-01 
-49.5, 49.5, 4.00000E-01 
-40.5, 49.5, 0.00000E+00 
-31.5, 49.5, 0.00000E+00 
-22.5, 49.5, 0.00000E+00 
-13.5, 49.5, 0.00000E+00 
-4.5, 49.5, 0.00000E+00 
4.5, 49.5, 0.00000E+00 
13.5, 49.5, 0.00000E+00 
22.5, 49.5, 4.44444E-01 
31.5, 49.5, 1.28405E-01 
40.5, 49.5, 8.15710E-02 
49.5, 49.5, 1.21259E-01 
58.5, 49.5, 1.99927E-01 
67.5, 49.5, 4.05622E-01 
76.5, 49.5, 3.76819E-01 
85.5, 49.5, 3.66491E-01 
94.5, 49.5, 3.89800E-01 
103.5, 49.5, 4.06360E-01 
112.5, 49.5, 3.62887E-01 
121.5, 49.5, 3.64026E-01 
130.5, 49.5, 4.56274E-01 
139.5, 49.5, 5.42857E-01 
148.5, 49.5, 7.54098E-01 
157.5, 49.5, 6.75000E-01 
166.5, 49.5, 7.89474E-01 
175.5, 49.5, 3.33333E-01 
-175.5, 40.5, 1.00000E-01 
-166.5, 40.5, 0.00000E+00 
-157.5, 40.5, 0.00000E+00 
-148.5, 40.5, 0.00000E+00 
-139.5, 40.5, 0.00000E+00 
-130.5, 40.5, 0.00000E+00 
-121.5, 40.5, 0.00000E+00 
-112.5, 40.5, 0.00000E+00 
-103.5, 40.5, 6.76590E-04 
-94.5, 40.5, 3.71747E-03 
-85.5, 40.5, 1.38504E-02 
-76.5, 40.5, 6.22896E-02 
-67.5, 40.5, 2.66225E-01 
-58.5, 40.5, 7.16535E-01 
-49.5, 40.5, 4.54545E-01 
-40.5, 40.5, 0.00000E+00 
-31.5, 40.5, 0.00000E+00 
-22.5, 40.5, 0.00000E+00 
-13.5, 40.5, 0.00000E+00 
-4.5, 40.5, 0.00000E+00 
4.5, 40.5, 0.00000E+00 
13.5, 40.5, 0.00000E+00 
22.5, 40.5, 0.00000E+00 
31.5, 40.5, 9.47368E-02 
40.5, 40.5, 2.08973E-01 
49.5, 40.5, 2.59102E-01 
58.5, 40.5, 3.75304E-01 
67.5, 40.5, 4.56002E-01 
76.5, 40.5, 4.37953E-01 
85.5, 40.5, 4.28621E-01 
94.5, 40.5, 4.38150E-01 
103.5, 40.5, 5.26886E-01 
112.5, 40.5, 4.42910E-01 
121.5, 40.5, 4.12387E-01 
130.5, 40.5, 4.53988E-01 
139.5, 40.5, 6.25000E-01 
148.5, 40.5, 7.90323E-01 
157.5, 40.5, 8.92857E-01 
166.5, 40.5, 1.75000E+00 
175.5, 40.5, 2.96296E-01 
-175.5, 31.5, 0.00000E+00 
-166.5, 31.5, 0.00000E+00 
-157.5, 31.5, 0.00000E+00 
-148.5, 31.5, 0.00000E+00 
-139.5, 31.5, 0.00000E+00 
-130.5, 31.5, 0.00000E+00 
-121.5, 31.5, 0.00000E+00 
-112.5, 31.5, 0.00000E+00 
-103.5, 31.5, 0.00000E+00 
-94.5, 31.5, 1.57315E-03 
-85.5, 31.5, 8.97364E-03 
-76.5, 31.5, 5.43478E-02 
-67.5, 31.5, 3.06452E-01 
-58.5, 31.5, 3.96450E-01 
-49.5, 31.5, 3.33333E-01 
-40.5, 31.5, 0.00000E+00 
-31.5, 31.5, 0.00000E+00 
-22.5, 31.5, 0.00000E+00 
-13.5, 31.5, 0.00000E+00 
-4.5, 31.5, 0.00000E+00 
4.5, 31.5, 0.00000E+00 
13.5, 31.5, 0.00000E+00 
22.5, 31.5, 1.00000E+00 
31.5, 31.5, 5.55556E-01 
40.5, 31.5, 3.59517E-01 
49.5, 31.5, 3.68023E-01 
58.5, 31.5, 4.63447E-01 
67.5, 31.5, 5.26226E-01 
76.5, 31.5, 5.26610E-01 
85.5, 31.5, 5.01995E-01 
94.5, 31.5, 5.19718E-01 
103.5, 31.5, 6.10726E-01 
112.5, 31.5, 6.60194E-01 
121.5, 31.5, 5.88320E-01 
130.5, 31.5, 5.63422E-01 
139.5, 31.5, 6.71233E-01 
148.5, 31.5, 6.71642E-01 
157.5, 31.5, 1.19231E+00 
166.5, 31.5, 5.00000E-01 
175.5, 31.5, 2.85714E-01 
-175.5, 22.5, 0.00000E+00 
-166.5, 22.5, 0.00000E+00 
-157.5, 22.5, 0.00000E+00 
-148.5, 22.5, 0.00000E+00 
-139.5, 22.5, 0.00000E+00 
-130.5, 22.5, 0.00000E+00 
-121.5, 22.5, 0.00000E+00 
-112.5, 22.5, 0.00000E+00 
-103.5, 22.5, 3.84320E-04 
-94.5, 22.5, 7.74293E-04 
-85.5, 22.5, 9.90545E-03 
-76.5, 22.5, 6.77843E-02 
-67.5, 22.5, 1.80190E-01 
-58.5, 22.5, 2.92135E-01 
-49.5, 22.5, 3.50000E-01 
-40.5, 22.5, 0.00000E+00 
-31.5, 22.5, 0.00000E+00 
-22.5, 22.5, 0.00000E+00 
-13.5, 22.5, 0.00000E+00 
-4.5, 22.5, 0.00000E+00 
4.5, 22.5, 0.00000E+00 
13.5, 22.5, 0.00000E+00 
22.5, 22.5, 0.00000E+00 
31.5, 22.5, 2.50000E-01 
40.5, 22.5, 3.40909E-01 
49.5, 22.5, 3.79507E-01 
58.5, 22.5, 5.38275E-01 
67.5, 22.5, 5.42215E-01 
76.5, 22.5, 5.20830E-01 
85.5, 22.5, 4.84500E-01 
94.5, 22.5, 5.22273E-01 
103.5, 22.5, 6.29793E-01 
112.5, 22.5, 7.48625E-01 
121.5, 22.5, 6.56131E-01 
130.5, 22.5, 7.53316E-01 
139.5, 22.5, 6.02339E-01 
148.5, 22.5, 7.91045E-01 
157.5, 22.5, 1.00000E+00 
166.5, 22.5, 8.00000E-01 
175.5, 22.5, 7.27273E-01 
-175.5, 13.5, 0.00000E+00 
-166.5, 13.5, 0.00000E+00 
-157.5, 13.5, 0.00000E+00 
-148.5, 13.5, 0.00000E+00 
-139.5, 13.5, 0.00000E+00 
-130.5, 13.5, 0.00000E+00 
-121.5, 13.5, 0.00000E+00 
-112.5, 13.5, 0.00000E+00 
-103.5, 13.5, 3.04229E-04 
-94.5, 13.5, 1.32920E-03 
-85.5, 13.5, 9.90421E-03 
-76.5, 13.5, 4.84221E-02 
-67.5, 13.5, 1.28205E-01 
-58.5, 13.5, 3.43874E-01 
-49.5, 13.5, 1.20000E-01 
-40.5, 13.5, 0.00000E+00 
-31.5, 13.5, 0.00000E+00 
-22.5, 13.5, 0.00000E+00 
-13.5, 13.5, 0.00000E+00 
-4.5, 13.5, 0.00000E+00 
4.5, 13.5, 0.00000E+00 
13.5, 13.5, 0.00000E+00 
22.5, 13.5, 0.00000E+00 
31.5, 13.5, 0.00000E+00 
40.5, 13.5, 2.38095E-01 
49.5, 13.5, 4.53947E-01 
58.5, 13.5, 5.24778E-01 
67.5, 13.5, 5.46069E-01 
76.5, 13.5, 4.96187E-01 
85.5, 13.5, 5.00042E-01 
94.5, 13.5, 5.01487E-01 
103.5, 13.5, 6.04891E-01 
112.5, 13.5, 7.36710E-01 
121.5, 13.5, 6.50545E-01 
130.5, 13.5, 7.65504E-01 
139.5, 13.5, 6.94215E-01 
148.5, 13.5, 7.52577E-01 
157.5, 13.5, 1.00000E+00 
166.5, 13.5, 5.00000E-01 
175.5, 13.5, 1.00000E+00 
-175.5, 4.5, 0.00000E+00 
-166.5, 4.5, 0.00000E+00 
-157.5, 4.5, 0.00000E+00 
-148.5, 4.5, 0.00000E+00 
-139.5, 4.5, 0.00000E+00 
-130.5, 4.5, 0.00000E+00 
-121.5, 4.5, 0.00000E+00 
-112.5, 4.5, 0.00000E+00 
-103.5, 4.5, 0.00000E+00 
-94.5, 4.5, 6.88863E-04 
-85.5, 4.5, 1.29398E-02 
-76.5, 4.5, 5.23945E-02 
-67.5, 4.5, 1.25138E-01 
-58.5, 4.5, 2.48598E-01 
-49.5, 4.5, 4.22222E-01 
-40.5, 4.5, 6.66667E-01 
-31.5, 4.5, 0.00000E+00 
-22.5, 4.5, 0.00000E+00 
-13.5, 4.5, 0.00000E+00 
-4.5, 4.5, 0.00000E+00 
4.5, 4.5, 0.00000E+00 
13.5, 4.5, 0.00000E+00 
22.5, 4.5, 0.00000E+00 
31.5, 4.5, 0.00000E+00 
40.5, 4.5, 0.00000E+00 
49.5, 4.5, 5.41284E-01 
58.5, 4.5, 4.35356E-01 
67.5, 4.5, 5.14919E-01 
76.5, 4.5, 4.79083E-01 
85.5, 4.5, 4.76847E-01 
94.5, 4.5, 4.71896E-01 
103.5, 4.5, 5.31868E-01 
112.5, 4.5, 6.37069E-01 
121.5, 4.5, 7.25331E-01 
130.5, 4.5, 8.04528E-01 
139.5, 4.5, 7.33542E-01 
148.5, 4.5, 6.46552E-01 
157.5, 4.5, 3.63636E-01 
166.5, 4.5, 9.00000E-01 
175.5, 4.5, 2.50000E-01 
-175.5, -4.5, 0.00000E+00 
-166.5, -4.5, 0.00000E+00 
-157.5, -4.5, 0.00000E+00 
-148.5, -4.5, 0.00000E+00 
-139.5, -4.5, 0.00000E+00 
-130.5, -4.5, 0.00000E+00 
-121.5, -4.5, 0.00000E+00 
-112.5, -4.5, 0.00000E+00 
-103.5, -4.5, 0.00000E+00 
-94.5, -4.5, 1.64711E-03 
-85.5, -4.5, 1.37912E-02 
-76.5, -4.5, 5.62752E-02 
-67.5, -4.5, 1.49190E-01 
-58.5, -4.5, 2.78804E-01 
-49.5, -4.5, 5.77982E-01 
-40.5, -4.5, 2.22222E-01 
-31.5, -4.5, 0.00000E+00 
-22.5, -4.5, 0.00000E+00 
-13.5, -4.5, 0.00000E+00 
-4.5, -4.5, 0.00000E+00 
4.5, -4.5, 0.00000E+00 
13.5, -4.5, 0.00000E+00 
22.5, -4.5, 0.00000E+00 
31.5, -4.5, 0.00000E+00 
40.5, -4.5, 0.00000E+00 
49.5, -4.5, 1.11111E-01 
58.5, -4.5, 4.13084E-01 
67.5, -4.5, 4.84681E-01 
76.5, -4.5, 4.84162E-01 
85.5, -4.5, 4.83541E-01 
94.5, -4.5, 4.70953E-01 
103.5, -4.5, 5.05914E-01 
112.5, -4.5, 5.82204E-01 
121.5, -4.5, 6.71781E-01 
130.5, -4.5, 7.11330E-01 
139.5, -4.5, 6.26894E-01 
148.5, -4.5, 4.44867E-01 
157.5, -4.5, 7.29730E-01 
166.5, -4.5, 7.64706E-01 
175.5, -4.5, 0.00000E+00 
-175.5, -13.5, 0.00000E+00 
-166.5, -13.5, 0.00000E+00 
-157.5, -13.5, 0.00000E+00 
-148.5, -13.5, 0.00000E+00 
-139.5, -13.5, 0.00000E+00 
-130.5, -13.5, 0.00000E+00 
-121.5, -13.5, 0.00000E+00 
-112.5, -13.5, 0.00000E+00 
-103.5, -13.5, 0.00000E+00 
-94.5, -13.5, 8.49618E-04 
-85.5, -13.5, 1.44073E-02 
-76.5, -13.5, 5.67700E-02 
-67.5, -13.5, 1.51851E-01 
-58.5, -13.5, 3.29945E-01 
-49.5, -13.5, 6.11842E-01 
-40.5, -13.5, 4.76190E-01 
-31.5, -13.5, 0.00000E+00 
-22.5, -13.5, 0.00000E+00 
-13.5, -13.5, 0.00000E+00 
-4.5, -13.5, 0.00000E+00 
4.5, -13.5, 0.00000E+00 
13.5, -13.5, 0.00000E+00 
22.5, -13.5, 0.00000E+00 
31.5, -13.5, 0.00000E+00 
40.5, -13.5, 0.00000E+00 
49.5, -13.5, 2.00000E-01 
58.5, -13.5, 4.46640E-01 
67.5, -13.5, 4.45665E-01 
76.5, -13.5, 4.95543E-01 
85.5, -13.5, 4.65173E-01 
94.5, -13.5, 4.64481E-01 
103.5, -13.5, 5.10192E-01 
112.5, -13.5, 5.49882E-01 
121.5, -13.5, 5.39888E-01 
130.5, -13.5, 6.25271E-01 
139.5, -13.5, 5.22727E-01 
148.5, -13.5, 4.59893E-01 
157.5, -13.5, 5.30973E-01 
166.5, -13.5, 8.82353E-01 
175.5, -13.5, 2.22222E-01 
-175.5, -22.5, 0.00000E+00 
-166.5, -22.5, 0.00000E+00 
-157.5, -22.5, 0.00000E+00 
-148.5, -22.5, 0.00000E+00 
-139.5, -22.5, 0.00000E+00 
-130.5, -22.5, 0.00000E+00 
-121.5, -22.5, 0.00000E+00 
-112.5, -22.5, 0.00000E+00 
-103.5, -22.5, 4.40723E-04 
-94.5, -22.5, 1.86716E-03 
-85.5, -22.5, 1.28086E-02 
-76.5, -22.5, 6.22407E-02 
-67.5, -22.5, 1.70894E-01 
-58.5, -22.5, 3.82746E-01 
-49.5, -22.5, 5.29412E-01 
-40.5, -22.5, 9.54545E-01 
-31.5, -22.5, 2.50000E-01 
-22.5, -22.5, 0.00000E+00 
-13.5, -22.5, 0.00000E+00 
-4.5, -22.5, 0.00000E+00 
4.5, -22.5, 0.00000E+00 
13.5, -22.5, 0.00000E+00 
22.5, -22.5, 0.00000E+00 
31.5, -22.5, 0.00000E+00 
40.5, -22.5, 0.00000E+00 
49.5, -22.5, 1.50000E-01 
58.5, -22.5, 2.80899E-01 
67.5, -22.5, 4.26765E-01 
76.5, -22.5, 4.88338E-01 
85.5, -22.5, 4.59253E-01 
94.5, -22.5, 4.32830E-01 
103.5, -22.5, 4.75019E-01 
112.5, -22.5, 4.88658E-01 
121.5, -22.5, 5.42653E-01 
130.5, -22.5, 5.48134E-01 
139.5, -22.5, 4.88953E-01 
148.5, -22.5, 5.03937E-01 
157.5, -22.5, 5.00000E-01 
166.5, -22.5, 5.62500E-01 
175.5, -22.5, 0.00000E+00 
-175.5, -31.5, 0.00000E+00 
-166.5, -31.5, 0.00000E+00 
-157.5, -31.5, 0.00000E+00 
-148.5, -31.5, 0.00000E+00 
-139.5, -31.5, 0.00000E+00 
-130.5, -31.5, 0.00000E+00 
-121.5, -31.5, 0.00000E+00 
-112.5, -31.5, 0.00000E+00 
-103.5, -31.5, 6.30915E-04 
-94.5, -31.5, 3.16901E-03 
-85.5, -31.5, 1.39074E-02 
-76.5, -31.5, 6.12565E-02 
-67.5, -31.5, 1.83266E-01 
-58.5, -31.5, 3.67539E-01 
-49.5, -31.5, 5.59130E-01 
-40.5, -31.5, 8.79154E-01 
-31.5, -31.5, 1.55556E+00 
-22.5, -31.5, 0.00000E+00 
-13.5, -31.5, 0.00000E+00 
-4.5, -31.5, 0.00000E+00 
4.5, -31.5, 0.00000E+00 
13.5, -31.5, 0.00000E+00 
22.5, -31.5, 0.00000E+00 
31.5, -31.5, 0.00000E+00 
40.5, -31.5, 0.00000E+00 
49.5, -31.5, 4.76190E-02 
58.5, -31.5, 2.07101E-01 
67.5, -31.5, 4.35484E-01 
76.5, -31.5, 4.80769E-01 
85.5, -31.5, 4.77846E-01 
94.5, -31.5, 4.24751E-01 
103.5, -31.5, 4.32124E-01 
112.5, -31.5, 4.73027E-01 
121.5, -31.5, 4.70558E-01 
130.5, -31.5, 5.60651E-01 
139.5, -31.5, 5.16717E-01 
148.5, -31.5, 4.12873E-01 
157.5, -31.5, 4.12879E-01 
166.5, -31.5, 3.50877E-01 
175.5, -31.5, 4.80000E-01 
-175.5, -40.5, 7.40741E-02 
-166.5, -40.5, 0.00000E+00 
-157.5, -40.5, 0.00000E+00 
-148.5, -40.5, 0.00000E+00 
-139.5, -40.5, 0.00000E+00 
-130.5, -40.5, 0.00000E+00 
-121.5, -40.5, 0.00000E+00 
-112.5, -40.5, 0.00000E+00 
-103.5, -40.5, 0.00000E+00 
-94.5, -40.5, 2.59875E-03 
-85.5, -40.5, 1.35464E-02 
-76.5, -40.5, 6.96402E-02 
-67.5, -40.5, 2.12258E-01 
-58.5, -40.5, 3.81146E-01 
-49.5, -40.5, 4.70635E-01 
-40.5, -40.5, 7.92208E-01 
-31.5, -40.5, 8.31579E-01 
-22.5, -40.5, 1.00000E+00 
-13.5, -40.5, 0.00000E+00 
-4.5, -40.5, 0.00000E+00 
4.5, -40.5, 0.00000E+00 
13.5, -40.5, 0.00000E+00 
22.5, -40.5, 0.00000E+00 
31.5, -40.5, 0.00000E+00 
40.5, -40.5, 0.00000E+00 
49.5, -40.5, 1.81818E-01 
58.5, -40.5, 2.75591E-01 
67.5, -40.5, 4.43709E-01 
76.5, -40.5, 4.50337E-01 
85.5, -40.5, 3.79501E-01 
94.5, -40.5, 3.95911E-01 
103.5, -40.5, 3.84303E-01 
112.5, -40.5, 4.20041E-01 
121.5, -40.5, 4.22953E-01 
130.5, -40.5, 4.35545E-01 
139.5, -40.5, 5.00000E-01 
148.5, -40.5, 3.53030E-01 
157.5, -40.5, 4.10774E-01 
166.5, -40.5, 2.87129E-01 
175.5, -40.5, 1.00000E-01 
-175.5, -49.5, 0.00000E+00 
-166.5, -49.5, 0.00000E+00 
-157.5, -49.5, 0.00000E+00 
-148.5, -49.5, 0.00000E+00 
-139.5, -49.5, 0.00000E+00 
-130.5, -49.5, 0.00000E+00 
-121.5, -49.5, 0.00000E+00 
-112.5, -49.5, 0.00000E+00 
-103.5, -49.5, 0.00000E+00 
-94.5, -49.5, 3.10421E-03 
-85.5, -49.5, 3.01523E-02 
-76.5, -49.5, 9.82328E-02 
-67.5, -49.5, 2.93708E-01 
-58.5, -49.5, 3.47184E-01 
-49.5, -49.5, 4.40660E-01 
-40.5, -49.5, 7.35650E-01 
-31.5, -49.5, 1.17899E+00 
-22.5, -49.5, 1.77778E+00 
-13.5, -49.5, 0.00000E+00 
-4.5, -49.5, 0.00000E+00 
4.5, -49.5, 0.00000E+00 
13.5, -49.5, 0.00000E+00 
22.5, -49.5, 0.00000E+00 
31.5, -49.5, 0.00000E+00 
40.5, -49.5, 0.00000E+00 
49.5, -49.5, 1.00000E-01 
58.5, -49.5, 2.75591E-01 
67.5, -49.5, 3.40996E-01 
76.5, -49.5, 3.81329E-01 
85.5, -49.5, 3.56997E-01 
94.5, -49.5, 3.61967E-01 
103.5, -49.5, 3.59130E-01 
112.5, -49.5, 4.08088E-01 
121.5, -49.5, 4.12310E-01 
130.5, -49.5, 4.61616E-01 
139.5, -49.5, 3.77030E-01 
148.5, -49.5, 3.37770E-01 
157.5, -49.5, 3.34988E-01 
166.5, -49.5, 2.71084E-01 
175.5, -49.5, 2.85714E-01 
-175.5, -58.5, 5.55556E-02 
-166.5, -58.5, 0.00000E+00 
-157.5, -58.5, 0.00000E+00 
-148.5, -58.5, 0.00000E+00 
-139.5, -58.5, 0.00000E+00 
-130.5, -58.5, 0.00000E+00 
-121.5, -58.5, 0.00000E+00 
-112.5, -58.5, 0.00000E+00 
-103.5, -58.5, 0.00000E+00 
-94.5, -58.5, 4.85437E-03 
-85.5, -58.5, 3.89610E-02 
-76.5, -58.5, 1.71677E-01 
-67.5, -58.5, 3.07031E-01 
-58.5, -58.5, 3.27818E-01 
-49.5, -58.5, 4.76359E-01 
-40.5, -58.5, 7.57491E-01 
-31.5, -58.5, 1.55718E+00 
-22.5, -58.5, 1.35135E+00 
-13.5, -58.5, 8.57143E-01 
-4.5, -58.5, 0.00000E+00 
4.5, -58.5, 0.00000E+00 
13.5, -58.5, 0.00000E+00 
22.5, -58.5, 0.00000E+00 
31.5, -58.5, 0.00000E+00 
40.5, -58.5, 0.00000E+00 
49.5, -58.5, 2.50000E-01 
58.5, -58.5, 1.63265E-01 
67.5, -58.5, 2.97398E-01 
76.5, -58.5, 3.28259E-01 
85.5, -58.5, 3.35263E-01 
94.5, -58.5, 3.31681E-01 
103.5, -58.5, 3.31378E-01 
112.5, -58.5, 3.74554E-01 
121.5, -58.5, 3.91304E-01 
130.5, -58.5, 4.12114E-01 
139.5, -58.5, 3.72951E-01 
148.5, -58.5, 2.73121E-01 
157.5, -58.5, 2.26190E-01 
166.5, -58.5, 2.17573E-01 
175.5, -58.5, 1.85185E-01 
-175.5, -67.5, 6.25000E-02 
-166.5, -67.5, 0.00000E+00 
-157.5, -67.5, 0.00000E+00 
-148.5, -67.5, 0.00000E+00 
-139.5, -67.5, 0.00000E+00 
-130.5, -67.5, 0.00000E+00 
-121.5, -67.5, 0.00000E+00 
-112.5, -67.5, 5.52486E-03 
-103.5, -67.5, 0.00000E+00 
-94.5, -67.5, 1.43369E-02 
-85.5, -67.5, 7.72059E-02 
-76.5, -67.5, 2.58065E-01 
-67.5, -67.5, 2.43499E-01 
-58.5, -67.5, 3.12957E-01 
-49.5, -67.5, 5.20131E-01 
-40.5, -67.5, 7.51456E-01 
-31.5, -67.5, 1.19126E+00 
-22.5, -67.5, 1.34375E+00 
-13.5, -67.5, 1.30769E+00 
-4.5, -67.5, 5.00000E-01 
4.5, -67.5, 0.00000E+00 
13.5, -67.5, 0.00000E+00 
22.5, -67.5, 0.00000E+00 
31.5, -67.5, 0.00000E+00 
40.5, -67.5, 5.00000E-01 
49.5, -67.5, 3.00000E-01 
58.5, -67.5, 1.96721E-01 
67.5, -67.5, 2.55385E-01 
76.5, -67.5, 2.84473E-01 
85.5, -67.5, 3.30270E-01 
94.5, -67.5, 3.26807E-01 
103.5, -67.5, 4.06800E-01 
112.5, -67.5, 3.86667E-01 
121.5, -67.5, 4.15045E-01 
130.5, -67.5, 4.66954E-01 
139.5, -67.5, 4.45300E-01 
148.5, -67.5, 3.41158E-01 
157.5, -67.5, 2.93436E-01 
166.5, -67.5, 2.74131E-01 
175.5, -67.5, 3.54839E-01 
-175.5, -76.5, 6.25000E-02 
-166.5, -76.5, 0.00000E+00 
-157.5, -76.5, 0.00000E+00 
-148.5, -76.5, 0.00000E+00 
-139.5, -76.5, 0.00000E+00 
-130.5, -76.5, 0.00000E+00 
-121.5, -76.5, 0.00000E+00 
-112.5, -76.5, 0.00000E+00 
-103.5, -76.5, 0.00000E+00 
-94.5, -76.5, 5.40541E-02 
-85.5, -76.5, 2.71845E-01 
-76.5, -76.5, 3.81166E-01 
-67.5, -76.5, 3.39250E-01 
-58.5, -76.5, 4.29508E-01 
-49.5, -76.5, 5.69097E-01 
-40.5, -76.5, 8.58974E-01 
-31.5, -76.5, 1.05983E+00 
-22.5, -76.5, 1.50000E+00 
-13.5, -76.5, 1.73684E+00 
-4.5, -76.5, 1.60000E+00 
4.5, -76.5, 0.00000E+00 
13.5, -76.5, 1.00000E+00 
22.5, -76.5, 0.00000E+00 
31.5, -76.5, 2.50000E-01 
40.5, -76.5, 2.50000E-01 
49.5, -76.5, 5.41667E-01 
58.5, -76.5, 3.44086E-01 
67.5, -76.5, 3.14028E-01 
76.5, -76.5, 3.25392E-01 
85.5, -76.5, 3.42625E-01 
94.5, -76.5, 3.52212E-01 
103.5, -76.5, 3.86719E-01 
112.5, -76.5, 4.40653E-01 
121.5, -76.5, 4.54039E-01 
130.5, -76.5, 4.85800E-01 
139.5, -76.5, 4.60069E-01 
148.5, -76.5, 4.45194E-01 
157.5, -76.5, 3.56455E-01 
166.5, -76.5, 4.16667E-01 
175.5, -76.5, 4.05063E-01 
-175.5, -85.5, 7.40741E-01 
-166.5, -85.5, 0.00000E+00 
-157.5, -85.5, 0.00000E+00 
-148.5, -85.5, 0.00000E+00 
-139.5, -85.5, 0.00000E+00 
-130.5, -85.5, 0.00000E+00 
-121.5, -85.5, 0.00000E+00 
-112.5, -85.5, 0.00000E+00 
-103.5, -85.5, 1.51515E-02 
-94.5, -85.5, 1.31148E-01 
-85.5, -85.5, 2.32143E-01 
-76.5, -85.5, 4.60526E-01 
-67.5, -85.5, 5.03401E-01 
-58.5, -85.5, 5.43058E-01 
-49.5, -85.5, 6.91011E-01 
-40.5, -85.5, 1.05405E+00 
-31.5, -85.5, 1.33333E+00 
-22.5, -85.5, 1.37313E+00 
-13.5, -85.5, 9.04762E-01 
-4.5, -85.5, 2.87500E+00 
4.5, -85.5, 1.50000E+00 
13.5, -85.5, 0.00000E+00 
22.5, -85.5, 2.50000E-01 
31.5, -85.5, 6.66667E-01 
40.5, -85.5, 1.81818E-01 
49.5, -85.5, 7.16981E-01 
58.5, -85.5, 4.06593E-01 
67.5, -85.5, 3.94565E-01 
76.5, -85.5, 3.95806E-01 
85.5, -85.5, 4.07869E-01 
94.5, -85.5, 4.59701E-01 
103.5, -85.5, 4.75661E-01 
112.5, -85.5, 5.27527E-01 
121.5, -85.5, 5.37269E-01 
130.5, -85.5, 4.65517E-01 
139.5, -85.5, 5.52486E-01 
148.5, -85.5, 6.91023E-01 
157.5, -85.5, 6.02632E-01 
166.5, -85.5, 7.35294E-01 
175.5, -85.5, 6.25000E-01 
-175.5, -94.5, 9.18919E-01 
-166.5, -94.5, 5.71429E-02 
-157.5, -94.5, 0.00000E+00 
-148.5, -94.5, 0.00000E+00 
-139.5, -94.5, 0.00000E+00 
-130.5, -94.5, 0.00000E+00 
-121.5, -94.5, 0.00000E+00 
-112.5, -94.5, 0.00000E+00 
-103.5, -94.5, 2.10526E-02 
-94.5, -94.5, 3.77358E-02 
-85.5, -94.5, 1.63934E-01 
-76.5, -94.5, 4.56897E-01 
-67.5, -94.5, 5.46053E-01 
-58.5, -94.5, 6.27119E-01 
-49.5, -94.5, 9.41176E-01 
-40.5, -94.5, 7.58621E-01 
-31.5, -94.5, 6.04651E-01 
-22.5, -94.5, 1.14286E+00 
-13.5, -94.5, 1.38462E+00 
-4.5, -94.5, 2.00000E+00 
4.5, -94.5, 1.12500E+00 
13.5, -94.5, 2.40000E+00 
22.5, -94.5, 1.88889E+00 
31.5, -94.5, 1.05882E+00 
40.5, -94.5, 8.29268E-01 
49.5, -94.5, 7.73723E-01 
58.5, -94.5, 7.00980E-01 
67.5, -94.5, 5.74879E-01 
76.5, -94.5, 6.28843E-01 
85.5, -94.5, 6.08982E-01 
94.5, -94.5, 5.76944E-01 
103.5, -94.5, 4.82034E-01 
112.5, -94.5, 4.07816E-01 
121.5, -94.5, 3.73976E-01 
130.5, -94.5, 3.92330E-01 
139.5, -94.5, 5.33436E-01 
148.5, -94.5, 7.28990E-01 
157.5, -94.5, 9.51872E-01 
166.5, -94.5, 1.08673E+00 
175.5, -94.5, 1.10811E+00 
-175.5, -103.5, 1.12500E+00 
-166.5, -103.5, 3.84615E-02 
-157.5, -103.5, 0.00000E+00 
-148.5, -103.5, 0.00000E+00 
-139.5, -103.5, 0.00000E+00 
-130.5, -103.5, 0.00000E+00 
-121.5, -103.5, 0.00000E+00 
-112.5, -103.5, 0.00000E+00 
-103.5, -103.5, 0.00000E+00 
-94.5, -103.5, 3.77358E-02 
-85.5, -103.5, 2.24242E-01 
-76.5, -103.5, 4.49198E-01 
-67.5, -103.5, 5.18519E-01 
-58.5, -103.5, 7.74194E-01 
-49.5, -103.5, 9.09091E-01 
-40.5, -103.5, 7.69231E-01 
-31.5, -103.5, 8.75000E-01 
-22.5, -103.5, 4.00000E-01 
-13.5, -103.5, 4.28571E-01 
-4.5, -103.5, 2.66667E+00 
4.5, -103.5, 1.85714E+00 
13.5, -103.5, 2.25000E+00 
22.5, -103.5, 8.57143E-01 
31.5, -103.5, 1.11236E+00 
40.5, -103.5, 8.92473E-01 
49.5, -103.5, 7.08166E-01 
58.5, -103.5, 7.00429E-01 
67.5, -103.5, 5.63199E-01 
76.5, -103.5, 5.40433E-01 
85.5, -103.5, 4.88746E-01 
94.5, -103.5, 4.61586E-01 
103.5, -103.5, 3.78288E-01 
112.5, -103.5, 3.32494E-01 
121.5, -103.5, 3.15398E-01 
130.5, -103.5, 3.08370E-01 
139.5, -103.5, 5.12605E-01 
148.5, -103.5, 8.24981E-01 
157.5, -103.5, 1.11177E+00 
166.5, -103.5, 1.25185E+00 
175.5, -103.5, 1.53947E+00 
-175.5, -112.5, 8.94737E-01 
-166.5, -112.5, 5.55556E-02 
-157.5, -112.5, 0.00000E+00 
-148.5, -112.5, 0.00000E+00 
-139.5, -112.5, 0.00000E+00 
-130.5, -112.5, 0.00000E+00 
-121.5, -112.5, 0.00000E+00 
-112.5, -112.5, 0.00000E+00 
-103.5, -112.5, 0.00000E+00 
-94.5, -112.5, 3.46320E-02 
-85.5, -112.5, 1.17409E-01 
-76.5, -112.5, 5.66879E-01 
-67.5, -112.5, 5.03546E-01 
-58.5, -112.5, 6.31579E-01 
-49.5, -112.5, 6.00000E-01 
-40.5, -112.5, 3.33333E-01 
-31.5, -112.5, 2.00000E+00 
-22.5, -112.5, 1.00000E+00 
-13.5, -112.5, 2.00000E+00 
-4.5, -112.5, 1.33333E+00 
4.5, -112.5, 1.50000E+00 
13.5, -112.5, 1.00000E+00 
22.5, -112.5, 1.64000E+00 
31.5, -112.5, 9.63470E-01 
40.5, -112.5, 7.38462E-01 
49.5, -112.5, 7.46554E-01 
58.5, -112.5, 5.94363E-01 
67.5, -112.5, 5.02844E-01 
76.5, -112.5, 4.18350E-01 
85.5, -112.5, 3.75655E-01 
94.5, -112.5, 3.69253E-01 
103.5, -112.5, 3.08087E-01 
112.5, -112.5, 2.92234E-01 
121.5, -112.5, 2.59226E-01 
130.5, -112.5, 2.85658E-01 
139.5, -112.5, 4.24000E-01 
148.5, -112.5, 8.88289E-01 
157.5, -112.5, 1.13777E+00 
166.5, -112.5, 1.25960E+00 
175.5, -112.5, 1.47692E+00 
-175.5, -121.5, 8.02920E-01 
-166.5, -121.5, 9.85915E-02 
-157.5, -121.5, 0.00000E+00 
-148.5, -121.5, 0.00000E+00 
-139.5, -121.5, 0.00000E+00 
-130.5, -121.5, 0.00000E+00 
-121.5, -121.5, 0.00000E+00 
-112.5, -121.5, 0.00000E+00 
-103.5, -121.5, 0.00000E+00 
-94.5, -121.5, 3.89294E-02 
-85.5, -121.5, 1.01010E-01 
-76.5, -121.5, 4.56140E-01 
-67.5, -121.5, 9.24370E-01 
-58.5, -121.5, 7.23404E-01 
-49.5, -121.5, 7.14286E-01 
-40.5, -121.5, 0.00000E+00 
-31.5, -121.5, 0.00000E+00 
-22.5, -121.5, 0.00000E+00 
-13.5, -121.5, 0.00000E+00 
-4.5, -121.5, 2.00000E+00 
4.5, -121.5, 1.33333E+00 
13.5, -121.5, 2.00000E+00 
22.5, -121.5, 1.39286E+00 
31.5, -121.5, 6.48193E-01 
40.5, -121.5, 5.55932E-01 
49.5, -121.5, 5.71301E-01 
58.5, -121.5, 5.82331E-01 
67.5, -121.5, 4.60168E-01 
76.5, -121.5, 3.98371E-01 
85.5, -121.5, 3.72244E-01 
94.5, -121.5, 3.40682E-01 
103.5, -121.5, 3.17486E-01 
112.5, -121.5, 2.78545E-01 
121.5, -121.5, 2.60178E-01 
130.5, -121.5, 2.86109E-01 
139.5, -121.5, 4.21657E-01 
148.5, -121.5, 9.32101E-01 
157.5, -121.5, 1.11167E+00 
166.5, -121.5, 1.25421E+00 
175.5, -121.5, 1.50661E+00 
-175.5, -130.5, 5.89041E-01 
-166.5, -130.5, 6.77966E-02 
-157.5, -130.5, 6.71141E-03 
-148.5, -130.5, 0.00000E+00 
-139.5, -130.5, 0.00000E+00 
-130.5, -130.5, 0.00000E+00 
-121.5, -130.5, 0.00000E+00 
-112.5, -130.5, 0.00000E+00 
-103.5, -130.5, 0.00000E+00 
-94.5, -130.5, 5.02513E-03 
-85.5, -130.5, 7.53323E-02 
-76.5, -130.5, 3.03855E-01 
-67.5, -130.5, 9.42029E-01 
-58.5, -130.5, 8.57143E-01 
-49.5, -130.5, 1.00000E+00 
-40.5, -130.5, 0.00000E+00 
-31.5, -130.5, 0.00000E+00 
-22.5, -130.5, 0.00000E+00 
-13.5, -130.5, 0.00000E+00 
-4.5, -130.5, 0.00000E+00 
4.5, -130.5, 1.00000E+00 
13.5, -130.5, 2.50000E+00 
22.5, -130.5, 7.42857E-01 
31.5, -130.5, 5.82031E-01 
40.5, -130.5, 4.34877E-01 
49.5, -130.5, 4.26326E-01 
58.5, -130.5, 5.14619E-01 
67.5, -130.5, 5.23820E-01 
76.5, -130.5, 4.59106E-01 
85.5, -130.5, 4.21442E-01 
94.5, -130.5, 4.28107E-01 
103.5, -130.5, 3.59173E-01 
112.5, -130.5, 3.11446E-01 
121.5, -130.5, 2.90633E-01 
130.5, -130.5, 3.02553E-01 
139.5, -130.5, 4.50308E-01 
148.5, -130.5, 9.93107E-01 
157.5, -130.5, 1.21334E+00 
166.5, -130.5, 1.18999E+00 
175.5, -130.5, 1.29909E+00 
-175.5, -139.5, 4.13284E-01 
-166.5, -139.5, 3.29068E-02 
-157.5, -139.5, 7.01754E-03 
-148.5, -139.5, 3.58423E-03 
-139.5, -139.5, 0.00000E+00 
-130.5, -139.5, 0.00000E+00 
-121.5, -139.5, 0.00000E+00 
-112.5, -139.5, 0.00000E+00 
-103.5, -139.5, 0.00000E+00 
-94.5, -139.5, -1.49142E-03 
-85.5, -139.5, 5.30138E-02 
-76.5, -139.5, 1.64053E-01 
-67.5, -139.5, 5.29412E-01 
-58.5, -139.5, 4.75000E-01 
-49.5, -139.5, 7.50000E-01 
-40.5, -139.5, 0.00000E+00 
-31.5, -139.5, 0.00000E+00 
-22.5, -139.5, 0.00000E+00 
-13.5, -139.5, 0.00000E+00 
-4.5, -139.5, 0.00000E+00 
4.5, -139.5, 2.46914E-08 
13.5, -139.5, 1.00000E+00 
22.5, -139.5, 4.00000E-01 
31.5, -139.5, 4.27083E-01 
40.5, -139.5, 3.56133E-01 
49.5, -139.5, 3.48790E-01 
58.5, -139.5, 4.16704E-01 
67.5, -139.5, 5.54347E-01 
76.5, -139.5, 6.53752E-01 
85.5, -139.5, 6.17843E-01 
94.5, -139.5, 5.95479E-01 
103.5, -139.5, 4.87261E-01 
112.5, -139.5, 4.09163E-01 
121.5, -139.5, 3.66214E-01 
130.5, -139.5, 4.02646E-01 
139.5, -139.5, 5.79527E-01 
148.5, -139.5, 1.03025E+00 
157.5, -139.5, 1.01852E+00 
166.5, -139.5, 9.24411E-01 
175.5, -139.5, 8.34491E-01 
-175.5, -148.5, 2.81217E-01 
-166.5, -148.5, 3.04348E-02 
-157.5, -148.5, 0.00000E+00 
-148.5, -148.5, 0.00000E+00 
-139.5, -148.5, 0.00000E+00 
-130.5, -148.5, 0.00000E+00 
-121.5, -148.5, 0.00000E+00 
-112.5, -148.5, 0.00000E+00 
-103.5, -148.5, 4.61894E-03 
-94.5, -148.5, 6.50477E-03 
-85.5, -148.5, 2.27368E-02 
-76.5, -148.5, 1.12786E-01 
-67.5, -148.5, 4.09091E-01 
-58.5, -148.5, 4.16667E-01 
-49.5, -148.5, 1.20000E+00 
-40.5, -148.5, 0.00000E+00 
-31.5, -148.5, 0.00000E+00 
-22.5, -148.5, 0.00000E+00 
-13.5, -148.5, 0.00000E+00 
-4.5, -148.5, 0.00000E+00 
4.5, -148.5, 0.00000E+00 
13.5, -148.5, 0.00000E+00 
22.5, -148.5, 8.00000E-01 
31.5, -148.5, 3.55556E-01 
40.5, -148.5, 3.34347E-01 
49.5, -148.5, 3.35308E-01 
58.5, -148.5, 4.04250E-01 
67.5, -148.5, 5.24347E-01 
76.5, -148.5, 6.89249E-01 
85.5, -148.5, 8.35351E-01 
94.5, -148.5, 8.78701E-01 
103.5, -148.5, 7.78461E-01 
112.5, -148.5, 6.42571E-01 
121.5, -148.5, 5.44206E-01 
130.5, -148.5, 5.55024E-01 
139.5, -148.5, 7.12310E-01 
148.5, -148.5, 9.27095E-01 
157.5, -148.5, 8.47946E-01 
166.5, -148.5, 7.30058E-01 
175.5, -148.5, 6.71677E-01 
-175.5, -157.5, 2.33447E-01 
-166.5, -157.5, 1.58273E-02 
-157.5, -157.5, 1.37646E-03 
-148.5, -157.5, 0.00000E+00 
-139.5, -157.5, 0.00000E+00 
-130.5, -157.5, 0.00000E+00 
-121.5, -157.5, 0.00000E+00 
-112.5, -157.5, 0.00000E+00 
-103.5, -157.5, 0.00000E+00 
-94.5, -157.5, 2.68657E-03 
-85.5, -157.5, 1.11959E-02 
-76.5, -157.5, 5.42532E-02 
-67.5, -157.5, 2.02391E-01 
-58.5, -157.5, 4.66321E-01 
-49.5, -157.5, 3.07692E-01 
-40.5, -157.5, 0.00000E+00 
-31.5, -157.5, 0.00000E+00 
-22.5, -157.5, 0.00000E+00 
-13.5, -157.5, 0.00000E+00 
-4.5, -157.5, 0.00000E+00 
4.5, -157.5, 0.00000E+00 
13.5, -157.5, 0.00000E+00 
22.5, -157.5, 0.00000E+00 
31.5, -157.5, 3.04348E-01 
40.5, -157.5, 3.30460E-01 
49.5, -157.5, 3.54629E-01 
58.5, -157.5, 4.17320E-01 
67.5, -157.5, 5.63167E-01 
76.5, -157.5, 7.48263E-01 
85.5, -157.5, 8.29803E-01 
94.5, -157.5, 9.56541E-01 
103.5, -157.5, 9.58739E-01 
112.5, -157.5, 8.22702E-01 
121.5, -157.5, 7.06104E-01 
130.5, -157.5, 7.39929E-01 
139.5, -157.5, 7.63022E-01 
148.5, -157.5, 8.45015E-01 
157.5, -157.5, 8.59186E-01 
166.5, -157.5, 7.92606E-01 
175.5, -157.5, 7.31266E-01 
-175.5, -166.5, 9.42857E-02 
-166.5, -166.5, 3.90434E-03 
-157.5, -166.5, 0.00000E+00 
-148.5, -166.5, 0.00000E+00 
-139.5, -166.5, 0.00000E+00 
-130.5, -166.5, 0.00000E+00 
-121.5, -166.5, 0.00000E+00 
-112.5, -166.5, 0.00000E+00 
-103.5, -166.5, 0.00000E+00 
-94.5, -166.5, 1.32832E-03 
-85.5, -166.5, 5.50035E-03 
-76.5, -166.5, 3.28891E-02 
-67.5, -166.5, 7.88043E-02 
-58.5, -166.5, 2.51163E-01 
-49.5, -166.5, 4.61538E-01 
-40.5, -166.5, 1.00000E+00 
-31.5, -166.5, 0.00000E+00 
-22.5, -166.5, 0.00000E+00 
-13.5, -166.5, 0.00000E+00 
-4.5, -166.5, 0.00000E+00 
4.5, -166.5, 0.00000E+00 
13.5, -166.5, 0.00000E+00 
22.5, -166.5, 0.00000E+00 
31.5, -166.5, 1.00000E+00 
40.5, -166.5, 5.17241E-01 
49.5, -166.5, 4.33287E-01 
58.5, -166.5, 5.01475E-01 
67.5, -166.5, 6.34263E-01 
76.5, -166.5, 7.78734E-01 
85.5, -166.5, 8.32550E-01 
94.5, -166.5, 9.35867E-01 
103.5, -166.5, 1.00156E+00 
112.5, -166.5, 9.73006E-01 
121.5, -166.5, 8.12379E-01 
130.5, -166.5, 8.12849E-01 
139.5, -166.5, 7.80778E-01 
148.5, -166.5, 8.05378E-01 
157.5, -166.5, 9.90470E-01 
166.5, -166.5, 9.11071E-01 
175.5, -166.5, 6.98643E-01 
-175.5, -175.5, 4.92207E-02 
-166.5, -175.5, 6.28684E-03 
-157.5, -175.5, 0.00000E+00 
-148.5, -175.5, 0.00000E+00 
-139.5, -175.5, 0.00000E+00 
-130.5, -175.5, 0.00000E+00 
-121.5, -175.5, 0.00000E+00 
-112.5, -175.5, 0.00000E+00 
-103.5, -175.5, 0.00000E+00 
-94.5, -175.5, 0.00000E+00 
-85.5, -175.5, 3.71322E-03 
-76.5, -175.5, 1.50332E-02 
-67.5, -175.5, 4.48789E-02 
-58.5, -175.5, 8.86752E-02 
-49.5, -175.5, 2.50000E-01 
-40.5, -175.5, 3.33333E-01 
-31.5, -175.5, 0.00000E+00 
-22.5, -175.5, 0.00000E+00 
-13.5, -175.5, 0.00000E+00 
-4.5, -175.5, 0.00000E+00 
4.5, -175.5, 0.00000E+00 
13.5, -175.5, 0.00000E+00 
22.5, -175.5, 0.00000E+00 
31.5, -175.5, 0.00000E+00 
40.5, -175.5, 2.85714E-01 
49.5, -175.5, 4.17957E-01 
58.5, -175.5, 5.20071E-01 
67.5, -175.5, 4.98662E-01 
76.5, -175.5, 5.10279E-01 
85.5, -175.5, 5.11272E-01 
94.5, -175.5, 5.81951E-01 
103.5, -175.5, 7.90829E-01 
112.5, -175.5, 9.55947E-01 
121.5, -175.5, 8.86909E-01 
130.5, -175.5, 8.12574E-01 
139.5, -175.5, 7.69898E-01 
148.5, -175.5, 8.34529E-01 
157.5, -175.5, 1.11531E+00 
166.5, -175.5, 8.98795E-01 
175.5, -175.5, 3.29972E-01 
