x, y, probability density 
-175.5, 175.5, 5.88947E-02 
-166.5, 175.5, 3.16466E-01 
-157.5, 175.5, 6.39013E-01 
-148.5, 175.5, 1.01722E+00 
-139.5, 175.5, 1.75765E+00 
-130.5, 175.5, 2.43001E+00 
-121.5, 175.5, 2.46744E+00 
-112.5, 175.5, 2.04258E+00 
-103.5, 175.5, 1.16247E+00 
-94.5, 175.5, 5.94531E-01 
-85.5, 175.5, 3.54515E-01 
-76.5, 175.5, 2.55076E-01 
-67.5, 175.5, 1.78899E-01 
-58.5, 175.5, 1.37544E-01 
-49.5, 175.5, 7.43034E-02 
-40.5, 175.5, 7.14286E-02 
-31.5, 175.5, 0.00000E+00 
-22.5, 175.5, 0.00000E+00 
-13.5, 175.5, 0.00000E+00 
-4.5, 175.5, 0.00000E+00 
4.5, 175.5, 0.00000E+00 
13.5, 175.5, 0.00000E+00 
22.5, 175.5, 0.00000E+00 
31.5, 175.5, 1.23457E-08 
40.5, 175.5, 6.66667E-01 
49.5, 175.5, 2.29167E-01 
58.5, 175.5, 9.50855E-02 
67.5, 175.5, 4.26762E-02 
76.5, 175.5, 1.57701E-02 
85.5, 175.5, 5.42702E-03 
94.5, 175.5, 1.30475E-03 
103.5, 175.5, 2.78552E-04 
112.5, 175.5, 0.00000E+00 
121.5, 175.5, 0.00000E+00 
130.5, 175.5, 0.00000E+00 
139.5, 175.5, 0.00000E+00 
148.5, 175.5, 0.00000E+00 
157.5, 175.5, 4.22119E-04 
166.5, 175.5, 1.57171E-03 
175.5, 175.5, 8.20345E-03 
-175.5, 166.5, 1.26938E-01 
-166.5, 166.5, 2.60209E-01 
-157.5, 166.5, 4.93011E-01 
-148.5, 166.5, 7.81178E-01 
-139.5, 166.5, 1.29414E+00 
-130.5, 166.5, 1.69212E+00 
-121.5, 166.5, 1.50467E+00 
-112.5, 166.5, 1.48139E+00 
-103.5, 166.5, 1.04126E+00 
-94.5, 166.5, 6.83640E-01 
-85.5, 166.5, 4.31711E-01 
-76.5, 166.5, 2.97553E-01 
-67.5, 166.5, 1.84823E-01 
-58.5, 166.5, 1.17339E-01 
-49.5, 166.5, 7.63411E-02 
-40.5, 166.5, 5.17241E-02 
-31.5, 166.5, 2.50000E-01 
-22.5, 166.5, 0.00000E+00 
-13.5, 166.5, 0.00000E+00 
-4.5, 166.5, 0.00000E+00 
4.5, 166.5, 0.00000E+00 
13.5, 166.5, 0.00000E+00 
22.5, 166.5, 0.00000E+00 
31.5, 166.5, 0.00000E+00 
40.5, 166.5, 0.00000E+00 
49.5, 166.5, 4.10256E-01 
58.5, 166.5, 2.16279E-01 
67.5, 166.5, 7.01993E-02 
76.5, 166.5, 2.66552E-02 
85.5, 166.5, 8.33925E-03 
94.5, 166.5, 2.65663E-03 
103.5, 166.5, 9.42803E-04 
112.5, 166.5, 0.00000E+00 
121.5, 166.5, 0.00000E+00 
130.5, 166.5, 0.00000E+00 
139.5, 166.5, 0.00000E+00 
148.5, 166.5, 0.00000E+00 
157.5, 166.5, 0.00000E+00 
166.5, 166.5, 1.46413E-03 
175.5, 166.5, 1.38095E-02 
-175.5, 157.5, 1.85616E-01 
-166.5, 157.5, 2.36249E-01 
-157.5, 157.5, 4.04290E-01 
-148.5, 157.5, 7.04318E-01 
-139.5, 157.5, 9.35586E-01 
-130.5, 157.5, 1.03360E+00 
-121.5, 157.5, 8.95589E-01 
-112.5, 157.5, 8.49035E-01 
-103.5, 157.5, 7.55587E-01 
-94.5, 157.5, 5.26632E-01 
-85.5, 157.5, 3.89139E-01 
-76.5, 157.5, 2.97275E-01 
-67.5, 157.5, 1.86968E-01 
-58.5, 157.5, 1.24896E-01 
-49.5, 157.5, 8.49273E-02 
-40.5, 157.5, 9.62644E-02 
-31.5, 157.5, 1.08696E-01 
-22.5, 157.5, 0.00000E+00 
-13.5, 157.5, 0.00000E+00 
-4.5, 157.5, 0.00000E+00 
4.5, 157.5, 0.00000E+00 
13.5, 157.5, 0.00000E+00 
22.5, 157.5, 0.00000E+00 
31.5, 157.5, 0.00000E+00 
40.5, 157.5, 5.00000E-01 
49.5, 157.5, 3.07692E-01 
58.5, 157.5, 2.79793E-01 
67.5, 157.5, 1.05038E-01 
76.5, 157.5, 3.88480E-02 
85.5, 157.5, 1.04326E-02 
94.5, 157.5, 2.68657E-03 
103.5, 157.5, 8.25083E-04 
112.5, 157.5, 0.00000E+00 
121.5, 157.5, 0.00000E+00 
130.5, 157.5, 0.00000E+00 
139.5, 157.5, 0.00000E+00 
148.5, 157.5, 0.00000E+00 
157.5, 157.5, 6.88231E-04 
166.5, 157.5, 7.91367E-03 
175.5, 157.5, 3.95904E-02 
-175.5, 148.5, 1.95411E-01 
-166.5, 148.5, 2.57658E-01 
-157.5, 148.5, 4.25731E-01 
-148.5, 148.5, 6.84119E-01 
-139.5, 148.5, 6.94162E-01 
-130.5, 148.5, 6.13265E-01 
-121.5, 148.5, 5.31387E-01 
-112.5, 148.5, 5.17241E-01 
-103.5, 148.5, 5.60404E-01 
-94.5, 148.5, 5.82935E-01 
-85.5, 148.5, 5.43532E-01 
-76.5, 148.5, 4.61672E-01 
-67.5, 148.5, 3.38498E-01 
-58.5, 148.5, 2.36802E-01 
-49.5, 148.5, 1.80983E-01 
-40.5, 148.5, 1.55015E-01 
-31.5, 148.5, 2.00000E-01 
-22.5, 148.5, 3.00000E-01 
-13.5, 148.5, 0.00000E+00 
-4.5, 148.5, 0.00000E+00 
4.5, 148.5, 0.00000E+00 
13.5, 148.5, 0.00000E+00 
22.5, 148.5, 0.00000E+00 
31.5, 148.5, 0.00000E+00 
40.5, 148.5, 5.00000E-01 
49.5, 148.5, 4.00000E-01 
58.5, 148.5, 1.73611E-01 
67.5, 148.5, 1.38430E-01 
76.5, 148.5, 4.82509E-02 
85.5, 148.5, 9.68421E-03 
94.5, 148.5, 4.33651E-04 
103.5, 148.5, 5.77367E-04 
112.5, 148.5, 0.00000E+00 
121.5, 148.5, 0.00000E+00 
130.5, 148.5, 0.00000E+00 
139.5, 148.5, 0.00000E+00 
148.5, 148.5, 0.00000E+00 
157.5, 148.5, 1.06157E-03 
166.5, 148.5, 1.30435E-02 
175.5, 148.5, 8.28961E-02 
-175.5, 139.5, 2.76620E-01 
-166.5, 139.5, 3.72165E-01 
-157.5, 139.5, 5.52811E-01 
-148.5, 139.5, 7.72609E-01 
-139.5, 139.5, 5.55990E-01 
-130.5, 139.5, 4.19786E-01 
-121.5, 139.5, 3.73636E-01 
-112.5, 139.5, 3.77210E-01 
-103.5, 139.5, 4.38720E-01 
-94.5, 139.5, 5.74545E-01 
-85.5, 139.5, 7.23447E-01 
-76.5, 139.5, 8.36739E-01 
-67.5, 139.5, 7.14072E-01 
-58.5, 139.5, 5.14440E-01 
-49.5, 139.5, 3.95414E-01 
-40.5, 139.5, 3.73232E-01 
-31.5, 139.5, 4.84375E-01 
-22.5, 139.5, 5.00000E-01 
-13.5, 139.5, 2.50000E-01 
-4.5, 139.5, 1.23457E-08 
4.5, 139.5, 0.00000E+00 
13.5, 139.5, 0.00000E+00 
22.5, 139.5, 0.00000E+00 
31.5, 139.5, 0.00000E+00 
40.5, 139.5, 0.00000E+00 
49.5, 139.5, 6.25000E-01 
58.5, 139.5, 3.12500E-01 
67.5, 139.5, 1.94853E-01 
76.5, 139.5, 6.51387E-02 
85.5, 139.5, 2.03341E-02 
94.5, 139.5, 7.45712E-04 
103.5, 139.5, 9.53289E-04 
112.5, 139.5, 0.00000E+00 
121.5, 139.5, 0.00000E+00 
130.5, 139.5, 0.00000E+00 
139.5, 139.5, 0.00000E+00 
148.5, 139.5, 0.00000E+00 
157.5, 139.5, 3.50877E-03 
166.5, 139.5, 1.64534E-02 
175.5, 139.5, 1.53137E-01 
-175.5, 130.5, 3.40183E-01 
-166.5, 130.5, 4.27481E-01 
-157.5, 130.5, 6.04658E-01 
-148.5, 130.5, 6.91406E-01 
-139.5, 130.5, 4.34098E-01 
-130.5, 130.5, 3.24275E-01 
-121.5, 130.5, 3.03460E-01 
-112.5, 130.5, 3.20760E-01 
-103.5, 130.5, 3.97734E-01 
-94.5, 130.5, 5.15962E-01 
-85.5, 130.5, 6.73144E-01 
-76.5, 130.5, 8.19930E-01 
-67.5, 130.5, 9.53356E-01 
-58.5, 130.5, 8.85187E-01 
-49.5, 130.5, 6.98029E-01 
-40.5, 130.5, 6.43271E-01 
-31.5, 130.5, 7.57812E-01 
-22.5, 130.5, 7.85714E-01 
-13.5, 130.5, 7.50000E-01 
-4.5, 130.5, 1.00000E+00 
4.5, 130.5, 0.00000E+00 
13.5, 130.5, 0.00000E+00 
22.5, 130.5, 0.00000E+00 
31.5, 130.5, 1.23457E-08 
40.5, 130.5, 0.00000E+00 
49.5, 130.5, 7.50000E-01 
58.5, 130.5, 5.00000E-01 
67.5, 130.5, 4.34783E-01 
76.5, 130.5, 1.67800E-01 
85.5, 130.5, 4.87445E-02 
94.5, 130.5, 8.79397E-03 
103.5, 130.5, 3.64299E-03 
112.5, 130.5, 2.16450E-03 
121.5, 130.5, 0.00000E+00 
130.5, 130.5, 0.00000E+00 
139.5, 130.5, 0.00000E+00 
148.5, 130.5, 0.00000E+00 
157.5, 130.5, 0.00000E+00 
166.5, 130.5, 6.77966E-03 
175.5, 130.5, 1.43836E-01 
-175.5, 121.5, 2.29075E-01 
-166.5, 121.5, 3.04029E-01 
-157.5, 121.5, 4.18458E-01 
-148.5, 121.5, 5.27906E-01 
-139.5, 121.5, 3.27646E-01 
-130.5, 121.5, 2.64400E-01 
-121.5, 121.5, 2.57092E-01 
-112.5, 121.5, 2.63237E-01 
-103.5, 121.5, 3.33999E-01 
-94.5, 121.5, 4.36818E-01 
-85.5, 121.5, 5.47941E-01 
-76.5, 121.5, 6.64426E-01 
-67.5, 121.5, 8.19254E-01 
-58.5, 121.5, 9.58447E-01 
-49.5, 121.5, 9.20232E-01 
-40.5, 121.5, 8.22034E-01 
-31.5, 121.5, 9.37349E-01 
-22.5, 121.5, 1.75000E+00 
-13.5, 121.5, 1.76923E+00 
-4.5, 121.5, 2.00000E+00 
4.5, 121.5, 2.00000E+00 
13.5, 121.5, 1.00000E+00 
22.5, 121.5, 0.00000E+00 
31.5, 121.5, 0.00000E+00 
40.5, 121.5, 7.50000E-01 
49.5, 121.5, 3.57143E-01 
58.5, 121.5, 1.48936E-01 
67.5, 121.5, 3.86555E-01 
76.5, 121.5, 1.97368E-01 
85.5, 121.5, 7.32323E-02 
94.5, 121.5, 1.45985E-02 
103.5, 121.5, 3.18471E-03 
112.5, 121.5, 0.00000E+00 
121.5, 121.5, 0.00000E+00 
130.5, 121.5, 0.00000E+00 
139.5, 121.5, 0.00000E+00 
148.5, 121.5, 0.00000E+00 
157.5, 121.5, 6.17284E-03 
166.5, 121.5, 1.40845E-02 
175.5, 121.5, 1.97080E-01 
-175.5, 112.5, 1.30769E-01 
-166.5, 112.5, 1.78114E-01 
-157.5, 112.5, 2.39890E-01 
-148.5, 112.5, 3.36751E-01 
-139.5, 112.5, 2.43429E-01 
-130.5, 112.5, 1.92722E-01 
-121.5, 112.5, 1.93879E-01 
-112.5, 112.5, 2.05177E-01 
-103.5, 112.5, 2.61341E-01 
-94.5, 112.5, 3.39799E-01 
-85.5, 112.5, 4.27247E-01 
-76.5, 112.5, 5.35775E-01 
-67.5, 112.5, 6.68562E-01 
-58.5, 112.5, 7.70688E-01 
-49.5, 112.5, 8.89183E-01 
-40.5, 112.5, 8.16667E-01 
-31.5, 112.5, 9.63470E-01 
-22.5, 112.5, 1.26000E+00 
-13.5, 112.5, 1.16667E+00 
-4.5, 112.5, 7.50000E-01 
4.5, 112.5, 1.33333E+00 
13.5, 112.5, 0.00000E+00 
22.5, 112.5, 0.00000E+00 
31.5, 112.5, 0.00000E+00 
40.5, 112.5, 2.50000E-01 
49.5, 112.5, 2.00000E-01 
58.5, 112.5, 1.97368E-01 
67.5, 112.5, 3.26241E-01 
76.5, 112.5, 2.92994E-01 
85.5, 112.5, 7.69231E-02 
94.5, 112.5, 1.29870E-02 
103.5, 112.5, 5.58659E-03 
112.5, 112.5, 5.55556E-03 
121.5, 112.5, 0.00000E+00 
130.5, 112.5, 0.00000E+00 
139.5, 112.5, 0.00000E+00 
148.5, 112.5, 0.00000E+00 
157.5, 112.5, 0.00000E+00 
166.5, 112.5, 0.00000E+00 
175.5, 112.5, 3.94737E-02 
-175.5, 103.5, 6.57895E-02 
-166.5, 103.5, 1.20370E-01 
-157.5, 103.5, 1.59248E-01 
-148.5, 103.5, 2.14341E-01 
-139.5, 103.5, 1.67134E-01 
-130.5, 103.5, 1.47262E-01 
-121.5, 103.5, 1.48827E-01 
-112.5, 103.5, 1.65617E-01 
-103.5, 103.5, 1.93806E-01 
-94.5, 103.5, 2.77261E-01 
-85.5, 103.5, 3.48256E-01 
-76.5, 103.5, 4.48741E-01 
-67.5, 103.5, 5.13423E-01 
-58.5, 103.5, 5.69668E-01 
-49.5, 103.5, 6.45248E-01 
-40.5, 103.5, 6.02151E-01 
-31.5, 103.5, 9.21348E-01 
-22.5, 103.5, 7.85714E-01 
-13.5, 103.5, 1.31250E+00 
-4.5, 103.5, 3.57143E-01 
4.5, 103.5, 1.33333E+00 
13.5, 103.5, 2.85714E-01 
22.5, 103.5, 4.00000E-01 
31.5, 103.5, 1.25000E-01 
40.5, 103.5, 2.30769E-01 
49.5, 103.5, 2.95455E-01 
58.5, 103.5, 1.53226E-01 
67.5, 103.5, 1.53439E-01 
76.5, 103.5, 1.49733E-01 
85.5, 103.5, 9.69697E-02 
94.5, 103.5, 4.40252E-02 
103.5, 103.5, 1.80180E-02 
112.5, 103.5, 0.00000E+00 
121.5, 103.5, 0.00000E+00 
130.5, 103.5, 0.00000E+00 
139.5, 103.5, 0.00000E+00 
148.5, 103.5, 0.00000E+00 
157.5, 103.5, 0.00000E+00 
166.5, 103.5, 0.00000E+00 
175.5, 103.5, 0.00000E+00 
-175.5, 94.5, 5.40541E-02 
-166.5, 94.5, 5.86735E-02 
-157.5, 94.5, 1.12299E-01 
-148.5, 94.5, 1.30312E-01 
-139.5, 94.5, 1.48347E-01 
-130.5, 94.5, 1.26352E-01 
-121.5, 94.5, 1.23749E-01 
-112.5, 94.5, 1.40281E-01 
-103.5, 94.5, 1.82421E-01 
-94.5, 94.5, 2.52620E-01 
-85.5, 94.5, 3.08199E-01 
-76.5, 94.5, 3.16984E-01 
-67.5, 94.5, 3.00000E-01 
-58.5, 94.5, 3.38235E-01 
-49.5, 94.5, 3.43066E-01 
-40.5, 94.5, 4.63415E-01 
-31.5, 94.5, 3.52941E-01 
-22.5, 94.5, 3.88889E-01 
-13.5, 94.5, 3.00000E-01 
-4.5, 94.5, 2.50000E-01 
4.5, 94.5, 3.75000E-01 
13.5, 94.5, 3.07692E-01 
22.5, 94.5, 1.71429E-01 
31.5, 94.5, 3.02326E-01 
40.5, 94.5, 1.37931E-01 
49.5, 94.5, 1.66667E-01 
58.5, 94.5, 1.22881E-01 
67.5, 94.5, 1.21711E-01 
76.5, 94.5, 1.33621E-01 
85.5, 94.5, 1.63934E-02 
94.5, 94.5, 1.88679E-02 
103.5, 94.5, 0.00000E+00 
112.5, 94.5, 0.00000E+00 
121.5, 94.5, 0.00000E+00 
130.5, 94.5, 0.00000E+00 
139.5, 94.5, 0.00000E+00 
148.5, 94.5, 0.00000E+00 
157.5, 94.5, 0.00000E+00 
166.5, 94.5, 0.00000E+00 
175.5, 94.5, 0.00000E+00 
-175.5, 85.5, 2.08333E-02 
-166.5, 85.5, 2.45098E-02 
-157.5, 85.5, 5.78947E-02 
-148.5, 85.5, 7.93319E-02 
-139.5, 85.5, 9.57643E-02 
-130.5, 85.5, 9.84195E-02 
-121.5, 85.5, 1.40959E-01 
-112.5, 85.5, 1.49548E-01 
-103.5, 85.5, 1.37691E-01 
-94.5, 85.5, 1.27363E-01 
-85.5, 85.5, 1.34426E-01 
-76.5, 85.5, 1.40891E-01 
-67.5, 85.5, 1.40761E-01 
-58.5, 85.5, 1.63004E-01 
-49.5, 85.5, 2.45283E-01 
-40.5, 85.5, 4.54545E-02 
-31.5, 85.5, 8.33333E-02 
-22.5, 85.5, 1.25000E-01 
-13.5, 85.5, 0.00000E+00 
-4.5, 85.5, 5.00000E-01 
4.5, 85.5, 3.12500E-01 
13.5, 85.5, 2.38095E-01 
22.5, 85.5, 1.64179E-01 
31.5, 85.5, 3.45679E-01 
40.5, 85.5, 1.14865E-01 
49.5, 85.5, 8.42697E-02 
58.5, 85.5, 5.62390E-02 
67.5, 85.5, 3.91156E-02 
76.5, 85.5, 2.96053E-02 
85.5, 85.5, -8.92857E-03 
94.5, 85.5, 2.45902E-02 
103.5, 85.5, 0.00000E+00 
112.5, 85.5, 0.00000E+00 
121.5, 85.5, 1.19048E-02 
130.5, 85.5, 0.00000E+00 
139.5, 85.5, 0.00000E+00 
148.5, 85.5, 0.00000E+00 
157.5, 85.5, 0.00000E+00 
166.5, 85.5, 0.00000E+00 
175.5, 85.5, 0.00000E+00 
-175.5, 76.5, 6.32911E-03 
-166.5, 76.5, 1.98413E-03 
-157.5, 76.5, 1.73410E-02 
-148.5, 76.5, 5.14334E-02 
-139.5, 76.5, 7.89931E-02 
-130.5, 76.5, 1.02392E-01 
-121.5, 76.5, 1.08635E-01 
-112.5, 76.5, 9.42136E-02 
-103.5, 76.5, 8.98438E-02 
-94.5, 76.5, 8.27434E-02 
-85.5, 76.5, 9.00116E-02 
-76.5, 76.5, 7.83699E-02 
-67.5, 76.5, 7.14286E-02 
-58.5, 76.5, 3.49462E-02 
-49.5, 76.5, 4.16667E-02 
-40.5, 76.5, 0.00000E+00 
-31.5, 76.5, 1.25000E-01 
-22.5, 76.5, 5.00000E-01 
-13.5, 76.5, 0.00000E+00 
-4.5, 76.5, 0.00000E+00 
4.5, 76.5, 1.00000E-01 
13.5, 76.5, 3.15789E-01 
22.5, 76.5, 2.22222E-01 
31.5, 76.5, 1.53846E-01 
40.5, 76.5, 8.54701E-02 
49.5, 76.5, 4.46137E-02 
58.5, 76.5, 1.63934E-02 
67.5, 76.5, -1.28205E-02 
76.5, 76.5, -5.82960E-02 
85.5, 76.5, 1.94175E-02 
94.5, 76.5, 4.50450E-03 
103.5, 76.5, 0.00000E+00 
112.5, 76.5, 0.00000E+00 
121.5, 76.5, 0.00000E+00 
130.5, 76.5, 0.00000E+00 
139.5, 76.5, 0.00000E+00 
148.5, 76.5, 0.00000E+00 
157.5, 76.5, 0.00000E+00 
166.5, 76.5, 0.00000E+00 
175.5, 76.5, 0.00000E+00 
-175.5, 67.5, 0.00000E+00 
-166.5, 67.5, 9.65251E-03 
-157.5, 67.5, 1.54440E-02 
-148.5, 67.5, 4.14710E-02 
-139.5, 67.5, 9.78428E-02 
-130.5, 67.5, 1.15661E-01 
-121.5, 67.5, 1.06355E-01 
-112.5, 67.5, 9.66667E-02 
-103.5, 67.5, 8.44080E-02 
-94.5, 67.5, 7.56777E-02 
-85.5, 67.5, 6.45946E-02 
-76.5, 67.5, 5.33024E-02 
-67.5, 67.5, 4.46154E-02 
-58.5, 67.5, -2.45902E-02 
-49.5, 67.5, 1.50000E-01 
-40.5, 67.5, 0.00000E+00 
-31.5, 67.5, 0.00000E+00 
-22.5, 67.5, 0.00000E+00 
-13.5, 67.5, 0.00000E+00 
-4.5, 67.5, 0.00000E+00 
4.5, 67.5, 2.50000E-01 
13.5, 67.5, 7.69231E-02 
22.5, 67.5, 2.26563E-01 
31.5, 67.5, 1.14754E-01 
40.5, 67.5, 5.92233E-02 
49.5, 67.5, -3.26442E-03 
58.5, 67.5, -5.20878E-02 
67.5, 67.5, -7.21040E-02 
76.5, 67.5, -4.69208E-02 
85.5, 67.5, 1.83824E-03 
94.5, 67.5, -5.37634E-03 
103.5, 67.5, 0.00000E+00 
112.5, 67.5, 0.00000E+00 
121.5, 67.5, 0.00000E+00 
130.5, 67.5, 0.00000E+00 
139.5, 67.5, 0.00000E+00 
148.5, 67.5, 0.00000E+00 
157.5, 67.5, 0.00000E+00 
166.5, 67.5, 0.00000E+00 
175.5, 67.5, 0.00000E+00 
-175.5, 58.5, 0.00000E+00 
-166.5, 58.5, 2.09205E-03 
-157.5, 58.5, 1.28968E-02 
-148.5, 58.5, 4.69653E-02 
-139.5, 58.5, 1.01093E-01 
-130.5, 58.5, 1.60926E-01 
-121.5, 58.5, 1.46998E-01 
-112.5, 58.5, 1.32580E-01 
-103.5, 58.5, 8.26002E-02 
-94.5, 58.5, 7.22124E-02 
-85.5, 58.5, 6.21053E-02 
-76.5, 58.5, 4.93051E-02 
-67.5, 58.5, 1.30112E-02 
-58.5, 58.5, 5.10204E-03 
-49.5, 58.5, 0.00000E+00 
-40.5, 58.5, 0.00000E+00 
-31.5, 58.5, 0.00000E+00 
-22.5, 58.5, 0.00000E+00 
-13.5, 58.5, 0.00000E+00 
-4.5, 58.5, 0.00000E+00 
4.5, 58.5, 0.00000E+00 
13.5, 58.5, 7.14286E-02 
22.5, 58.5, 1.75676E-01 
31.5, 58.5, 1.26100E-01 
40.5, 58.5, 3.83275E-02 
49.5, 58.5, -1.92988E-02 
58.5, 58.5, -2.58532E-02 
67.5, 58.5, -3.59375E-02 
76.5, 58.5, -3.34001E-02 
85.5, 58.5, -1.01010E-02 
94.5, 58.5, -1.61812E-03 
103.5, 58.5, 0.00000E+00 
112.5, 58.5, 0.00000E+00 
121.5, 58.5, 0.00000E+00 
130.5, 58.5, 0.00000E+00 
139.5, 58.5, 0.00000E+00 
148.5, 58.5, 0.00000E+00 
157.5, 58.5, 0.00000E+00 
166.5, 58.5, 0.00000E+00 
175.5, 58.5, 0.00000E+00 
-175.5, 49.5, 0.00000E+00 
-166.5, 49.5, 0.00000E+00 
-157.5, 49.5, 1.36476E-02 
-148.5, 49.5, 8.31947E-02 
-139.5, 49.5, 1.79814E-01 
-130.5, 49.5, 2.54040E-01 
-121.5, 49.5, 2.23019E-01 
-112.5, 49.5, 2.11857E-01 
-103.5, 49.5, 1.40870E-01 
-94.5, 49.5, 8.91803E-02 
-85.5, 49.5, 7.04801E-02 
-76.5, 49.5, 4.39082E-02 
-67.5, 49.5, 3.19285E-02 
-58.5, 49.5, 1.57480E-02 
-49.5, 49.5, 0.00000E+00 
-40.5, 49.5, 0.00000E+00 
-31.5, 49.5, 0.00000E+00 
-22.5, 49.5, 0.00000E+00 
-13.5, 49.5, 0.00000E+00 
-4.5, 49.5, 0.00000E+00 
4.5, 49.5, 0.00000E+00 
13.5, 49.5, 2.50000E-01 
22.5, 49.5, -5.55556E-02 
31.5, 49.5, 6.22568E-02 
40.5, 49.5, 1.96375E-02 
49.5, 49.5, 9.80392E-03 
58.5, 49.5, -1.09349E-03 
67.5, 49.5, -1.65997E-02 
76.5, 49.5, -4.67775E-03 
85.5, 49.5, -3.10849E-03 
94.5, 49.5, 4.43459E-04 
103.5, 49.5, 0.00000E+00 
112.5, 49.5, 0.00000E+00 
121.5, 49.5, 0.00000E+00 
130.5, 49.5, 0.00000E+00 
139.5, 49.5, 0.00000E+00 
148.5, 49.5, 0.00000E+00 
157.5, 49.5, 0.00000E+00 
166.5, 49.5, 0.00000E+00 
175.5, 49.5, 0.00000E+00 
-175.5, 40.5, 0.00000E+00 
-166.5, 40.5, 4.95050E-03 
-157.5, 40.5, 2.02020E-02 
-148.5, 40.5, 8.25758E-02 
-139.5, 40.5, 3.27055E-01 
-130.5, 40.5, 3.76430E-01 
-121.5, 40.5, 3.68472E-01 
-112.5, 40.5, 3.12972E-01 
-103.5, 40.5, 2.00609E-01 
-94.5, 40.5, 1.39405E-01 
-85.5, 40.5, 9.39058E-02 
-76.5, 40.5, 6.52357E-02 
-67.5, 40.5, 4.23841E-02 
-58.5, 40.5, 0.00000E+00 
-49.5, 40.5, 0.00000E+00 
-40.5, 40.5, 0.00000E+00 
-31.5, 40.5, 0.00000E+00 
-22.5, 40.5, 0.00000E+00 
-13.5, 40.5, 0.00000E+00 
-4.5, 40.5, 0.00000E+00 
4.5, 40.5, 0.00000E+00 
13.5, 40.5, 0.00000E+00 
22.5, 40.5, 1.66667E-01 
31.5, 40.5, 1.36842E-01 
40.5, 40.5, 2.71547E-02 
49.5, 40.5, 1.78049E-02 
58.5, 40.5, 1.00600E-02 
67.5, 40.5, 2.24909E-03 
76.5, 40.5, 1.50499E-03 
85.5, 40.5, -5.21014E-04 
94.5, 40.5, 1.03950E-03 
103.5, 40.5, 4.16840E-04 
112.5, 40.5, 0.00000E+00 
121.5, 40.5, 0.00000E+00 
130.5, 40.5, 0.00000E+00 
139.5, 40.5, 0.00000E+00 
148.5, 40.5, 0.00000E+00 
157.5, 40.5, 0.00000E+00 
166.5, 40.5, 0.00000E+00 
175.5, 40.5, 0.00000E+00 
-175.5, 31.5, 0.00000E+00 
-166.5, 31.5, 0.00000E+00 
-157.5, 31.5, 3.21970E-02 
-148.5, 31.5, 1.27943E-01 
-139.5, 31.5, 3.61702E-01 
-130.5, 31.5, 5.91346E-01 
-121.5, 31.5, 5.06345E-01 
-112.5, 31.5, 4.00350E-01 
-103.5, 31.5, 2.65544E-01 
-94.5, 31.5, 1.76455E-01 
-85.5, 31.5, 1.30679E-01 
-76.5, 31.5, 8.77926E-02 
-67.5, 31.5, 4.43548E-02 
-58.5, 31.5, 4.73373E-02 
-49.5, 31.5, -4.76190E-02 
-40.5, 31.5, 0.00000E+00 
-31.5, 31.5, 0.00000E+00 
-22.5, 31.5, 0.00000E+00 
-13.5, 31.5, 0.00000E+00 
-4.5, 31.5, 0.00000E+00 
4.5, 31.5, 0.00000E+00 
13.5, 31.5, 0.00000E+00 
22.5, 31.5, 0.00000E+00 
31.5, 31.5, -1.11111E-01 
40.5, 31.5, 2.71903E-02 
49.5, 31.5, 2.17597E-02 
58.5, 31.5, 1.64319E-02 
67.5, 31.5, 7.53876E-03 
76.5, 31.5, 4.70450E-03 
85.5, 31.5, 1.08840E-03 
94.5, 31.5, 5.28169E-04 
103.5, 31.5, 0.00000E+00 
112.5, 31.5, 0.00000E+00 
121.5, 31.5, 0.00000E+00 
130.5, 31.5, 0.00000E+00 
139.5, 31.5, 0.00000E+00 
148.5, 31.5, 0.00000E+00 
157.5, 31.5, 0.00000E+00 
166.5, 31.5, 0.00000E+00 
175.5, 31.5, 0.00000E+00 
-175.5, 22.5, 0.00000E+00 
-166.5, 22.5, 1.56250E-02 
-157.5, 22.5, 3.88350E-02 
-148.5, 22.5, 1.96850E-01 
-139.5, 22.5, 4.69260E-01 
-130.5, 22.5, 7.67518E-01 
-121.5, 22.5, 7.30907E-01 
-112.5, 22.5, 5.53057E-01 
-103.5, 22.5, 4.01422E-01 
-94.5, 22.5, 2.50678E-01 
-85.5, 22.5, 1.67717E-01 
-76.5, 22.5, 1.07507E-01 
-67.5, 22.5, 1.89673E-02 
-58.5, 22.5, -5.61798E-03 
-49.5, 22.5, 0.00000E+00 
-40.5, 22.5, 0.00000E+00 
-31.5, 22.5, 0.00000E+00 
-22.5, 22.5, 0.00000E+00 
-13.5, 22.5, 0.00000E+00 
-4.5, 22.5, 0.00000E+00 
4.5, 22.5, 0.00000E+00 
13.5, 22.5, 0.00000E+00 
22.5, 22.5, 5.00000E-01 
31.5, 22.5, 0.00000E+00 
40.5, 22.5, 2.27273E-02 
49.5, 22.5, 2.08729E-02 
58.5, 22.5, 2.16282E-02 
67.5, 22.5, 1.46602E-02 
76.5, 22.5, 5.97510E-03 
85.5, 22.5, 2.69167E-03 
94.5, 22.5, 8.00213E-04 
103.5, 22.5, 0.00000E+00 
112.5, 22.5, 0.00000E+00 
121.5, 22.5, 0.00000E+00 
130.5, 22.5, 0.00000E+00 
139.5, 22.5, 0.00000E+00 
148.5, 22.5, 0.00000E+00 
157.5, 22.5, 0.00000E+00 
166.5, 22.5, 0.00000E+00 
175.5, 22.5, 0.00000E+00 
-175.5, 13.5, 0.00000E+00 
-166.5, 13.5, 2.94118E-02 
-157.5, 13.5, 7.52212E-02 
-148.5, 13.5, 2.96791E-01 
-139.5, 13.5, 7.65783E-01 
-130.5, 13.5, 1.19061E+00 
-121.5, 13.5, 1.08193E+00 
-112.5, 13.5, 8.33446E-01 
-103.5, 13.5, 5.78035E-01 
-94.5, 13.5, 3.95953E-01 
-85.5, 13.5, 2.85111E-01 
-76.5, 13.5, 1.79957E-01 
-67.5, 13.5, 7.99756E-02 
-58.5, 13.5, -3.16206E-02 
-49.5, 13.5, -8.00000E-02 
-40.5, 13.5, 0.00000E+00 
-31.5, 13.5, 0.00000E+00 
-22.5, 13.5, 0.00000E+00 
-13.5, 13.5, 0.00000E+00 
-4.5, 13.5, 0.00000E+00 
4.5, 13.5, 0.00000E+00 
13.5, 13.5, 0.00000E+00 
22.5, 13.5, 0.00000E+00 
31.5, 13.5, 0.00000E+00 
40.5, 13.5, 1.66667E-01 
49.5, 13.5, 4.27632E-02 
58.5, 13.5, 5.84498E-02 
67.5, 13.5, 2.24264E-02 
76.5, 13.5, 9.15099E-03 
85.5, 13.5, 3.87564E-03 
94.5, 13.5, 1.06202E-03 
103.5, 13.5, 0.00000E+00 
112.5, 13.5, 0.00000E+00 
121.5, 13.5, 0.00000E+00 
130.5, 13.5, 0.00000E+00 
139.5, 13.5, 0.00000E+00 
148.5, 13.5, 0.00000E+00 
157.5, 13.5, 0.00000E+00 
166.5, 13.5, 0.00000E+00 
175.5, 13.5, 0.00000E+00 
-175.5, 4.5, 0.00000E+00 
-166.5, 4.5, 5.88235E-02 
-157.5, 4.5, 1.62162E-01 
-148.5, 4.5, 5.00000E-01 
-139.5, 4.5, 1.42330E+00 
-130.5, 4.5, 1.99852E+00 
-121.5, 4.5, 1.83753E+00 
-112.5, 4.5, 1.32169E+00 
-103.5, 4.5, 9.32661E-01 
-94.5, 4.5, 6.25029E-01 
-85.5, 4.5, 4.38479E-01 
-76.5, 4.5, 3.01756E-01 
-67.5, 4.5, 2.10041E-01 
-58.5, 4.5, 8.41121E-02 
-49.5, 4.5, -2.22222E-01 
-40.5, 4.5, 0.00000E+00 
-31.5, 4.5, 0.00000E+00 
-22.5, 4.5, 0.00000E+00 
-13.5, 4.5, 0.00000E+00 
-4.5, 4.5, 0.00000E+00 
4.5, 4.5, 0.00000E+00 
13.5, 4.5, 0.00000E+00 
22.5, 4.5, 0.00000E+00 
31.5, 4.5, 0.00000E+00 
40.5, 4.5, 1.11111E-01 
49.5, 4.5, 1.28440E-01 
58.5, 4.5, 6.59631E-02 
67.5, 4.5, 2.94118E-02 
76.5, 4.5, 1.58208E-02 
85.5, 4.5, 5.84528E-03 
94.5, 4.5, 9.26498E-04 
103.5, 4.5, 1.37363E-04 
112.5, 4.5, 0.00000E+00 
121.5, 4.5, 0.00000E+00 
130.5, 4.5, 0.00000E+00 
139.5, 4.5, 0.00000E+00 
148.5, 4.5, 0.00000E+00 
157.5, 4.5, 0.00000E+00 
166.5, 4.5, 0.00000E+00 
175.5, 4.5, 0.00000E+00 
-175.5, -4.5, 0.00000E+00 
-166.5, -4.5, 5.00000E-02 
-157.5, -4.5, 3.06818E-01 
-148.5, -4.5, 1.30603E+00 
-139.5, -4.5, 2.40596E+00 
-130.5, -4.5, 3.27019E+00 
-121.5, -4.5, 2.88328E+00 
-112.5, -4.5, 2.09892E+00 
-103.5, -4.5, 1.32775E+00 
-94.5, -4.5, 9.25674E-01 
-85.5, -4.5, 6.96685E-01 
-76.5, -4.5, 4.97558E-01 
-67.5, -4.5, 3.30563E-01 
-58.5, -4.5, 1.72383E-01 
-49.5, -4.5, -5.50459E-02 
-40.5, -4.5, 0.00000E+00 
-31.5, -4.5, 0.00000E+00 
-22.5, -4.5, 0.00000E+00 
-13.5, -4.5, 0.00000E+00 
-4.5, -4.5, 0.00000E+00 
4.5, -4.5, 0.00000E+00 
13.5, -4.5, 0.00000E+00 
22.5, -4.5, 0.00000E+00 
31.5, -4.5, 0.00000E+00 
40.5, -4.5, 2.50000E-01 
49.5, -4.5, 2.22222E-01 
58.5, -4.5, 1.32710E-01 
67.5, -4.5, 6.12772E-02 
76.5, -4.5, 2.59721E-02 
85.5, -4.5, 7.03746E-03 
94.5, -4.5, 9.18485E-04 
103.5, -4.5, 1.34409E-04 
112.5, -4.5, 0.00000E+00 
121.5, -4.5, 0.00000E+00 
130.5, -4.5, 0.00000E+00 
139.5, -4.5, 0.00000E+00 
148.5, -4.5, 0.00000E+00 
157.5, -4.5, 0.00000E+00 
166.5, -4.5, 0.00000E+00 
175.5, -4.5, 0.00000E+00 
-175.5, -13.5, 2.50000E-01 
-166.5, -13.5, 1.25000E-01 
-157.5, -13.5, 5.62500E-01 
-148.5, -13.5, 1.32474E+00 
-139.5, -13.5, 2.66942E+00 
-130.5, -13.5, 3.63081E+00 
-121.5, -13.5, 3.22712E+00 
-112.5, -13.5, 2.85366E+00 
-103.5, -13.5, 1.73889E+00 
-94.5, -13.5, 1.08061E+00 
-85.5, -13.5, 8.35538E-01 
-76.5, -13.5, 6.24725E-01 
-67.5, -13.5, 4.42853E-01 
-58.5, -13.5, 2.70648E-01 
-49.5, -13.5, 9.21053E-02 
-40.5, -13.5, 1.19048E-01 
-31.5, -13.5, 0.00000E+00 
-22.5, -13.5, 0.00000E+00 
-13.5, -13.5, 0.00000E+00 
-4.5, -13.5, 0.00000E+00 
4.5, -13.5, 0.00000E+00 
13.5, -13.5, 0.00000E+00 
22.5, -13.5, 0.00000E+00 
31.5, -13.5, 0.00000E+00 
40.5, -13.5, 1.66667E-01 
49.5, -13.5, 4.40000E-01 
58.5, -13.5, 1.22530E-01 
67.5, -13.5, 8.24176E-02 
76.5, -13.5, 2.40906E-02 
85.5, -13.5, 1.02289E-02 
94.5, -13.5, 2.36302E-03 
103.5, -13.5, 1.52114E-04 
112.5, -13.5, 0.00000E+00 
121.5, -13.5, 0.00000E+00 
130.5, -13.5, 0.00000E+00 
139.5, -13.5, 0.00000E+00 
148.5, -13.5, 0.00000E+00 
157.5, -13.5, 0.00000E+00 
166.5, -13.5, 0.00000E+00 
175.5, -13.5, 0.00000E+00 
-175.5, -22.5, 0.00000E+00 
-166.5, -22.5, 4.00000E-01 
-157.5, -22.5, 5.20000E-01 
-148.5, -22.5, 1.57463E+00 
-139.5, -22.5, 2.59357E+00 
-130.5, -22.5, 3.22149E+00 
-121.5, -22.5, 2.84387E+00 
-112.5, -22.5, 2.43873E+00 
-103.5, -22.5, 1.54672E+00 
-94.5, -22.5, 1.01027E+00 
-85.5, -22.5, 7.57565E-01 
-76.5, -22.5, 6.03320E-01 
-67.5, -22.5, 4.60353E-01 
-58.5, -22.5, 3.21264E-01 
-49.5, -22.5, 1.18596E-01 
-40.5, -22.5, 0.00000E+00 
-31.5, -22.5, 1.25000E-01 
-22.5, -22.5, 0.00000E+00 
-13.5, -22.5, 0.00000E+00 
-4.5, -22.5, 0.00000E+00 
4.5, -22.5, 0.00000E+00 
13.5, -22.5, 0.00000E+00 
22.5, -22.5, 0.00000E+00 
31.5, -22.5, 0.00000E+00 
40.5, -22.5, 0.00000E+00 
49.5, -22.5, 2.50000E-01 
58.5, -22.5, 2.97753E-01 
67.5, -22.5, 5.58483E-02 
76.5, -22.5, 2.04082E-02 
85.5, -22.5, 5.85322E-03 
94.5, -22.5, 2.12931E-03 
103.5, -22.5, 1.92160E-04 
112.5, -22.5, 0.00000E+00 
121.5, -22.5, 0.00000E+00 
130.5, -22.5, 0.00000E+00 
139.5, -22.5, 0.00000E+00 
148.5, -22.5, 0.00000E+00 
157.5, -22.5, 0.00000E+00 
166.5, -22.5, 0.00000E+00 
175.5, -22.5, 0.00000E+00 
-175.5, -31.5, 2.85714E-01 
-166.5, -31.5, 2.91667E-01 
-157.5, -31.5, 7.69231E-01 
-148.5, -31.5, 9.77612E-01 
-139.5, -31.5, 1.72945E+00 
-130.5, -31.5, 1.92183E+00 
-121.5, -31.5, 1.57823E+00 
-112.5, -31.5, 1.38373E+00 
-103.5, -31.5, 1.10757E+00 
-94.5, -31.5, 7.20599E-01 
-85.5, -31.5, 5.81449E-01 
-76.5, -31.5, 5.06714E-01 
-67.5, -31.5, 4.47123E-01 
-58.5, -31.5, 3.22938E-01 
-49.5, -31.5, 2.02933E-01 
-40.5, -31.5, 8.76133E-02 
-31.5, -31.5, 0.00000E+00 
-22.5, -31.5, 0.00000E+00 
-13.5, -31.5, 0.00000E+00 
-4.5, -31.5, 0.00000E+00 
4.5, -31.5, 0.00000E+00 
13.5, -31.5, 0.00000E+00 
22.5, -31.5, 0.00000E+00 
31.5, -31.5, 0.00000E+00 
40.5, -31.5, 5.00000E-01 
49.5, -31.5, 2.85714E-01 
58.5, -31.5, 2.24852E-01 
67.5, -31.5, 6.04839E-02 
76.5, -31.5, 7.94314E-03 
85.5, -31.5, -8.41279E-04 
94.5, -31.5, 1.57315E-03 
103.5, -31.5, 0.00000E+00 
112.5, -31.5, 0.00000E+00 
121.5, -31.5, 0.00000E+00 
130.5, -31.5, 0.00000E+00 
139.5, -31.5, 0.00000E+00 
148.5, -31.5, 0.00000E+00 
157.5, -31.5, 0.00000E+00 
166.5, -31.5, 0.00000E+00 
175.5, -31.5, 0.00000E+00 
-175.5, -40.5, 1.85185E-01 
-166.5, -40.5, 1.06250E+00 
-157.5, -40.5, 8.75000E-01 
-148.5, -40.5, 9.91935E-01 
-139.5, -40.5, 9.41176E-01 
-130.5, -40.5, 8.94172E-01 
-121.5, -40.5, 8.09668E-01 
-112.5, -40.5, 7.22252E-01 
-103.5, -40.5, 6.83201E-01 
-94.5, -40.5, 5.18711E-01 
-85.5, -40.5, 4.93574E-01 
-76.5, -40.5, 5.06909E-01 
-67.5, -40.5, 5.18133E-01 
-58.5, -40.5, 3.83093E-01 
-49.5, -40.5, 2.19506E-01 
-40.5, -40.5, 1.42857E-01 
-31.5, -40.5, 1.26316E-01 
-22.5, -40.5, 0.00000E+00 
-13.5, -40.5, 0.00000E+00 
-4.5, -40.5, 0.00000E+00 
4.5, -40.5, 0.00000E+00 
13.5, -40.5, 0.00000E+00 
22.5, -40.5, 0.00000E+00 
31.5, -40.5, 0.00000E+00 
40.5, -40.5, 0.00000E+00 
49.5, -40.5, 2.27273E-01 
58.5, -40.5, 1.57480E-01 
67.5, -40.5, 4.10596E-02 
76.5, -40.5, -1.68350E-03 
85.5, -40.5, 1.66205E-03 
94.5, -40.5, 1.23916E-03 
103.5, -40.5, 0.00000E+00 
112.5, -40.5, 3.43171E-04 
121.5, -40.5, 0.00000E+00 
130.5, -40.5, 0.00000E+00 
139.5, -40.5, 0.00000E+00 
148.5, -40.5, 0.00000E+00 
157.5, -40.5, 0.00000E+00 
166.5, -40.5, 4.95050E-03 
175.5, -40.5, 5.00000E-02 
-175.5, -49.5, 3.75000E-01 
-166.5, -49.5, 6.31579E-01 
-157.5, -49.5, 7.37500E-01 
-148.5, -49.5, 7.04918E-01 
-139.5, -49.5, 9.71429E-01 
-130.5, -49.5, 7.31939E-01 
-121.5, -49.5, 6.19914E-01 
-112.5, -49.5, 5.44330E-01 
-103.5, -49.5, 6.01296E-01 
-94.5, -49.5, 6.16408E-01 
-85.5, -49.5, 6.43767E-01 
-76.5, -49.5, 7.76507E-01 
-67.5, -49.5, 8.17671E-01 
-58.5, -49.5, 4.05686E-01 
-49.5, -49.5, 2.39938E-01 
-40.5, -49.5, 1.51057E-01 
-31.5, -49.5, 1.78988E-01 
-22.5, -49.5, 3.88889E-01 
-13.5, -49.5, 7.50000E-01 
-4.5, -49.5, 0.00000E+00 
4.5, -49.5, 0.00000E+00 
13.5, -49.5, 0.00000E+00 
22.5, -49.5, 0.00000E+00 
31.5, -49.5, 0.00000E+00 
40.5, -49.5, 0.00000E+00 
49.5, -49.5, 5.00000E-01 
58.5, -49.5, 2.20472E-01 
67.5, -49.5, 4.59770E-02 
76.5, -49.5, 1.18671E-03 
85.5, -49.5, 2.55363E-03 
94.5, -49.5, 1.31148E-03 
103.5, -49.5, 0.00000E+00 
112.5, -49.5, 0.00000E+00 
121.5, -49.5, 0.00000E+00 
130.5, -49.5, 0.00000E+00 
139.5, -49.5, 0.00000E+00 
148.5, -49.5, 0.00000E+00 
157.5, -49.5, 0.00000E+00 
166.5, -49.5, 0.00000E+00 
175.5, -49.5, 3.57143E-02 
-175.5, -58.5, 2.22222E-01 
-166.5, -58.5, 3.44828E-01 
-157.5, -58.5, 4.30000E-01 
-148.5, -58.5, 6.81159E-01 
-139.5, -58.5, 9.68912E-01 
-130.5, -58.5, 8.47059E-01 
-121.5, -58.5, 6.32873E-01 
-112.5, -58.5, 7.03529E-01 
-103.5, -58.5, 8.17451E-01 
-94.5, -58.5, 8.23625E-01 
-85.5, -58.5, 1.07359E+00 
-76.5, -58.5, 1.31062E+00 
-67.5, -58.5, 7.90234E-01 
-58.5, -58.5, 3.74354E-01 
-49.5, -58.5, 2.00064E-01 
-40.5, -58.5, 1.65854E-01 
-31.5, -58.5, 2.49267E-01 
-22.5, -58.5, 2.16216E-01 
-13.5, -58.5, 4.28571E-01 
-4.5, -58.5, 0.00000E+00 
4.5, -58.5, 0.00000E+00 
13.5, -58.5, 0.00000E+00 
22.5, -58.5, 0.00000E+00 
31.5, -58.5, 0.00000E+00 
40.5, -58.5, 0.00000E+00 
49.5, -58.5, 7.50000E-01 
58.5, -58.5, 1.58163E-01 
67.5, -58.5, 4.83271E-02 
76.5, -58.5, 1.32363E-02 
85.5, -58.5, 5.52632E-03 
94.5, -58.5, 1.41593E-03 
103.5, -58.5, 0.00000E+00 
112.5, -58.5, 0.00000E+00 
121.5, -58.5, 0.00000E+00 
130.5, -58.5, 0.00000E+00 
139.5, -58.5, 0.00000E+00 
148.5, -58.5, 0.00000E+00 
157.5, -58.5, 0.00000E+00 
166.5, -58.5, 2.09205E-03 
175.5, -58.5, 4.62963E-02 
-175.5, -67.5, 3.12500E-01 
-166.5, -67.5, 5.22727E-01 
-157.5, -67.5, 5.35714E-01 
-148.5, -67.5, 6.34328E-01 
-139.5, -67.5, 1.12329E+00 
-130.5, -67.5, 1.34112E+00 
-121.5, -67.5, 1.19231E+00 
-112.5, -67.5, 1.14088E+00 
-103.5, -67.5, 1.30811E+00 
-94.5, -67.5, 1.18100E+00 
-85.5, -67.5, 1.66360E+00 
-76.5, -67.5, 1.60850E+00 
-67.5, -67.5, 5.21277E-01 
-58.5, -67.5, 2.37624E-01 
-49.5, -67.5, 1.58324E-01 
-40.5, -67.5, 1.20388E-01 
-31.5, -67.5, 1.47541E-01 
-22.5, -67.5, 1.71875E-01 
-13.5, -67.5, 2.30769E-01 
-4.5, -67.5, 5.00000E-01 
4.5, -67.5, 1.00000E+00 
13.5, -67.5, 1.00000E+00 
22.5, -67.5, 0.00000E+00 
31.5, -67.5, 0.00000E+00 
40.5, -67.5, 1.00000E+00 
49.5, -67.5, 8.00000E-01 
58.5, -67.5, 9.83607E-02 
67.5, -67.5, 6.23077E-02 
76.5, -67.5, 2.37543E-02 
85.5, -67.5, 4.32432E-03 
94.5, -67.5, 7.53012E-04 
103.5, -67.5, 0.00000E+00 
112.5, -67.5, 0.00000E+00 
121.5, -67.5, 0.00000E+00 
130.5, -67.5, 0.00000E+00 
139.5, -67.5, 0.00000E+00 
148.5, -67.5, 0.00000E+00 
157.5, -67.5, 0.00000E+00 
166.5, -67.5, 1.93050E-03 
175.5, -67.5, 1.61290E-02 
-175.5, -76.5, 9.37500E-02 
-166.5, -76.5, 3.66667E-01 
-157.5, -76.5, 5.17241E-01 
-148.5, -76.5, 6.38889E-01 
-139.5, -76.5, 1.11765E+00 
-130.5, -76.5, 2.12727E+00 
-121.5, -76.5, 1.93571E+00 
-112.5, -76.5, 1.40306E+00 
-103.5, -76.5, 1.74737E+00 
-94.5, -76.5, 1.59009E+00 
-85.5, -76.5, 2.11650E+00 
-76.5, -76.5, 7.73543E-01 
-67.5, -76.5, 3.20513E-01 
-58.5, -76.5, 1.82787E-01 
-49.5, -76.5, 1.52339E-01 
-40.5, -76.5, 9.40171E-02 
-31.5, -76.5, 1.15385E-01 
-22.5, -76.5, 1.20370E-01 
-13.5, -76.5, 1.31579E-01 
-4.5, -76.5, 5.00000E-01 
4.5, -76.5, 1.25000E+00 
13.5, -76.5, 1.00000E+00 
22.5, -76.5, 1.50000E+00 
31.5, -76.5, 3.75000E-01 
40.5, -76.5, 6.25000E-01 
49.5, -76.5, 3.33333E-01 
58.5, -76.5, 1.07527E-01 
67.5, -76.5, 4.56885E-02 
76.5, -76.5, 1.25392E-02 
85.5, -76.5, 4.93612E-03 
94.5, -76.5, 4.42478E-04 
103.5, -76.5, 6.51042E-04 
112.5, -76.5, 0.00000E+00 
121.5, -76.5, 0.00000E+00 
130.5, -76.5, 0.00000E+00 
139.5, -76.5, 0.00000E+00 
148.5, -76.5, 0.00000E+00 
157.5, -76.5, 0.00000E+00 
166.5, -76.5, 0.00000E+00 
175.5, -76.5, 0.00000E+00 
-175.5, -85.5, 0.00000E+00 
-166.5, -85.5, 1.03448E-01 
-157.5, -85.5, 5.88235E-01 
-148.5, -85.5, 8.28125E-01 
-139.5, -85.5, 1.35294E+00 
-130.5, -85.5, 1.73077E+00 
-121.5, -85.5, 2.04762E+00 
-112.5, -85.5, 1.91176E+00 
-103.5, -85.5, 1.36364E+00 
-94.5, -85.5, 1.45902E+00 
-85.5, -85.5, 1.73214E+00 
-76.5, -85.5, 5.75658E-01 
-67.5, -85.5, 1.75170E-01 
-58.5, -85.5, 1.10721E-01 
-49.5, -85.5, 8.14607E-02 
-40.5, -85.5, 9.45946E-02 
-31.5, -85.5, 6.17284E-02 
-22.5, -85.5, 4.47761E-02 
-13.5, -85.5, 2.38095E-02 
-4.5, -85.5, 3.12500E-01 
4.5, -85.5, 3.75000E-01 
13.5, -85.5, 5.00000E-01 
22.5, -85.5, 6.25000E-01 
31.5, -85.5, 4.16667E-01 
40.5, -85.5, 2.27273E-01 
49.5, -85.5, 1.88679E-01 
58.5, -85.5, 6.77656E-02 
67.5, -85.5, 3.36957E-02 
76.5, -85.5, 6.55308E-03 
85.5, -85.5, 2.95082E-03 
94.5, -85.5, 4.97512E-04 
103.5, -85.5, 0.00000E+00 
112.5, -85.5, 0.00000E+00 
121.5, -85.5, 0.00000E+00 
130.5, -85.5, 0.00000E+00 
139.5, -85.5, 0.00000E+00 
148.5, -85.5, 0.00000E+00 
157.5, -85.5, 0.00000E+00 
166.5, -85.5, 0.00000E+00 
175.5, -85.5, 6.94444E-03 
-175.5, -94.5, 0.00000E+00 
-166.5, -94.5, 2.85714E-02 
-157.5, -94.5, 1.59091E-01 
-148.5, -94.5, 5.18519E-01 
-139.5, -94.5, 7.42424E-01 
-130.5, -94.5, 1.18056E+00 
-121.5, -94.5, 1.44186E+00 
-112.5, -94.5, 1.51389E+00 
-103.5, -94.5, 1.08421E+00 
-94.5, -94.5, 1.03774E+00 
-85.5, -94.5, 5.57377E-01 
-76.5, -94.5, 2.19828E-01 
-67.5, -94.5, 1.01974E-01 
-58.5, -94.5, 4.23729E-02 
-49.5, -94.5, 1.96078E-02 
-40.5, -94.5, 1.72414E-02 
-31.5, -94.5, 2.32558E-02 
-22.5, -94.5, 2.85714E-02 
-13.5, -94.5, 3.84615E-02 
-4.5, -94.5, 6.25000E-02 
4.5, -94.5, 1.25000E-01 
13.5, -94.5, 4.00000E-01 
22.5, -94.5, 5.00000E-01 
31.5, -94.5, 3.23529E-01 
40.5, -94.5, 3.78049E-01 
49.5, -94.5, 9.48905E-02 
58.5, -94.5, 5.75980E-02 
67.5, -94.5, 1.73913E-02 
76.5, -94.5, 6.22255E-03 
85.5, -94.5, 2.06016E-03 
94.5, -94.5, 0.00000E+00 
103.5, -94.5, 0.00000E+00 
112.5, -94.5, 0.00000E+00 
121.5, -94.5, 0.00000E+00 
130.5, -94.5, 0.00000E+00 
139.5, -94.5, 0.00000E+00 
148.5, -94.5, 0.00000E+00 
157.5, -94.5, 0.00000E+00 
166.5, -94.5, 0.00000E+00 
175.5, -94.5, 0.00000E+00 
-175.5, -103.5, 0.00000E+00 
-166.5, -103.5, 3.84615E-02 
-157.5, -103.5, 1.15385E-01 
-148.5, -103.5, 3.60656E-01 
-139.5, -103.5, 7.05882E-01 
-130.5, -103.5, 7.11538E-01 
-121.5, -103.5, 1.14773E+00 
-112.5, -103.5, 8.48485E-01 
-103.5, -103.5, 7.92793E-01 
-94.5, -103.5, 3.52201E-01 
-85.5, -103.5, 2.24242E-01 
-76.5, -103.5, 1.17647E-01 
-67.5, -103.5, 4.23280E-02 
-58.5, -103.5, 8.06452E-03 
-49.5, -103.5, 4.54545E-02 
-40.5, -103.5, 0.00000E+00 
-31.5, -103.5, 0.00000E+00 
-22.5, -103.5, 0.00000E+00 
-13.5, -103.5, 0.00000E+00 
-4.5, -103.5, 1.66667E-01 
4.5, -103.5, 7.14286E-02 
13.5, -103.5, 1.25000E-01 
22.5, -103.5, 2.14286E-01 
31.5, -103.5, 2.92135E-01 
40.5, -103.5, 1.46953E-01 
49.5, -103.5, 3.88220E-02 
58.5, -103.5, 1.50054E-02 
67.5, -103.5, 6.71141E-03 
76.5, -103.5, 1.10473E-03 
85.5, -103.5, 1.23671E-03 
94.5, -103.5, 0.00000E+00 
103.5, -103.5, 0.00000E+00 
112.5, -103.5, 0.00000E+00 
121.5, -103.5, 0.00000E+00 
130.5, -103.5, 0.00000E+00 
139.5, -103.5, 0.00000E+00 
148.5, -103.5, 0.00000E+00 
157.5, -103.5, 0.00000E+00 
166.5, -103.5, 0.00000E+00 
175.5, -103.5, 0.00000E+00 
-175.5, -112.5, 0.00000E+00 
-166.5, -112.5, 4.16667E-02 
-157.5, -112.5, 3.29670E-02 
-148.5, -112.5, 1.34921E-01 
-139.5, -112.5, 1.82927E-01 
-130.5, -112.5, 3.77551E-01 
-121.5, -112.5, 5.40000E-01 
-112.5, -112.5, 4.77778E-01 
-103.5, -112.5, 4.52514E-01 
-94.5, -112.5, 1.64502E-01 
-85.5, -112.5, 1.09312E-01 
-76.5, -112.5, 6.36943E-02 
-67.5, -112.5, 1.41844E-02 
-58.5, -112.5, 1.31579E-02 
-49.5, -112.5, 0.00000E+00 
-40.5, -112.5, 0.00000E+00 
-31.5, -112.5, 0.00000E+00 
-22.5, -112.5, 0.00000E+00 
-13.5, -112.5, 0.00000E+00 
-4.5, -112.5, 0.00000E+00 
4.5, -112.5, 1.25000E-01 
13.5, -112.5, 1.66667E-01 
22.5, -112.5, 4.00000E-02 
31.5, -112.5, 1.09589E-01 
40.5, -112.5, 2.94872E-02 
49.5, -112.5, 1.53765E-02 
58.5, -112.5, 5.41150E-03 
67.5, -112.5, 3.30644E-03 
76.5, -112.5, 3.42349E-04 
85.5, -112.5, 6.71772E-04 
94.5, -112.5, 0.00000E+00 
103.5, -112.5, 0.00000E+00 
112.5, -112.5, 0.00000E+00 
121.5, -112.5, 0.00000E+00 
130.5, -112.5, 0.00000E+00 
139.5, -112.5, 0.00000E+00 
148.5, -112.5, 0.00000E+00 
157.5, -112.5, 0.00000E+00 
166.5, -112.5, 0.00000E+00 
175.5, -112.5, 0.00000E+00 
-175.5, -121.5, 0.00000E+00 
-166.5, -121.5, 2.11268E-02 
-157.5, -121.5, 2.46914E-02 
-148.5, -121.5, 1.30208E-01 
-139.5, -121.5, 1.96262E-01 
-130.5, -121.5, 3.32215E-01 
-121.5, -121.5, 4.01235E-01 
-112.5, -121.5, 4.62810E-01 
-103.5, -121.5, 3.02548E-01 
-94.5, -121.5, 1.19221E-01 
-85.5, -121.5, 3.78788E-02 
-76.5, -121.5, 5.70175E-02 
-67.5, -121.5, 3.36134E-02 
-58.5, -121.5, 0.00000E+00 
-49.5, -121.5, 0.00000E+00 
-40.5, -121.5, 0.00000E+00 
-31.5, -121.5, 0.00000E+00 
-22.5, -121.5, 0.00000E+00 
-13.5, -121.5, 0.00000E+00 
-4.5, -121.5, 0.00000E+00 
4.5, -121.5, 0.00000E+00 
13.5, -121.5, 0.00000E+00 
22.5, -121.5, 8.92857E-02 
31.5, -121.5, 2.89157E-02 
40.5, -121.5, 1.75141E-02 
49.5, -121.5, 6.46168E-03 
58.5, -121.5, 1.19062E-04 
67.5, -121.5, 5.26078E-04 
76.5, -121.5, 2.71555E-04 
85.5, -121.5, 8.54555E-05 
94.5, -121.5, 0.00000E+00 
103.5, -121.5, 0.00000E+00 
112.5, -121.5, 0.00000E+00 
121.5, -121.5, 0.00000E+00 
130.5, -121.5, 0.00000E+00 
139.5, -121.5, 0.00000E+00 
148.5, -121.5, 0.00000E+00 
157.5, -121.5, 0.00000E+00 
166.5, -121.5, 0.00000E+00 
175.5, -121.5, 0.00000E+00 
-175.5, -130.5, 0.00000E+00 
-166.5, -130.5, 1.35593E-02 
-157.5, -130.5, 3.02013E-02 
-148.5, -130.5, 9.49367E-02 
-139.5, -130.5, 2.47059E-01 
-130.5, -130.5, 2.55760E-01 
-121.5, -130.5, 4.07767E-01 
-112.5, -130.5, 2.96537E-01 
-103.5, -130.5, 2.04007E-01 
-94.5, -130.5, 5.52764E-02 
-85.5, -130.5, 5.16987E-02 
-76.5, -130.5, 9.07029E-03 
-67.5, -130.5, 2.17391E-02 
-58.5, -130.5, 0.00000E+00 
-49.5, -130.5, 0.00000E+00 
-40.5, -130.5, 0.00000E+00 
-31.5, -130.5, 0.00000E+00 
-22.5, -130.5, 0.00000E+00 
-13.5, -130.5, 0.00000E+00 
-4.5, -130.5, 0.00000E+00 
4.5, -130.5, 0.00000E+00 
13.5, -130.5, 2.50000E-01 
22.5, -130.5, 4.28571E-02 
31.5, -130.5, 1.75781E-02 
40.5, -130.5, 3.61795E-03 
49.5, -130.5, 0.00000E+00 
58.5, -130.5, 2.76491E-04 
67.5, -130.5, 4.42649E-04 
76.5, -130.5, 2.63491E-04 
85.5, -130.5, 0.00000E+00 
94.5, -130.5, 0.00000E+00 
103.5, -130.5, 0.00000E+00 
112.5, -130.5, 0.00000E+00 
121.5, -130.5, 0.00000E+00 
130.5, -130.5, 0.00000E+00 
139.5, -130.5, 0.00000E+00 
148.5, -130.5, 0.00000E+00 
157.5, -130.5, 0.00000E+00 
166.5, -130.5, 0.00000E+00 
175.5, -130.5, 1.14155E-03 
-175.5, -139.5, 0.00000E+00 
-166.5, -139.5, 7.31261E-03 
-157.5, -139.5, 3.15789E-02 
-148.5, -139.5, 8.78136E-02 
-139.5, -139.5, 2.35088E-01 
-130.5, -139.5, 4.21585E-01 
-121.5, -139.5, 4.54688E-01 
-112.5, -139.5, 3.08767E-01 
-103.5, -139.5, 1.54433E-01 
-94.5, -139.5, 5.96570E-02 
-85.5, -139.5, 3.19535E-02 
-76.5, -139.5, 1.44753E-02 
-67.5, -139.5, 3.67647E-03 
-58.5, -139.5, 1.25000E-02 
-49.5, -139.5, 0.00000E+00 
-40.5, -139.5, 0.00000E+00 
-31.5, -139.5, 0.00000E+00 
-22.5, -139.5, 0.00000E+00 
-13.5, -139.5, 0.00000E+00 
-4.5, -139.5, 0.00000E+00 
4.5, -139.5, 0.00000E+00 
13.5, -139.5, 0.00000E+00 
22.5, -139.5, 1.00000E-01 
31.5, -139.5, 5.20833E-03 
40.5, -139.5, 5.59027E-03 
49.5, -139.5, 2.63270E-03 
58.5, -139.5, 1.55985E-03 
67.5, -139.5, 9.41821E-04 
76.5, -139.5, 1.63479E-04 
85.5, -139.5, -6.74354E-05 
94.5, -139.5, 8.79585E-05 
103.5, -139.5, 0.00000E+00 
112.5, -139.5, 0.00000E+00 
121.5, -139.5, 0.00000E+00 
130.5, -139.5, 0.00000E+00 
139.5, -139.5, 0.00000E+00 
148.5, -139.5, 0.00000E+00 
157.5, -139.5, 0.00000E+00 
166.5, -139.5, 0.00000E+00 
175.5, -139.5, 0.00000E+00 
-175.5, -148.5, 5.24659E-03 
-166.5, -148.5, 2.60870E-02 
-157.5, -148.5, 6.36943E-02 
-148.5, -148.5, 1.58192E-01 
-139.5, -148.5, 2.88671E-01 
-130.5, -148.5, 4.19979E-01 
-121.5, -148.5, 4.70588E-01 
-112.5, -148.5, 3.06235E-01 
-103.5, -148.5, 1.73788E-01 
-94.5, -148.5, 7.06852E-02 
-85.5, -148.5, 2.40000E-02 
-76.5, -148.5, 9.65018E-03 
-67.5, -148.5, 6.19835E-03 
-58.5, -148.5, 1.38889E-02 
-49.5, -148.5, 0.00000E+00 
-40.5, -148.5, 0.00000E+00 
-31.5, -148.5, 0.00000E+00 
-22.5, -148.5, 0.00000E+00 
-13.5, -148.5, 0.00000E+00 
-4.5, -148.5, 0.00000E+00 
4.5, -148.5, 0.00000E+00 
13.5, -148.5, 0.00000E+00 
22.5, -148.5, 0.00000E+00 
31.5, -148.5, 1.11111E-02 
40.5, -148.5, 3.03951E-03 
49.5, -148.5, 2.46840E-03 
58.5, -148.5, 1.33858E-03 
67.5, -148.5, 1.21377E-03 
76.5, -148.5, 3.28192E-04 
85.5, -148.5, 2.91673E-04 
94.5, -148.5, 1.06123E-04 
103.5, -148.5, 0.00000E+00 
112.5, -148.5, 0.00000E+00 
121.5, -148.5, 0.00000E+00 
130.5, -148.5, 0.00000E+00 
139.5, -148.5, 0.00000E+00 
148.5, -148.5, 0.00000E+00 
157.5, -148.5, 0.00000E+00 
166.5, -148.5, 0.00000E+00 
175.5, -148.5, 3.95570E-04 
-175.5, -157.5, 5.46075E-03 
-166.5, -157.5, 3.66906E-02 
-157.5, -157.5, 1.12182E-01 
-148.5, -157.5, 2.35127E-01 
-139.5, -157.5, 4.28044E-01 
-130.5, -157.5, 5.94767E-01 
-121.5, -157.5, 6.55025E-01 
-112.5, -157.5, 4.36302E-01 
-103.5, -157.5, 2.23597E-01 
-94.5, -157.5, 1.07164E-01 
-85.5, -157.5, 4.63104E-02 
-76.5, -157.5, 1.77495E-02 
-67.5, -157.5, 6.83177E-03 
-58.5, -157.5, 5.18135E-03 
-49.5, -157.5, 0.00000E+00 
-40.5, -157.5, 0.00000E+00 
-31.5, -157.5, 0.00000E+00 
-22.5, -157.5, 0.00000E+00 
-13.5, -157.5, 0.00000E+00 
-4.5, -157.5, 0.00000E+00 
4.5, -157.5, 0.00000E+00 
13.5, -157.5, 0.00000E+00 
22.5, -157.5, 0.00000E+00 
31.5, -157.5, 4.34783E-02 
40.5, -157.5, 1.00575E-02 
49.5, -157.5, 4.39939E-03 
58.5, -157.5, 3.69592E-03 
67.5, -157.5, 2.30769E-03 
76.5, -157.5, 1.68259E-03 
85.5, -157.5, 8.26198E-04 
94.5, -157.5, 3.34299E-04 
103.5, -157.5, 0.00000E+00 
112.5, -157.5, 0.00000E+00 
121.5, -157.5, 0.00000E+00 
130.5, -157.5, 0.00000E+00 
139.5, -157.5, 0.00000E+00 
148.5, -157.5, 0.00000E+00 
157.5, -157.5, 0.00000E+00 
166.5, -157.5, 0.00000E+00 
175.5, -157.5, 2.15332E-03 
-175.5, -166.5, 1.09524E-02 
-166.5, -166.5, 6.63738E-02 
-157.5, -166.5, 2.05998E-01 
-148.5, -166.5, 4.42025E-01 
-139.5, -166.5, 8.33521E-01 
-130.5, -166.5, 1.08832E+00 
-121.5, -166.5, 1.06727E+00 
-112.5, -166.5, 6.33389E-01 
-103.5, -166.5, 3.40352E-01 
-94.5, -166.5, 1.58291E-01 
-85.5, -166.5, 8.32150E-02 
-76.5, -166.5, 5.18057E-02 
-67.5, -166.5, 2.85326E-02 
-58.5, -166.5, 6.97674E-03 
-49.5, -166.5, 0.00000E+00 
-40.5, -166.5, 0.00000E+00 
-31.5, -166.5, 0.00000E+00 
-22.5, -166.5, 0.00000E+00 
-13.5, -166.5, 0.00000E+00 
-4.5, -166.5, 0.00000E+00 
4.5, -166.5, 0.00000E+00 
13.5, -166.5, 0.00000E+00 
22.5, -166.5, 0.00000E+00 
31.5, -166.5, 2.50000E-01 
40.5, -166.5, 6.89655E-02 
49.5, -166.5, 3.02613E-02 
58.5, -166.5, 1.44215E-02 
67.5, -166.5, 8.26373E-03 
76.5, -166.5, 4.72574E-03 
85.5, -166.5, 1.02229E-03 
94.5, -166.5, 4.45368E-04 
103.5, -166.5, 1.94628E-04 
112.5, -166.5, 0.00000E+00 
121.5, -166.5, 0.00000E+00 
130.5, -166.5, 0.00000E+00 
139.5, -166.5, 0.00000E+00 
148.5, -166.5, 0.00000E+00 
157.5, -166.5, 0.00000E+00 
166.5, -166.5, 0.00000E+00 
175.5, -166.5, 3.39147E-03 
-175.5, -175.5, 3.24036E-02 
-166.5, -175.5, 1.37132E-01 
-157.5, -175.5, 4.06079E-01 
-148.5, -175.5, 1.00044E+00 
-139.5, -175.5, 1.69921E+00 
-130.5, -175.5, 2.14638E+00 
-121.5, -175.5, 1.94618E+00 
-112.5, -175.5, 1.27706E+00 
-103.5, -175.5, 6.61560E-01 
-94.5, -175.5, 3.00466E-01 
-85.5, -175.5, 1.81234E-01 
-76.5, -175.5, 1.08917E-01 
-67.5, -175.5, 8.53524E-02 
-58.5, -175.5, 6.08974E-02 
-49.5, -175.5, -1.04167E-02 
-40.5, -175.5, 0.00000E+00 
-31.5, -175.5, 0.00000E+00 
-22.5, -175.5, 0.00000E+00 
-13.5, -175.5, 0.00000E+00 
-4.5, -175.5, 0.00000E+00 
4.5, -175.5, 0.00000E+00 
13.5, -175.5, 0.00000E+00 
22.5, -175.5, 0.00000E+00 
31.5, -175.5, 0.00000E+00 
40.5, -175.5, 5.71429E-01 
49.5, -175.5, 1.17647E-01 
58.5, -175.5, 5.13577E-02 
67.5, -175.5, 2.63761E-02 
76.5, -175.5, 1.01523E-02 
85.5, -175.5, 3.03230E-03 
94.5, -175.5, 1.45852E-03 
103.5, -175.5, 0.00000E+00 
112.5, -175.5, 0.00000E+00 
121.5, -175.5, 0.00000E+00 
130.5, -175.5, 0.00000E+00 
139.5, -175.5, 0.00000E+00 
148.5, -175.5, 0.00000E+00 
157.5, -175.5, 0.00000E+00 
166.5, -175.5, 0.00000E+00 
175.5, -175.5, 4.43727E-03 
