x, y, probability density 
-175.5, 175.5, 5.64744E-02 
-166.5, 175.5, 2.22490E-01 
-157.5, 175.5, 3.78603E-01 
-148.5, 175.5, 4.17025E-01 
-139.5, 175.5, 6.47959E-01 
-130.5, 175.5, 1.00237E+00 
-121.5, 175.5, 1.21385E+00 
-112.5, 175.5, 1.17474E+00 
-103.5, 175.5, 8.08944E-01 
-94.5, 175.5, 5.34913E-01 
-85.5, 175.5, 4.07647E-01 
-76.5, 175.5, 3.49112E-01 
-67.5, 175.5, 3.40787E-01 
-58.5, 175.5, 2.99292E-01 
-49.5, 175.5, 2.19814E-01 
-40.5, 175.5, 0.00000E+00 
-31.5, 175.5, 0.00000E+00 
-22.5, 175.5, 0.00000E+00 
-13.5, 175.5, 0.00000E+00 
-4.5, 175.5, 0.00000E+00 
4.5, 175.5, 0.00000E+00 
13.5, 175.5, 0.00000E+00 
22.5, 175.5, 0.00000E+00 
31.5, 175.5, 0.00000E+00 
40.5, 175.5, 3.33333E-01 
49.5, 175.5, -2.08333E-02 
58.5, 175.5, 2.24359E-02 
67.5, 175.5, 1.62445E-02 
76.5, 175.5, 2.94768E-03 
85.5, 175.5, 5.71265E-04 
94.5, 175.5, 3.72787E-04 
103.5, 175.5, 0.00000E+00 
112.5, 175.5, 0.00000E+00 
121.5, 175.5, 0.00000E+00 
130.5, 175.5, 0.00000E+00 
139.5, 175.5, 0.00000E+00 
148.5, 175.5, 0.00000E+00 
157.5, 175.5, 0.00000E+00 
166.5, 175.5, 7.85855E-04 
175.5, 175.5, 4.92207E-03 
-175.5, 166.5, 1.21124E-01 
-166.5, 166.5, 2.66788E-01 
-157.5, 166.5, 3.99301E-01 
-148.5, 166.5, 4.60948E-01 
-139.5, 166.5, 6.77646E-01 
-130.5, 166.5, 9.47858E-01 
-121.5, 166.5, 9.92908E-01 
-112.5, 166.5, 1.18446E+00 
-103.5, 166.5, 1.03387E+00 
-94.5, 166.5, 8.13242E-01 
-85.5, 166.5, 6.07033E-01 
-76.5, 166.5, 5.58312E-01 
-67.5, 166.5, 4.43931E-01 
-58.5, 166.5, 3.41855E-01 
-49.5, 166.5, 3.10867E-01 
-40.5, 166.5, 1.72414E-01 
-31.5, 166.5, 0.00000E+00 
-22.5, 166.5, 0.00000E+00 
-13.5, 166.5, 0.00000E+00 
-4.5, 166.5, 0.00000E+00 
4.5, 166.5, 0.00000E+00 
13.5, 166.5, 0.00000E+00 
22.5, 166.5, 0.00000E+00 
31.5, 166.5, 0.00000E+00 
40.5, 166.5, 0.00000E+00 
49.5, 166.5, 1.02564E-01 
58.5, 166.5, 4.18605E-02 
67.5, 166.5, 1.81159E-02 
76.5, 166.5, 3.65434E-03 
85.5, 166.5, 1.95174E-03 
94.5, 166.5, 4.42772E-04 
103.5, 166.5, 0.00000E+00 
112.5, 166.5, 0.00000E+00 
121.5, 166.5, 0.00000E+00 
130.5, 166.5, 0.00000E+00 
139.5, 166.5, 0.00000E+00 
148.5, 166.5, 0.00000E+00 
157.5, 166.5, 0.00000E+00 
166.5, 166.5, 9.76086E-04 
175.5, 166.5, 1.61905E-02 
-175.5, 157.5, 1.73127E-01 
-166.5, 157.5, 2.28735E-01 
-157.5, 157.5, 3.67877E-01 
-148.5, 157.5, 5.50063E-01 
-139.5, 157.5, 6.91252E-01 
-130.5, 157.5, 8.64120E-01 
-121.5, 157.5, 8.62040E-01 
-112.5, 157.5, 9.94248E-01 
-103.5, 157.5, 1.05387E+00 
-94.5, 157.5, 8.75418E-01 
-85.5, 157.5, 7.35166E-01 
-76.5, 157.5, 6.19084E-01 
-67.5, 157.5, 4.56109E-01 
-58.5, 157.5, 3.46715E-01 
-49.5, 157.5, 2.71614E-01 
-40.5, 157.5, 2.70115E-01 
-31.5, 157.5, 2.17391E-01 
-22.5, 157.5, 1.00000E+00 
-13.5, 157.5, 0.00000E+00 
-4.5, 157.5, 0.00000E+00 
4.5, 157.5, 0.00000E+00 
13.5, 157.5, 0.00000E+00 
22.5, 157.5, 0.00000E+00 
31.5, 157.5, 0.00000E+00 
40.5, 157.5, 0.00000E+00 
49.5, 157.5, 0.00000E+00 
58.5, 157.5, 1.65803E-01 
67.5, 157.5, 4.69684E-02 
76.5, 157.5, 6.69792E-03 
85.5, 157.5, 1.52672E-03 
94.5, 157.5, 8.95522E-04 
103.5, 157.5, 0.00000E+00 
112.5, 157.5, 0.00000E+00 
121.5, 157.5, 0.00000E+00 
130.5, 157.5, 0.00000E+00 
139.5, 157.5, 0.00000E+00 
148.5, 157.5, 0.00000E+00 
157.5, 157.5, 0.00000E+00 
166.5, 157.5, 1.43885E-03 
175.5, 157.5, 2.73038E-02 
-175.5, 148.5, 1.28165E-01 
-166.5, 148.5, 2.17470E-01 
-157.5, 148.5, 3.46078E-01 
-148.5, 148.5, 5.45391E-01 
-139.5, 148.5, 6.37795E-01 
-130.5, 148.5, 6.41148E-01 
-121.5, 148.5, 6.74386E-01 
-112.5, 148.5, 7.58621E-01 
-103.5, 148.5, 8.80585E-01 
-94.5, 148.5, 9.33673E-01 
-85.5, 148.5, 8.11142E-01 
-76.5, 148.5, 6.53805E-01 
-67.5, 148.5, 5.09139E-01 
-58.5, 148.5, 3.95800E-01 
-49.5, 148.5, 3.33926E-01 
-40.5, 148.5, 2.61398E-01 
-31.5, 148.5, 3.44444E-01 
-22.5, 148.5, 2.00000E-01 
-13.5, 148.5, 0.00000E+00 
-4.5, 148.5, 0.00000E+00 
4.5, 148.5, 0.00000E+00 
13.5, 148.5, 0.00000E+00 
22.5, 148.5, 0.00000E+00 
31.5, 148.5, 0.00000E+00 
40.5, 148.5, 0.00000E+00 
49.5, 148.5, 2.00000E-01 
58.5, 148.5, 9.72222E-02 
67.5, 148.5, 7.43802E-02 
76.5, 148.5, 2.59349E-02 
85.5, 148.5, -4.21053E-03 
94.5, 148.5, -1.30095E-03 
103.5, 148.5, 0.00000E+00 
112.5, 148.5, 0.00000E+00 
121.5, 148.5, 0.00000E+00 
130.5, 148.5, 0.00000E+00 
139.5, 148.5, 0.00000E+00 
148.5, 148.5, 0.00000E+00 
157.5, 148.5, 0.00000E+00 
166.5, 148.5, 0.00000E+00 
175.5, 148.5, 2.72823E-02 
-175.5, 139.5, 1.43519E-01 
-166.5, 139.5, 2.47666E-01 
-157.5, 139.5, 3.69841E-01 
-148.5, 139.5, 5.85231E-01 
-139.5, 139.5, 4.99599E-01 
-130.5, 139.5, 4.51812E-01 
-121.5, 139.5, 4.58695E-01 
-112.5, 139.5, 5.01618E-01 
-103.5, 139.5, 5.52167E-01 
-94.5, 139.5, 6.38403E-01 
-85.5, 139.5, 6.69634E-01 
-76.5, 139.5, 7.21977E-01 
-67.5, 139.5, 6.17877E-01 
-58.5, 139.5, 4.70541E-01 
-49.5, 139.5, 3.87686E-01 
-40.5, 139.5, 3.49556E-01 
-31.5, 139.5, 3.22917E-01 
-22.5, 139.5, 2.00000E-01 
-13.5, 139.5, 0.00000E+00 
-4.5, 139.5, 0.00000E+00 
4.5, 139.5, 0.00000E+00 
13.5, 139.5, 0.00000E+00 
22.5, 139.5, 0.00000E+00 
31.5, 139.5, 0.00000E+00 
40.5, 139.5, 0.00000E+00 
49.5, 139.5, 0.00000E+00 
58.5, 139.5, 2.25000E-01 
67.5, 139.5, 1.02941E-01 
76.5, 139.5, 2.65380E-02 
85.5, 139.5, 7.98838E-03 
94.5, 139.5, -2.98285E-03 
103.5, 139.5, 1.90658E-03 
112.5, 139.5, 0.00000E+00 
121.5, 139.5, 0.00000E+00 
130.5, 139.5, 0.00000E+00 
139.5, 139.5, 0.00000E+00 
148.5, 139.5, 0.00000E+00 
157.5, 139.5, 0.00000E+00 
166.5, 139.5, 3.65631E-03 
175.5, 139.5, 8.48708E-02 
-175.5, 130.5, 1.96347E-01 
-166.5, 130.5, 2.68024E-01 
-157.5, 130.5, 4.31282E-01 
-148.5, 130.5, 5.24357E-01 
-139.5, 130.5, 3.42404E-01 
-130.5, 130.5, 3.35785E-01 
-121.5, 130.5, 3.34008E-01 
-112.5, 130.5, 3.60063E-01 
-103.5, 130.5, 3.99920E-01 
-94.5, 130.5, 4.53434E-01 
-85.5, 130.5, 4.86747E-01 
-76.5, 130.5, 5.31513E-01 
-67.5, 130.5, 6.32048E-01 
-58.5, 130.5, 5.87890E-01 
-49.5, 130.5, 4.69967E-01 
-40.5, 130.5, 4.18958E-01 
-31.5, 130.5, 3.63281E-01 
-22.5, 130.5, 4.57143E-01 
-13.5, 130.5, 5.00000E-01 
-4.5, 130.5, 0.00000E+00 
4.5, 130.5, 0.00000E+00 
13.5, 130.5, 0.00000E+00 
22.5, 130.5, 0.00000E+00 
31.5, 130.5, 0.00000E+00 
40.5, 130.5, 0.00000E+00 
49.5, 130.5, 2.50000E-01 
58.5, 130.5, 1.42857E-01 
67.5, 130.5, 1.30435E-01 
76.5, 130.5, 2.72109E-02 
85.5, 130.5, 4.43131E-03 
94.5, 130.5, -2.51256E-03 
103.5, 130.5, 0.00000E+00 
112.5, 130.5, 0.00000E+00 
121.5, 130.5, 0.00000E+00 
130.5, 130.5, 0.00000E+00 
139.5, 130.5, 0.00000E+00 
148.5, 130.5, 0.00000E+00 
157.5, 130.5, 0.00000E+00 
166.5, 130.5, 6.77966E-03 
175.5, 130.5, 6.16438E-02 
-175.5, 121.5, 2.07048E-01 
-166.5, 121.5, 2.66667E-01 
-157.5, 121.5, 3.68310E-01 
-148.5, 121.5, 5.33950E-01 
-139.5, 121.5, 3.32521E-01 
-130.5, 121.5, 2.92634E-01 
-121.5, 121.5, 2.87003E-01 
-112.5, 121.5, 3.03639E-01 
-103.5, 121.5, 3.56905E-01 
-94.5, 121.5, 3.71818E-01 
-85.5, 121.5, 4.03008E-01 
-76.5, 121.5, 4.58248E-01 
-67.5, 121.5, 5.50504E-01 
-58.5, 121.5, 6.59960E-01 
-49.5, 121.5, 6.28342E-01 
-40.5, 121.5, 4.75706E-01 
-31.5, 121.5, 5.42169E-01 
-22.5, 121.5, 7.14286E-01 
-13.5, 121.5, 4.61538E-01 
-4.5, 121.5, 0.00000E+00 
4.5, 121.5, 0.00000E+00 
13.5, 121.5, 0.00000E+00 
22.5, 121.5, 0.00000E+00 
31.5, 121.5, 0.00000E+00 
40.5, 121.5, 0.00000E+00 
49.5, 121.5, 2.85714E-01 
58.5, 121.5, 4.25532E-02 
67.5, 121.5, 5.04202E-02 
76.5, 121.5, 3.50877E-02 
85.5, 121.5, 2.02020E-02 
94.5, 121.5, 4.86618E-03 
103.5, 121.5, 0.00000E+00 
112.5, 121.5, 0.00000E+00 
121.5, 121.5, 0.00000E+00 
130.5, 121.5, 0.00000E+00 
139.5, 121.5, 0.00000E+00 
148.5, 121.5, 0.00000E+00 
157.5, 121.5, 0.00000E+00 
166.5, 121.5, 0.00000E+00 
175.5, 121.5, 5.83942E-02 
-175.5, 112.5, 2.23077E-01 
-166.5, 112.5, 3.00349E-01 
-157.5, 112.5, 3.61892E-01 
-148.5, 112.5, 5.32110E-01 
-139.5, 112.5, 3.68000E-01 
-130.5, 112.5, 3.24007E-01 
-121.5, 112.5, 2.98470E-01 
-112.5, 112.5, 3.25216E-01 
-103.5, 112.5, 3.68047E-01 
-94.5, 112.5, 4.41092E-01 
-85.5, 112.5, 4.50356E-01 
-76.5, 112.5, 5.16718E-01 
-67.5, 112.5, 6.31927E-01 
-58.5, 112.5, 7.14318E-01 
-49.5, 112.5, 7.96394E-01 
-40.5, 112.5, 6.64103E-01 
-31.5, 112.5, 6.71233E-01 
-22.5, 112.5, 4.40000E-01 
-13.5, 112.5, 6.66667E-01 
-4.5, 112.5, 5.00000E-01 
4.5, 112.5, 0.00000E+00 
13.5, 112.5, 0.00000E+00 
22.5, 112.5, 0.00000E+00 
31.5, 112.5, 0.00000E+00 
40.5, 112.5, 0.00000E+00 
49.5, 112.5, 3.00000E-01 
58.5, 112.5, 1.31579E-01 
67.5, 112.5, 1.06383E-01 
76.5, 112.5, 9.55414E-02 
85.5, 112.5, 4.04858E-03 
94.5, 112.5, 8.65801E-03 
103.5, 112.5, 0.00000E+00 
112.5, 112.5, 0.00000E+00 
121.5, 112.5, 0.00000E+00 
130.5, 112.5, 0.00000E+00 
139.5, 112.5, 0.00000E+00 
148.5, 112.5, 0.00000E+00 
157.5, 112.5, 0.00000E+00 
166.5, 112.5, 2.77778E-02 
175.5, 112.5, 2.63158E-02 
-175.5, 103.5, 2.23684E-01 
-166.5, 103.5, 2.66667E-01 
-157.5, 103.5, 4.15430E-01 
-148.5, 103.5, 5.61295E-01 
-139.5, 103.5, 4.62185E-01 
-130.5, 103.5, 3.85777E-01 
-121.5, 103.5, 3.77218E-01 
-112.5, 103.5, 4.18766E-01 
-103.5, 103.5, 4.54212E-01 
-94.5, 103.5, 5.58860E-01 
-85.5, 103.5, 5.82736E-01 
-76.5, 103.5, 6.58860E-01 
-67.5, 103.5, 7.69016E-01 
-58.5, 103.5, 7.63666E-01 
-49.5, 103.5, 8.31325E-01 
-40.5, 103.5, 6.84588E-01 
-31.5, 103.5, 7.97753E-01 
-22.5, 103.5, 4.76190E-01 
-13.5, 103.5, 5.00000E-01 
-4.5, 103.5, 1.42857E-01 
4.5, 103.5, 3.33333E-01 
13.5, 103.5, 0.00000E+00 
22.5, 103.5, 0.00000E+00 
31.5, 103.5, 2.50000E-01 
40.5, 103.5, 7.69231E-02 
49.5, 103.5, 2.27273E-01 
58.5, 103.5, 9.67742E-02 
67.5, 103.5, 1.16402E-01 
76.5, 103.5, 2.13904E-02 
85.5, 103.5, -6.06061E-03 
94.5, 103.5, 1.25786E-02 
103.5, 103.5, 0.00000E+00 
112.5, 103.5, 0.00000E+00 
121.5, 103.5, 0.00000E+00 
130.5, 103.5, 0.00000E+00 
139.5, 103.5, 0.00000E+00 
148.5, 103.5, 0.00000E+00 
157.5, 103.5, 0.00000E+00 
166.5, 103.5, 0.00000E+00 
175.5, 103.5, 2.50000E-01 
-175.5, 94.5, 1.48649E-01 
-166.5, 94.5, 3.36735E-01 
-157.5, 94.5, 3.60963E-01 
-148.5, 94.5, 5.51464E-01 
-139.5, 94.5, 6.64105E-01 
-130.5, 94.5, 4.90659E-01 
-121.5, 94.5, 5.19563E-01 
-112.5, 94.5, 5.75150E-01 
-103.5, 94.5, 6.13599E-01 
-94.5, 94.5, 7.74407E-01 
-85.5, 94.5, 7.20231E-01 
-76.5, 94.5, 7.34261E-01 
-67.5, 94.5, 7.43961E-01 
-58.5, 94.5, 7.10784E-01 
-49.5, 94.5, 7.51825E-01 
-40.5, 94.5, 5.12195E-01 
-31.5, 94.5, 2.94118E-01 
-22.5, 94.5, 5.55556E-01 
-13.5, 94.5, 6.00000E-01 
-4.5, 94.5, 1.25000E-01 
4.5, 94.5, 1.25000E-01 
13.5, 94.5, 7.69231E-02 
22.5, 94.5, 1.71429E-01 
31.5, 94.5, 1.39535E-01 
40.5, 94.5, 3.44828E-02 
49.5, 94.5, 2.35294E-01 
58.5, 94.5, 1.52542E-01 
67.5, 94.5, 1.18421E-01 
76.5, 94.5, 1.03448E-01 
85.5, 94.5, -3.27869E-02 
94.5, 94.5, 1.88679E-02 
103.5, 94.5, 0.00000E+00 
112.5, 94.5, 0.00000E+00 
121.5, 94.5, 0.00000E+00 
130.5, 94.5, 0.00000E+00 
139.5, 94.5, 0.00000E+00 
148.5, 94.5, 0.00000E+00 
157.5, 94.5, 0.00000E+00 
166.5, 94.5, 0.00000E+00 
175.5, 94.5, 1.08108E-01 
-175.5, 85.5, 1.11111E-01 
-166.5, 85.5, 1.51961E-01 
-157.5, 85.5, 3.02632E-01 
-148.5, 85.5, 4.23800E-01 
-139.5, 85.5, 6.68508E-01 
-130.5, 85.5, 7.48563E-01 
-121.5, 85.5, 8.13284E-01 
-112.5, 85.5, 7.88825E-01 
-103.5, 85.5, 6.92629E-01 
-94.5, 85.5, 5.56219E-01 
-85.5, 85.5, 5.14098E-01 
-76.5, 85.5, 5.03932E-01 
-67.5, 85.5, 4.70652E-01 
-58.5, 85.5, 4.61538E-01 
-49.5, 85.5, 3.58491E-01 
-40.5, 85.5, 9.09091E-02 
-31.5, 85.5, 0.00000E+00 
-22.5, 85.5, 2.50000E-01 
-13.5, 85.5, 5.00000E-01 
-4.5, 85.5, 2.50000E-01 
4.5, 85.5, 3.75000E-01 
13.5, 85.5, 1.42857E-01 
22.5, 85.5, 3.58209E-01 
31.5, 85.5, 1.23457E-01 
40.5, 85.5, 2.16216E-01 
49.5, 85.5, 1.85393E-01 
58.5, 85.5, 1.31810E-01 
67.5, 85.5, 1.02041E-01 
76.5, 85.5, 1.11842E-01 
85.5, 85.5, -3.57143E-02 
94.5, 85.5, 1.63934E-02 
103.5, 85.5, 0.00000E+00 
112.5, 85.5, 0.00000E+00 
121.5, 85.5, 0.00000E+00 
130.5, 85.5, 0.00000E+00 
139.5, 85.5, 0.00000E+00 
148.5, 85.5, 0.00000E+00 
157.5, 85.5, 0.00000E+00 
166.5, 85.5, 6.89655E-02 
175.5, 85.5, 0.00000E+00 
-175.5, 76.5, 1.26582E-02 
-166.5, 76.5, 9.52381E-02 
-157.5, 76.5, 1.29094E-01 
-148.5, 76.5, 2.93423E-01 
-139.5, 76.5, 5.86806E-01 
-130.5, 76.5, 7.39910E-01 
-121.5, 76.5, 6.94986E-01 
-112.5, 76.5, 6.66172E-01 
-103.5, 76.5, 5.50781E-01 
-94.5, 76.5, 4.53982E-01 
-85.5, 76.5, 3.88502E-01 
-76.5, 76.5, 3.63636E-01 
-67.5, 76.5, 3.29472E-01 
-58.5, 76.5, 2.47312E-01 
-49.5, 76.5, 1.25000E-01 
-40.5, 76.5, 2.50000E-01 
-31.5, 76.5, 0.00000E+00 
-22.5, 76.5, 0.00000E+00 
-13.5, 76.5, 0.00000E+00 
-4.5, 76.5, 5.00000E-01 
4.5, 76.5, 4.00000E-01 
13.5, 76.5, 1.57895E-01 
22.5, 76.5, 1.48148E-01 
31.5, 76.5, 1.62393E-01 
40.5, 76.5, 2.17949E-01 
49.5, 76.5, 1.66485E-01 
58.5, 76.5, 1.26230E-01 
67.5, 76.5, 6.31164E-02 
76.5, 76.5, -1.79372E-02 
85.5, 76.5, 6.79612E-02 
94.5, 76.5, 0.00000E+00 
103.5, 76.5, 0.00000E+00 
112.5, 76.5, 0.00000E+00 
121.5, 76.5, 0.00000E+00 
130.5, 76.5, 0.00000E+00 
139.5, 76.5, 0.00000E+00 
148.5, 76.5, 0.00000E+00 
157.5, 76.5, 0.00000E+00 
166.5, 76.5, 0.00000E+00 
175.5, 76.5, 0.00000E+00 
-175.5, 67.5, 0.00000E+00 
-166.5, 67.5, 5.79151E-02 
-157.5, 67.5, 1.10039E-01 
-148.5, 67.5, 2.30047E-01 
-139.5, 67.5, 4.79199E-01 
-130.5, 67.5, 7.05460E-01 
-121.5, 67.5, 6.17380E-01 
-112.5, 67.5, 6.00000E-01 
-103.5, 67.5, 4.86518E-01 
-94.5, 67.5, 3.45633E-01 
-85.5, 67.5, 3.12432E-01 
-76.5, 67.5, 3.01854E-01 
-67.5, 67.5, 2.69231E-01 
-58.5, 67.5, 2.04918E-01 
-49.5, 67.5, 4.00000E-01 
-40.5, 67.5, 1.00000E+00 
-31.5, 67.5, 0.00000E+00 
-22.5, 67.5, 0.00000E+00 
-13.5, 67.5, 0.00000E+00 
-4.5, 67.5, 0.00000E+00 
4.5, 67.5, 0.00000E+00 
13.5, 67.5, 3.07692E-01 
22.5, 67.5, 9.37500E-02 
31.5, 67.5, 1.85792E-01 
40.5, 67.5, 1.24272E-01 
49.5, 67.5, 9.68444E-02 
58.5, 67.5, 3.22858E-02 
67.5, 67.5, -1.18203E-03 
76.5, 67.5, 1.17302E-02 
85.5, 67.5, 1.83824E-02 
94.5, 67.5, 0.00000E+00 
103.5, 67.5, 0.00000E+00 
112.5, 67.5, 0.00000E+00 
121.5, 67.5, 0.00000E+00 
130.5, 67.5, 0.00000E+00 
139.5, 67.5, 0.00000E+00 
148.5, 67.5, 0.00000E+00 
157.5, 67.5, 0.00000E+00 
166.5, 67.5, 0.00000E+00 
175.5, 67.5, 0.00000E+00 
-175.5, 58.5, 0.00000E+00 
-166.5, 58.5, 2.51046E-02 
-157.5, 58.5, 7.73810E-02 
-148.5, 58.5, 2.03757E-01 
-139.5, 58.5, 4.60383E-01 
-130.5, 58.5, 6.52019E-01 
-121.5, 58.5, 5.78675E-01 
-112.5, 58.5, 5.37455E-01 
-103.5, 58.5, 3.58749E-01 
-94.5, 58.5, 3.29558E-01 
-85.5, 58.5, 2.81579E-01 
-76.5, 58.5, 2.56122E-01 
-67.5, 58.5, 1.76580E-01 
-58.5, 58.5, 1.02041E-01 
-49.5, 58.5, 1.25000E-01 
-40.5, 58.5, 0.00000E+00 
-31.5, 58.5, 0.00000E+00 
-22.5, 58.5, 0.00000E+00 
-13.5, 58.5, 0.00000E+00 
-4.5, 58.5, 0.00000E+00 
4.5, 58.5, 0.00000E+00 
13.5, 58.5, 0.00000E+00 
22.5, 58.5, 1.08108E-01 
31.5, 58.5, 1.61290E-01 
40.5, 58.5, 8.57143E-02 
49.5, 58.5, 5.62882E-02 
58.5, 58.5, 2.99897E-02 
67.5, 58.5, 1.87500E-02 
76.5, 58.5, -7.34803E-03 
85.5, 58.5, -7.21501E-03 
94.5, 58.5, -1.61812E-03 
103.5, 58.5, 0.00000E+00 
112.5, 58.5, 0.00000E+00 
121.5, 58.5, 0.00000E+00 
130.5, 58.5, 0.00000E+00 
139.5, 58.5, 0.00000E+00 
148.5, 58.5, 0.00000E+00 
157.5, 58.5, 0.00000E+00 
166.5, 58.5, 0.00000E+00 
175.5, 58.5, 0.00000E+00 
-175.5, 49.5, 0.00000E+00 
-166.5, 49.5, 3.01205E-02 
-157.5, 49.5, 8.68486E-02 
-148.5, 49.5, 2.54576E-01 
-139.5, 49.5, 4.39675E-01 
-130.5, 49.5, 6.22222E-01 
-121.5, 49.5, 5.28668E-01 
-112.5, 49.5, 5.31250E-01 
-103.5, 49.5, 3.66087E-01 
-94.5, 49.5, 3.00984E-01 
-85.5, 49.5, 2.43616E-01 
-76.5, 49.5, 2.50791E-01 
-67.5, 49.5, 1.69860E-01 
-58.5, 49.5, 1.96850E-01 
-49.5, 49.5, 0.00000E+00 
-40.5, 49.5, 0.00000E+00 
-31.5, 49.5, 0.00000E+00 
-22.5, 49.5, 0.00000E+00 
-13.5, 49.5, 0.00000E+00 
-4.5, 49.5, 0.00000E+00 
4.5, 49.5, 0.00000E+00 
13.5, 49.5, 5.00000E-01 
22.5, 49.5, 3.33333E-01 
31.5, 49.5, 8.17121E-02 
40.5, 49.5, 5.74018E-02 
49.5, 49.5, 8.51393E-02 
58.5, 49.5, 5.55859E-02 
67.5, 49.5, 3.45382E-02 
76.5, 49.5, 5.71726E-03 
85.5, 49.5, 3.10849E-04 
94.5, 49.5, -4.43459E-04 
103.5, 49.5, 0.00000E+00 
112.5, 49.5, 0.00000E+00 
121.5, 49.5, 0.00000E+00 
130.5, 49.5, 0.00000E+00 
139.5, 49.5, 0.00000E+00 
148.5, 49.5, 0.00000E+00 
157.5, 49.5, 0.00000E+00 
166.5, 49.5, 0.00000E+00 
175.5, 49.5, 0.00000E+00 
-175.5, 40.5, 5.00000E-02 
-166.5, 40.5, 5.94059E-02 
-157.5, 40.5, 6.73401E-02 
-148.5, 40.5, 2.16667E-01 
-139.5, 40.5, 5.25114E-01 
-130.5, 40.5, 6.21663E-01 
-121.5, 40.5, 5.72534E-01 
-112.5, 40.5, 5.03775E-01 
-103.5, 40.5, 3.87686E-01 
-94.5, 40.5, 3.12268E-01 
-85.5, 40.5, 2.56510E-01 
-76.5, 40.5, 2.42424E-01 
-67.5, 40.5, 2.05298E-01 
-58.5, 40.5, 1.49606E-01 
-49.5, 40.5, 9.09091E-02 
-40.5, 40.5, 0.00000E+00 
-31.5, 40.5, 0.00000E+00 
-22.5, 40.5, 0.00000E+00 
-13.5, 40.5, 0.00000E+00 
-4.5, 40.5, 0.00000E+00 
4.5, 40.5, 0.00000E+00 
13.5, 40.5, 0.00000E+00 
22.5, 40.5, 0.00000E+00 
31.5, 40.5, 1.78947E-01 
40.5, 40.5, 8.61865E-02 
49.5, 40.5, 7.41430E-02 
58.5, 40.5, 6.05225E-02 
67.5, 40.5, 3.65477E-02 
76.5, 40.5, 1.13559E-02 
85.5, 40.5, -3.47343E-04 
94.5, 40.5, 5.19751E-04 
103.5, 40.5, 0.00000E+00 
112.5, 40.5, 0.00000E+00 
121.5, 40.5, 0.00000E+00 
130.5, 40.5, 0.00000E+00 
139.5, 40.5, 0.00000E+00 
148.5, 40.5, 0.00000E+00 
157.5, 40.5, 0.00000E+00 
166.5, 40.5, 0.00000E+00 
175.5, 40.5, 0.00000E+00 
-175.5, 31.5, 0.00000E+00 
-166.5, 31.5, 3.50877E-02 
-157.5, 31.5, 1.02273E-01 
-148.5, 31.5, 2.24490E-01 
-139.5, 31.5, 5.18744E-01 
-130.5, 31.5, 7.75148E-01 
-121.5, 31.5, 6.74619E-01 
-112.5, 31.5, 5.57443E-01 
-103.5, 31.5, 4.20725E-01 
-94.5, 31.5, 3.56581E-01 
-85.5, 31.5, 2.94448E-01 
-76.5, 31.5, 2.65886E-01 
-67.5, 31.5, 2.04301E-01 
-58.5, 31.5, 8.87574E-02 
-49.5, 31.5, -4.76190E-02 
-40.5, 31.5, 0.00000E+00 
-31.5, 31.5, 0.00000E+00 
-22.5, 31.5, 0.00000E+00 
-13.5, 31.5, 0.00000E+00 
-4.5, 31.5, 0.00000E+00 
4.5, 31.5, 0.00000E+00 
13.5, 31.5, 0.00000E+00 
22.5, 31.5, 0.00000E+00 
31.5, 31.5, 2.22222E-01 
40.5, 31.5, 6.34441E-02 
49.5, 31.5, 9.08231E-02 
58.5, 31.5, 7.41113E-02 
67.5, 31.5, 3.63134E-02 
76.5, 31.5, 7.54680E-03 
85.5, 31.5, 1.33027E-03 
94.5, 31.5, 3.52113E-04 
103.5, 31.5, 0.00000E+00 
112.5, 31.5, 0.00000E+00 
121.5, 31.5, 0.00000E+00 
130.5, 31.5, 0.00000E+00 
139.5, 31.5, 0.00000E+00 
148.5, 31.5, 0.00000E+00 
157.5, 31.5, 0.00000E+00 
166.5, 31.5, 0.00000E+00 
175.5, 31.5, 0.00000E+00 
-175.5, 22.5, 0.00000E+00 
-166.5, 22.5, 3.12500E-02 
-157.5, 22.5, 1.35922E-01 
-148.5, 22.5, 3.03150E-01 
-139.5, 22.5, 5.02402E-01 
-130.5, 22.5, 8.19253E-01 
-121.5, 22.5, 7.83385E-01 
-112.5, 22.5, 6.39754E-01 
-103.5, 22.5, 5.08839E-01 
-94.5, 22.5, 4.02245E-01 
-85.5, 22.5, 3.25529E-01 
-76.5, 22.5, 2.82799E-01 
-67.5, 22.5, 1.94942E-01 
-58.5, 22.5, 7.86517E-02 
-49.5, 22.5, 5.00000E-02 
-40.5, 22.5, 0.00000E+00 
-31.5, 22.5, 0.00000E+00 
-22.5, 22.5, 0.00000E+00 
-13.5, 22.5, 0.00000E+00 
-4.5, 22.5, 0.00000E+00 
4.5, 22.5, 0.00000E+00 
13.5, 22.5, 0.00000E+00 
22.5, 22.5, 0.00000E+00 
31.5, 22.5, 0.00000E+00 
40.5, 22.5, -1.59091E-01 
49.5, 22.5, 7.77989E-02 
58.5, 22.5, 9.35601E-02 
67.5, 22.5, 3.94864E-02 
76.5, 22.5, 1.09544E-02 
85.5, 22.5, 1.85632E-03 
94.5, 22.5, 5.33476E-04 
103.5, 22.5, 0.00000E+00 
112.5, 22.5, 0.00000E+00 
121.5, 22.5, 0.00000E+00 
130.5, 22.5, 0.00000E+00 
139.5, 22.5, 0.00000E+00 
148.5, 22.5, 0.00000E+00 
157.5, 22.5, 0.00000E+00 
166.5, 22.5, 0.00000E+00 
175.5, 22.5, 0.00000E+00 
-175.5, 13.5, 0.00000E+00 
-166.5, 13.5, 2.35294E-01 
-157.5, 13.5, 1.32743E-01 
-148.5, 13.5, 3.02139E-01 
-139.5, 13.5, 6.36364E-01 
-130.5, 13.5, 9.61011E-01 
-121.5, 13.5, 8.49073E-01 
-112.5, 13.5, 7.53466E-01 
-103.5, 13.5, 6.04198E-01 
-94.5, 13.5, 4.33762E-01 
-85.5, 13.5, 3.48596E-01 
-76.5, 13.5, 3.00891E-01 
-67.5, 13.5, 2.77167E-01 
-58.5, 13.5, 2.01581E-01 
-49.5, 13.5, 1.20000E-01 
-40.5, 13.5, 0.00000E+00 
-31.5, 13.5, 0.00000E+00 
-22.5, 13.5, 0.00000E+00 
-13.5, 13.5, 0.00000E+00 
-4.5, 13.5, 0.00000E+00 
4.5, 13.5, 0.00000E+00 
13.5, 13.5, 0.00000E+00 
22.5, 13.5, 0.00000E+00 
31.5, 13.5, 0.00000E+00 
40.5, 13.5, 9.52381E-02 
49.5, 13.5, 9.86842E-02 
58.5, 13.5, 7.83566E-02 
67.5, 13.5, 4.10700E-02 
76.5, 13.5, 1.22013E-02 
85.5, 13.5, 3.45438E-03 
94.5, 13.5, 2.12404E-04 
103.5, 13.5, 0.00000E+00 
112.5, 13.5, 0.00000E+00 
121.5, 13.5, 0.00000E+00 
130.5, 13.5, 0.00000E+00 
139.5, 13.5, 0.00000E+00 
148.5, 13.5, 0.00000E+00 
157.5, 13.5, 0.00000E+00 
166.5, 13.5, 0.00000E+00 
175.5, 13.5, 0.00000E+00 
-175.5, 4.5, 0.00000E+00 
-166.5, 4.5, 5.88235E-02 
-157.5, 4.5, 1.21622E-01 
-148.5, 4.5, 3.15589E-01 
-139.5, 4.5, 7.38636E-01 
-130.5, 4.5, 1.00000E+00 
-121.5, 4.5, 1.01753E+00 
-112.5, 4.5, 7.74418E-01 
-103.5, 4.5, 5.89247E-01 
-94.5, 4.5, 4.27325E-01 
-85.5, 4.5, 3.48922E-01 
-76.5, 4.5, 3.04008E-01 
-67.5, 4.5, 2.75009E-01 
-58.5, 4.5, 2.52336E-01 
-49.5, 4.5, -1.11111E-01 
-40.5, 4.5, 0.00000E+00 
-31.5, 4.5, 0.00000E+00 
-22.5, 4.5, 0.00000E+00 
-13.5, 4.5, 0.00000E+00 
-4.5, 4.5, 0.00000E+00 
4.5, 4.5, 0.00000E+00 
13.5, 4.5, 0.00000E+00 
22.5, 4.5, 0.00000E+00 
31.5, 4.5, 0.00000E+00 
40.5, 4.5, 3.33333E-01 
49.5, 4.5, 8.25688E-02 
58.5, 4.5, 5.54090E-02 
67.5, 4.5, 4.73146E-02 
76.5, 4.5, 1.23168E-02 
85.5, 4.5, 2.64864E-03 
94.5, 4.5, 0.00000E+00 
103.5, 4.5, 0.00000E+00 
112.5, 4.5, 0.00000E+00 
121.5, 4.5, 0.00000E+00 
130.5, 4.5, 0.00000E+00 
139.5, 4.5, 0.00000E+00 
148.5, 4.5, 0.00000E+00 
157.5, 4.5, 0.00000E+00 
166.5, 4.5, 0.00000E+00 
175.5, 4.5, 0.00000E+00 
-175.5, -4.5, 0.00000E+00 
-166.5, -4.5, 1.00000E-01 
-157.5, -4.5, 9.09091E-02 
-148.5, -4.5, 5.00000E-01 
-139.5, -4.5, 7.99373E-01 
-130.5, -4.5, 1.19547E+00 
-121.5, -4.5, 9.97054E-01 
-112.5, -4.5, 8.03017E-01 
-103.5, -4.5, 5.70055E-01 
-94.5, -4.5, 4.34013E-01 
-85.5, -4.5, 3.63047E-01 
-76.5, -4.5, 3.24697E-01 
-67.5, -4.5, 3.11168E-01 
-58.5, -4.5, 2.78804E-01 
-49.5, -4.5, 1.19266E-01 
-40.5, -4.5, 1.11111E-01 
-31.5, -4.5, 0.00000E+00 
-22.5, -4.5, 0.00000E+00 
-13.5, -4.5, 0.00000E+00 
-4.5, -4.5, 0.00000E+00 
4.5, -4.5, 0.00000E+00 
13.5, -4.5, 0.00000E+00 
22.5, -4.5, 0.00000E+00 
31.5, -4.5, 0.00000E+00 
40.5, -4.5, 1.66667E-01 
49.5, -4.5, -1.55556E-01 
58.5, -4.5, 1.10280E-01 
67.5, -4.5, 2.54707E-02 
76.5, -4.5, 1.15598E-02 
85.5, -4.5, 2.27015E-04 
94.5, -4.5, 2.29621E-04 
103.5, -4.5, 0.00000E+00 
112.5, -4.5, 0.00000E+00 
121.5, -4.5, 0.00000E+00 
130.5, -4.5, 0.00000E+00 
139.5, -4.5, 0.00000E+00 
148.5, -4.5, 0.00000E+00 
157.5, -4.5, 0.00000E+00 
166.5, -4.5, 0.00000E+00 
175.5, -4.5, 0.00000E+00 
-175.5, -13.5, 0.00000E+00 
-166.5, -13.5, 1.25000E-01 
-157.5, -13.5, 3.33333E-01 
-148.5, -13.5, 3.91753E-01 
-139.5, -13.5, 6.94215E-01 
-130.5, -13.5, 9.43798E-01 
-121.5, -13.5, 9.11332E-01 
-112.5, -13.5, 8.64916E-01 
-103.5, -13.5, 6.14537E-01 
-94.5, -13.5, 4.27995E-01 
-85.5, -13.5, 3.74842E-01 
-76.5, -13.5, 3.49941E-01 
-67.5, -13.5, 3.39908E-01 
-58.5, -13.5, 3.30792E-01 
-49.5, -13.5, 2.10526E-01 
-40.5, -13.5, 9.52381E-02 
-31.5, -13.5, 0.00000E+00 
-22.5, -13.5, 0.00000E+00 
-13.5, -13.5, 0.00000E+00 
-4.5, -13.5, 0.00000E+00 
4.5, -13.5, 0.00000E+00 
13.5, -13.5, 0.00000E+00 
22.5, -13.5, 0.00000E+00 
31.5, -13.5, 0.00000E+00 
40.5, -13.5, 0.00000E+00 
49.5, -13.5, 4.00000E-02 
58.5, -13.5, 3.95257E-03 
67.5, -13.5, 1.58730E-02 
76.5, -13.5, 1.20453E-03 
85.5, -13.5, 4.87092E-04 
94.5, -13.5, -7.38443E-04 
103.5, -13.5, 0.00000E+00 
112.5, -13.5, 0.00000E+00 
121.5, -13.5, 0.00000E+00 
130.5, -13.5, 0.00000E+00 
139.5, -13.5, 0.00000E+00 
148.5, -13.5, 0.00000E+00 
157.5, -13.5, 0.00000E+00 
166.5, -13.5, 0.00000E+00 
175.5, -13.5, 0.00000E+00 
-175.5, -22.5, 0.00000E+00 
-166.5, -22.5, 4.00000E-01 
-157.5, -22.5, 1.20000E-01 
-148.5, -22.5, 3.58209E-01 
-139.5, -22.5, 6.66667E-01 
-130.5, -22.5, 9.92042E-01 
-121.5, -22.5, 9.21618E-01 
-112.5, -22.5, 8.70385E-01 
-103.5, -22.5, 7.16615E-01 
-94.5, -22.5, 5.14270E-01 
-85.5, -22.5, 4.75218E-01 
-76.5, -22.5, 4.67718E-01 
-67.5, -22.5, 4.57464E-01 
-58.5, -22.5, 4.05589E-01 
-49.5, -22.5, 2.63757E-01 
-40.5, -22.5, 2.04545E-01 
-31.5, -22.5, 5.00000E-01 
-22.5, -22.5, 0.00000E+00 
-13.5, -22.5, 0.00000E+00 
-4.5, -22.5, 0.00000E+00 
4.5, -22.5, 0.00000E+00 
13.5, -22.5, 0.00000E+00 
22.5, -22.5, 0.00000E+00 
31.5, -22.5, 0.00000E+00 
40.5, -22.5, 0.00000E+00 
49.5, -22.5, 0.00000E+00 
58.5, -22.5, 1.12360E-01 
67.5, -22.5, 1.05374E-03 
76.5, -22.5, -2.18659E-03 
85.5, -22.5, 9.00495E-04 
94.5, -22.5, -7.74293E-04 
103.5, -22.5, 0.00000E+00 
112.5, -22.5, 0.00000E+00 
121.5, -22.5, 0.00000E+00 
130.5, -22.5, 0.00000E+00 
139.5, -22.5, 0.00000E+00 
148.5, -22.5, 0.00000E+00 
157.5, -22.5, 0.00000E+00 
166.5, -22.5, 0.00000E+00 
175.5, -22.5, 0.00000E+00 
-175.5, -31.5, 0.00000E+00 
-166.5, -31.5, 8.33333E-02 
-157.5, -31.5, 3.84615E-01 
-148.5, -31.5, 6.56716E-01 
-139.5, -31.5, 8.35616E-01 
-130.5, -31.5, 9.11504E-01 
-121.5, -31.5, 9.45926E-01 
-112.5, -31.5, 9.44059E-01 
-103.5, -31.5, 9.23659E-01 
-94.5, -31.5, 7.16197E-01 
-85.5, -31.5, 6.81945E-01 
-76.5, -31.5, 7.28903E-01 
-67.5, -31.5, 7.33489E-01 
-58.5, -31.5, 6.30785E-01 
-49.5, -31.5, 4.10596E-01 
-40.5, -31.5, 2.74924E-01 
-31.5, -31.5, 0.00000E+00 
-22.5, -31.5, 0.00000E+00 
-13.5, -31.5, 0.00000E+00 
-4.5, -31.5, 0.00000E+00 
4.5, -31.5, 0.00000E+00 
13.5, -31.5, 0.00000E+00 
22.5, -31.5, 0.00000E+00 
31.5, -31.5, 0.00000E+00 
40.5, -31.5, 0.00000E+00 
49.5, -31.5, 1.42857E-01 
58.5, -31.5, 7.69231E-02 
67.5, -31.5, 3.49462E-02 
76.5, -31.5, -4.18060E-03 
85.5, -31.5, -4.48682E-03 
94.5, -31.5, -5.24384E-04 
103.5, -31.5, 0.00000E+00 
112.5, -31.5, 0.00000E+00 
121.5, -31.5, 0.00000E+00 
130.5, -31.5, 0.00000E+00 
139.5, -31.5, 0.00000E+00 
148.5, -31.5, 0.00000E+00 
157.5, -31.5, 0.00000E+00 
166.5, -31.5, 0.00000E+00 
175.5, -31.5, 0.00000E+00 
-175.5, -40.5, 7.40741E-02 
-166.5, -40.5, 5.00000E-01 
-157.5, -40.5, 6.07143E-01 
-148.5, -40.5, 8.70968E-01 
-139.5, -40.5, 1.04412E+00 
-130.5, -40.5, 9.81595E-01 
-121.5, -40.5, 9.42598E-01 
-112.5, -40.5, 1.02602E+00 
-103.5, -40.5, 1.17966E+00 
-94.5, -40.5, 9.93763E-01 
-85.5, -40.5, 9.97569E-01 
-76.5, -40.5, 1.08838E+00 
-67.5, -40.5, 1.15209E+00 
-58.5, -40.5, 9.02320E-01 
-49.5, -40.5, 5.01993E-01 
-40.5, -40.5, 3.27037E-01 
-31.5, -40.5, 1.57895E-01 
-22.5, -40.5, 6.66667E-01 
-13.5, -40.5, 0.00000E+00 
-4.5, -40.5, 0.00000E+00 
4.5, -40.5, 0.00000E+00 
13.5, -40.5, 0.00000E+00 
22.5, -40.5, 0.00000E+00 
31.5, -40.5, 0.00000E+00 
40.5, -40.5, 0.00000E+00 
49.5, -40.5, 1.81818E-01 
58.5, -40.5, 1.65354E-01 
67.5, -40.5, 1.04636E-01 
76.5, -40.5, 5.05051E-03 
85.5, -40.5, -1.66205E-03 
94.5, -40.5, 0.00000E+00 
103.5, -40.5, 6.76590E-04 
112.5, -40.5, 0.00000E+00 
121.5, -40.5, 0.00000E+00 
130.5, -40.5, 0.00000E+00 
139.5, -40.5, 0.00000E+00 
148.5, -40.5, 0.00000E+00 
157.5, -40.5, 0.00000E+00 
166.5, -40.5, 0.00000E+00 
175.5, -40.5, 0.00000E+00 
-175.5, -49.5, 2.50000E-01 
-166.5, -49.5, 6.84211E-01 
-157.5, -49.5, 7.25000E-01 
-148.5, -49.5, 1.24590E+00 
-139.5, -49.5, 1.55238E+00 
-130.5, -49.5, 1.21293E+00 
-121.5, -49.5, 1.41542E+00 
-112.5, -49.5, 1.15189E+00 
-103.5, -49.5, 1.38634E+00 
-94.5, -49.5, 1.40266E+00 
-85.5, -49.5, 1.37177E+00 
-76.5, -49.5, 1.55094E+00 
-67.5, -49.5, 1.69719E+00 
-58.5, -49.5, 8.58210E-01 
-49.5, -49.5, 5.54696E-01 
-40.5, -49.5, 3.97281E-01 
-31.5, -49.5, 2.68482E-01 
-22.5, -49.5, 1.11111E-01 
-13.5, -49.5, 0.00000E+00 
-4.5, -49.5, 0.00000E+00 
4.5, -49.5, 0.00000E+00 
13.5, -49.5, 0.00000E+00 
22.5, -49.5, 0.00000E+00 
31.5, -49.5, 0.00000E+00 
40.5, -49.5, 0.00000E+00 
49.5, -49.5, 0.00000E+00 
58.5, -49.5, 1.81102E-01 
67.5, -49.5, 9.06769E-02 
76.5, -49.5, 5.53797E-03 
85.5, -49.5, 0.00000E+00 
94.5, -49.5, 0.00000E+00 
103.5, -49.5, 0.00000E+00 
112.5, -49.5, 0.00000E+00 
121.5, -49.5, 0.00000E+00 
130.5, -49.5, 0.00000E+00 
139.5, -49.5, 0.00000E+00 
148.5, -49.5, 0.00000E+00 
157.5, -49.5, 0.00000E+00 
166.5, -49.5, 0.00000E+00 
175.5, -49.5, 0.00000E+00 
-175.5, -58.5, 3.33333E-01 
-166.5, -58.5, 7.24138E-01 
-157.5, -58.5, 1.22000E+00 
-148.5, -58.5, 1.33333E+00 
-139.5, -58.5, 1.76166E+00 
-130.5, -58.5, 1.67647E+00 
-121.5, -58.5, 1.27189E+00 
-112.5, -58.5, 1.50588E+00 
-103.5, -58.5, 1.79793E+00 
-94.5, -58.5, 1.52265E+00 
-85.5, -58.5, 1.68398E+00 
-76.5, -58.5, 2.01536E+00 
-67.5, -58.5, 1.13672E+00 
-58.5, -58.5, 5.74974E-01 
-49.5, -58.5, 3.66356E-01 
-40.5, -58.5, 2.55749E-01 
-31.5, -58.5, 3.07918E-01 
-22.5, -58.5, 8.10811E-02 
-13.5, -58.5, 2.85714E-01 
-4.5, -58.5, 0.00000E+00 
4.5, -58.5, 0.00000E+00 
13.5, -58.5, 0.00000E+00 
22.5, -58.5, 0.00000E+00 
31.5, -58.5, 0.00000E+00 
40.5, -58.5, 0.00000E+00 
49.5, -58.5, 2.50000E-01 
58.5, -58.5, 1.83673E-01 
67.5, -58.5, 5.57621E-02 
76.5, -58.5, 1.25745E-02 
85.5, -58.5, 1.57895E-03 
94.5, -58.5, 3.53982E-04 
103.5, -58.5, 0.00000E+00 
112.5, -58.5, 0.00000E+00 
121.5, -58.5, 0.00000E+00 
130.5, -58.5, 0.00000E+00 
139.5, -58.5, 0.00000E+00 
148.5, -58.5, 0.00000E+00 
157.5, -58.5, 0.00000E+00 
166.5, -58.5, 0.00000E+00 
175.5, -58.5, 1.85185E-02 
-175.5, -67.5, 1.87500E-01 
-166.5, -67.5, 8.63636E-01 
-157.5, -67.5, 9.52381E-01 
-148.5, -67.5, 1.25373E+00 
-139.5, -67.5, 1.68493E+00 
-130.5, -67.5, 2.07477E+00 
-121.5, -67.5, 2.28671E+00 
-112.5, -67.5, 1.97790E+00 
-103.5, -67.5, 1.98378E+00 
-94.5, -67.5, 1.59498E+00 
-85.5, -67.5, 1.91176E+00 
-76.5, -67.5, 1.62463E+00 
-67.5, -67.5, 5.33097E-01 
-58.5, -67.5, 2.49247E-01 
-49.5, -67.5, 1.43634E-01 
-40.5, -67.5, 1.22330E-01 
-31.5, -67.5, 7.65027E-02 
-22.5, -67.5, 6.25000E-02 
-13.5, -67.5, 1.53846E-01 
-4.5, -67.5, 0.00000E+00 
4.5, -67.5, 0.00000E+00 
13.5, -67.5, 0.00000E+00 
22.5, -67.5, 0.00000E+00 
31.5, -67.5, 0.00000E+00 
40.5, -67.5, 0.00000E+00 
49.5, -67.5, 3.00000E-01 
58.5, -67.5, 7.37705E-02 
67.5, -67.5, 3.38462E-02 
76.5, -67.5, 5.79374E-03 
85.5, -67.5, 2.70270E-03 
94.5, -67.5, 0.00000E+00 
103.5, -67.5, 0.00000E+00 
112.5, -67.5, 0.00000E+00 
121.5, -67.5, 0.00000E+00 
130.5, -67.5, 0.00000E+00 
139.5, -67.5, 0.00000E+00 
148.5, -67.5, 0.00000E+00 
157.5, -67.5, 0.00000E+00 
166.5, -67.5, 0.00000E+00 
175.5, -67.5, 0.00000E+00 
-175.5, -76.5, 6.25000E-02 
-166.5, -76.5, 6.00000E-01 
-157.5, -76.5, 7.24138E-01 
-148.5, -76.5, 7.96296E-01 
-139.5, -76.5, 1.62745E+00 
-130.5, -76.5, 2.85455E+00 
-121.5, -76.5, 2.68571E+00 
-112.5, -76.5, 2.05102E+00 
-103.5, -76.5, 2.05263E+00 
-94.5, -76.5, 1.54054E+00 
-85.5, -76.5, 2.02913E+00 
-76.5, -76.5, 8.02691E-01 
-67.5, -76.5, 2.74162E-01 
-58.5, -76.5, 9.67213E-02 
-49.5, -76.5, 9.46681E-02 
-40.5, -76.5, 5.12821E-02 
-31.5, -76.5, 5.98291E-02 
-22.5, -76.5, 3.70370E-02 
-13.5, -76.5, 0.00000E+00 
-4.5, -76.5, 0.00000E+00 
4.5, -76.5, 0.00000E+00 
13.5, -76.5, 0.00000E+00 
22.5, -76.5, 0.00000E+00 
31.5, -76.5, 0.00000E+00 
40.5, -76.5, 2.50000E-01 
49.5, -76.5, 8.33333E-02 
58.5, -76.5, 4.83871E-02 
67.5, -76.5, 1.54440E-02 
76.5, -76.5, 1.88088E-03 
85.5, -76.5, 1.16144E-03 
94.5, -76.5, 0.00000E+00 
103.5, -76.5, 0.00000E+00 
112.5, -76.5, 0.00000E+00 
121.5, -76.5, 0.00000E+00 
130.5, -76.5, 0.00000E+00 
139.5, -76.5, 0.00000E+00 
148.5, -76.5, 0.00000E+00 
157.5, -76.5, 0.00000E+00 
166.5, -76.5, 0.00000E+00 
175.5, -76.5, 0.00000E+00 
-175.5, -85.5, 7.40741E-02 
-166.5, -85.5, 1.37931E-01 
-157.5, -85.5, 7.64706E-01 
-148.5, -85.5, 8.12500E-01 
-139.5, -85.5, 1.91176E+00 
-130.5, -85.5, 2.97436E+00 
-121.5, -85.5, 2.97619E+00 
-112.5, -85.5, 2.76471E+00 
-103.5, -85.5, 2.12121E+00 
-94.5, -85.5, 1.73770E+00 
-85.5, -85.5, 1.53571E+00 
-76.5, -85.5, 3.75000E-01 
-67.5, -85.5, 1.76871E-01 
-58.5, -85.5, 7.55712E-02 
-49.5, -85.5, 3.93258E-02 
-40.5, -85.5, 5.40541E-02 
-31.5, -85.5, 0.00000E+00 
-22.5, -85.5, 2.98507E-02 
-13.5, -85.5, 4.76190E-02 
-4.5, -85.5, 2.50000E-01 
4.5, -85.5, 0.00000E+00 
13.5, -85.5, 0.00000E+00 
22.5, -85.5, 2.50000E-01 
31.5, -85.5, 1.66667E-01 
40.5, -85.5, 9.09091E-02 
49.5, -85.5, 1.88679E-02 
58.5, -85.5, 5.86081E-02 
67.5, -85.5, 4.34783E-03 
76.5, -85.5, 6.55308E-04 
85.5, -85.5, 0.00000E+00 
94.5, -85.5, 0.00000E+00 
103.5, -85.5, 0.00000E+00 
112.5, -85.5, 0.00000E+00 
121.5, -85.5, 0.00000E+00 
130.5, -85.5, 0.00000E+00 
139.5, -85.5, 0.00000E+00 
148.5, -85.5, 0.00000E+00 
157.5, -85.5, 0.00000E+00 
166.5, -85.5, 0.00000E+00 
175.5, -85.5, 0.00000E+00 
-175.5, -94.5, 5.40541E-02 
-166.5, -94.5, 0.00000E+00 
-157.5, -94.5, 3.63636E-01 
-148.5, -94.5, 1.00000E+00 
-139.5, -94.5, 1.69697E+00 
-130.5, -94.5, 2.58333E+00 
-121.5, -94.5, 3.41860E+00 
-112.5, -94.5, 3.75000E+00 
-103.5, -94.5, 2.48421E+00 
-94.5, -94.5, 2.09434E+00 
-85.5, -94.5, 1.00000E+00 
-76.5, -94.5, 2.67241E-01 
-67.5, -94.5, 1.25000E-01 
-58.5, -94.5, 7.62712E-02 
-49.5, -94.5, 3.92157E-02 
-40.5, -94.5, 3.44828E-02 
-31.5, -94.5, 0.00000E+00 
-22.5, -94.5, 0.00000E+00 
-13.5, -94.5, 0.00000E+00 
-4.5, -94.5, 0.00000E+00 
4.5, -94.5, 0.00000E+00 
13.5, -94.5, 2.00000E-01 
22.5, -94.5, 1.11111E-01 
31.5, -94.5, 2.35294E-01 
40.5, -94.5, 7.31707E-02 
49.5, -94.5, 2.91971E-02 
58.5, -94.5, 3.18627E-02 
67.5, -94.5, 1.44928E-02 
76.5, -94.5, 7.32064E-04 
85.5, -94.5, 8.24063E-04 
94.5, -94.5, 0.00000E+00 
103.5, -94.5, 0.00000E+00 
112.5, -94.5, 0.00000E+00 
121.5, -94.5, 0.00000E+00 
130.5, -94.5, 0.00000E+00 
139.5, -94.5, 0.00000E+00 
148.5, -94.5, 0.00000E+00 
157.5, -94.5, 0.00000E+00 
166.5, -94.5, 0.00000E+00 
175.5, -94.5, 0.00000E+00 
-175.5, -103.5, 4.16667E-02 
-166.5, -103.5, 3.84615E-02 
-157.5, -103.5, 1.53846E-01 
-148.5, -103.5, 8.85246E-01 
-139.5, -103.5, 1.97059E+00 
-130.5, -103.5, 2.23077E+00 
-121.5, -103.5, 3.81818E+00 
-112.5, -103.5, 3.89899E+00 
-103.5, -103.5, 2.66667E+00 
-94.5, -103.5, 1.32075E+00 
-85.5, -103.5, 7.93939E-01 
-76.5, -103.5, 3.42246E-01 
-67.5, -103.5, 2.01058E-01 
-58.5, -103.5, 1.61290E-02 
-49.5, -103.5, 0.00000E+00 
-40.5, -103.5, 0.00000E+00 
-31.5, -103.5, 0.00000E+00 
-22.5, -103.5, 0.00000E+00 
-13.5, -103.5, 0.00000E+00 
-4.5, -103.5, 0.00000E+00 
4.5, -103.5, 0.00000E+00 
13.5, -103.5, 2.50000E-01 
22.5, -103.5, 1.42857E-01 
31.5, -103.5, 1.91011E-01 
40.5, -103.5, 8.24373E-02 
49.5, -103.5, 7.09505E-02 
58.5, -103.5, 4.44802E-02 
67.5, -103.5, 1.23043E-02 
76.5, -103.5, 1.76757E-03 
85.5, -103.5, 0.00000E+00 
94.5, -103.5, 0.00000E+00 
103.5, -103.5, 0.00000E+00 
112.5, -103.5, 0.00000E+00 
121.5, -103.5, 0.00000E+00 
130.5, -103.5, 0.00000E+00 
139.5, -103.5, 0.00000E+00 
148.5, -103.5, 0.00000E+00 
157.5, -103.5, 0.00000E+00 
166.5, -103.5, 0.00000E+00 
175.5, -103.5, 0.00000E+00 
-175.5, -112.5, 0.00000E+00 
-166.5, -112.5, 8.33333E-02 
-157.5, -112.5, 6.59341E-02 
-148.5, -112.5, 5.07937E-01 
-139.5, -112.5, 1.03659E+00 
-130.5, -112.5, 2.05102E+00 
-121.5, -112.5, 3.40000E+00 
-112.5, -112.5, 2.88889E+00 
-103.5, -112.5, 2.52514E+00 
-94.5, -112.5, 1.29004E+00 
-85.5, -112.5, 7.97571E-01 
-76.5, -112.5, 5.28662E-01 
-67.5, -112.5, 1.63121E-01 
-58.5, -112.5, 5.26316E-02 
-49.5, -112.5, 2.00000E-01 
-40.5, -112.5, 0.00000E+00 
-31.5, -112.5, 6.66667E-01 
-22.5, -112.5, 0.00000E+00 
-13.5, -112.5, 0.00000E+00 
-4.5, -112.5, 0.00000E+00 
4.5, -112.5, 0.00000E+00 
13.5, -112.5, 8.33333E-02 
22.5, -112.5, 1.20000E-01 
31.5, -112.5, 1.32420E-01 
40.5, -112.5, 9.48718E-02 
49.5, -112.5, 5.19618E-02 
58.5, -112.5, 2.48027E-02 
67.5, -112.5, 9.52255E-03 
76.5, -112.5, 2.28232E-03 
85.5, -112.5, 1.07484E-03 
94.5, -112.5, 0.00000E+00 
103.5, -112.5, 0.00000E+00 
112.5, -112.5, 0.00000E+00 
121.5, -112.5, 0.00000E+00 
130.5, -112.5, 0.00000E+00 
139.5, -112.5, 0.00000E+00 
148.5, -112.5, 0.00000E+00 
157.5, -112.5, 0.00000E+00 
166.5, -112.5, 0.00000E+00 
175.5, -112.5, 0.00000E+00 
-175.5, -121.5, 0.00000E+00 
-166.5, -121.5, 0.00000E+00 
-157.5, -121.5, 9.87654E-02 
-148.5, -121.5, 3.64583E-01 
-139.5, -121.5, 1.13084E+00 
-130.5, -121.5, 1.70470E+00 
-121.5, -121.5, 2.22222E+00 
-112.5, -121.5, 3.16529E+00 
-103.5, -121.5, 1.94268E+00 
-94.5, -121.5, 1.06083E+00 
-85.5, -121.5, 6.26263E-01 
-76.5, -121.5, 4.73684E-01 
-67.5, -121.5, 1.84874E-01 
-58.5, -121.5, 4.25532E-02 
-49.5, -121.5, 0.00000E+00 
-40.5, -121.5, 0.00000E+00 
-31.5, -121.5, 0.00000E+00 
-22.5, -121.5, 0.00000E+00 
-13.5, -121.5, 0.00000E+00 
-4.5, -121.5, 0.00000E+00 
4.5, -121.5, 0.00000E+00 
13.5, -121.5, 0.00000E+00 
22.5, -121.5, 0.00000E+00 
31.5, -121.5, 9.87952E-02 
40.5, -121.5, 8.02260E-02 
49.5, -121.5, 5.88235E-02 
58.5, -121.5, 2.53602E-02 
67.5, -121.5, 9.84518E-03 
76.5, -121.5, 3.39443E-03 
85.5, -121.5, 0.00000E+00 
94.5, -121.5, 0.00000E+00 
103.5, -121.5, 0.00000E+00 
112.5, -121.5, 0.00000E+00 
121.5, -121.5, 0.00000E+00 
130.5, -121.5, 0.00000E+00 
139.5, -121.5, 0.00000E+00 
148.5, -121.5, 0.00000E+00 
157.5, -121.5, 0.00000E+00 
166.5, -121.5, 0.00000E+00 
175.5, -121.5, 0.00000E+00 
-175.5, -130.5, 0.00000E+00 
-166.5, -130.5, 0.00000E+00 
-157.5, -130.5, 9.39597E-02 
-148.5, -130.5, 1.70886E-01 
-139.5, -130.5, 6.58824E-01 
-130.5, -130.5, 1.21198E+00 
-121.5, -130.5, 2.05340E+00 
-112.5, -130.5, 1.84416E+00 
-103.5, -130.5, 1.28597E+00 
-94.5, -130.5, 6.83417E-01 
-85.5, -130.5, 4.41654E-01 
-76.5, -130.5, 3.31066E-01 
-67.5, -130.5, 2.02899E-01 
-58.5, -130.5, 9.52381E-02 
-49.5, -130.5, 0.00000E+00 
-40.5, -130.5, 0.00000E+00 
-31.5, -130.5, 0.00000E+00 
-22.5, -130.5, 0.00000E+00 
-13.5, -130.5, 0.00000E+00 
-4.5, -130.5, 0.00000E+00 
4.5, -130.5, 0.00000E+00 
13.5, -130.5, 0.00000E+00 
22.5, -130.5, 1.14286E-01 
31.5, -130.5, 4.68750E-02 
40.5, -130.5, 4.70333E-02 
49.5, -130.5, 2.95636E-02 
58.5, -130.5, 2.37091E-02 
67.5, -130.5, 1.00149E-02 
76.5, -130.5, 3.16189E-03 
85.5, -130.5, 3.96589E-04 
94.5, -130.5, 1.75886E-04 
103.5, -130.5, 0.00000E+00 
112.5, -130.5, 0.00000E+00 
121.5, -130.5, 0.00000E+00 
130.5, -130.5, 0.00000E+00 
139.5, -130.5, 0.00000E+00 
148.5, -130.5, 0.00000E+00 
157.5, -130.5, 0.00000E+00 
166.5, -130.5, 0.00000E+00 
175.5, -130.5, 0.00000E+00 
-175.5, -139.5, 3.69004E-03 
-166.5, -139.5, 7.31261E-03 
-157.5, -139.5, 3.50877E-02 
-148.5, -139.5, 1.21864E-01 
-139.5, -139.5, 4.14035E-01 
-130.5, -139.5, 8.93761E-01 
-121.5, -139.5, 1.29375E+00 
-112.5, -139.5, 1.02922E+00 
-103.5, -139.5, 6.74929E-01 
-94.5, -139.5, 3.81805E-01 
-85.5, -139.5, 2.38925E-01 
-76.5, -139.5, 1.71291E-01 
-67.5, -139.5, 8.82353E-02 
-58.5, -139.5, 7.50000E-02 
-49.5, -139.5, 0.00000E+00 
-40.5, -139.5, 0.00000E+00 
-31.5, -139.5, 0.00000E+00 
-22.5, -139.5, 0.00000E+00 
-13.5, -139.5, 0.00000E+00 
-4.5, -139.5, 0.00000E+00 
4.5, -139.5, 0.00000E+00 
13.5, -139.5, 0.00000E+00 
22.5, -139.5, 1.00000E-01 
31.5, -139.5, 4.16667E-02 
40.5, -139.5, 1.74285E-02 
49.5, -139.5, 1.67304E-02 
58.5, -139.5, 1.23897E-02 
67.5, -139.5, 8.43358E-03 
76.5, -139.5, 3.54204E-03 
85.5, -139.5, 4.04613E-04 
94.5, -139.5, 7.03668E-04 
103.5, -139.5, 0.00000E+00 
112.5, -139.5, 0.00000E+00 
121.5, -139.5, 0.00000E+00 
130.5, -139.5, 0.00000E+00 
139.5, -139.5, 0.00000E+00 
148.5, -139.5, 0.00000E+00 
157.5, -139.5, 0.00000E+00 
166.5, -139.5, 0.00000E+00 
175.5, -139.5, 0.00000E+00 
-175.5, -148.5, 0.00000E+00 
-166.5, -148.5, 6.52174E-03 
-157.5, -148.5, 2.33546E-02 
-148.5, -148.5, 9.26554E-02 
-139.5, -148.5, 2.24401E-01 
-130.5, -148.5, 5.60687E-01 
-121.5, -148.5, 6.85942E-01 
-112.5, -148.5, 5.44594E-01 
-103.5, -148.5, 3.45266E-01 
-94.5, -148.5, 1.94709E-01 
-85.5, -148.5, 1.10316E-01 
-76.5, -148.5, 6.45356E-02 
-67.5, -148.5, 7.43802E-02 
-58.5, -148.5, 1.38889E-02 
-49.5, -148.5, 2.00000E-01 
-40.5, -148.5, 0.00000E+00 
-31.5, -148.5, 0.00000E+00 
-22.5, -148.5, 0.00000E+00 
-13.5, -148.5, 0.00000E+00 
-4.5, -148.5, 0.00000E+00 
4.5, -148.5, 0.00000E+00 
13.5, -148.5, 0.00000E+00 
22.5, -148.5, 0.00000E+00 
31.5, -148.5, 3.33333E-02 
40.5, -148.5, 2.02634E-03 
49.5, -148.5, 9.28120E-03 
58.5, -148.5, 6.19091E-03 
67.5, -148.5, 5.35485E-03 
76.5, -148.5, 2.10980E-03 
85.5, -148.5, 5.83345E-04 
94.5, -148.5, 0.00000E+00 
103.5, -148.5, 0.00000E+00 
112.5, -148.5, 0.00000E+00 
121.5, -148.5, 0.00000E+00 
130.5, -148.5, 0.00000E+00 
139.5, -148.5, 0.00000E+00 
148.5, -148.5, 0.00000E+00 
157.5, -148.5, 0.00000E+00 
166.5, -148.5, 0.00000E+00 
175.5, -148.5, 0.00000E+00 
-175.5, -157.5, 2.73038E-03 
-166.5, -157.5, 5.75540E-03 
-157.5, -157.5, 2.61528E-02 
-148.5, -157.5, 9.49008E-02 
-139.5, -157.5, 2.05166E-01 
-130.5, -157.5, 3.76238E-01 
-121.5, -157.5, 4.57591E-01 
-112.5, -157.5, 3.76550E-01 
-103.5, -157.5, 2.37624E-01 
-94.5, -157.5, 1.35821E-01 
-85.5, -157.5, 8.34606E-02 
-76.5, -157.5, 5.55928E-02 
-67.5, -157.5, 4.01366E-02 
-58.5, -157.5, 3.10881E-02 
-49.5, -157.5, 0.00000E+00 
-40.5, -157.5, 0.00000E+00 
-31.5, -157.5, 0.00000E+00 
-22.5, -157.5, 0.00000E+00 
-13.5, -157.5, 0.00000E+00 
-4.5, -157.5, 0.00000E+00 
4.5, -157.5, 0.00000E+00 
13.5, -157.5, 0.00000E+00 
22.5, -157.5, 0.00000E+00 
31.5, -157.5, 0.00000E+00 
40.5, -157.5, 1.43678E-02 
49.5, -157.5, 4.59067E-03 
58.5, -157.5, 5.67132E-03 
67.5, -157.5, 3.80090E-03 
76.5, -157.5, 1.95397E-03 
85.5, -157.5, 3.00436E-04 
94.5, -157.5, 0.00000E+00 
103.5, -157.5, 0.00000E+00 
112.5, -157.5, 0.00000E+00 
121.5, -157.5, 0.00000E+00 
130.5, -157.5, 0.00000E+00 
139.5, -157.5, 0.00000E+00 
148.5, -157.5, 0.00000E+00 
157.5, -157.5, 0.00000E+00 
166.5, -157.5, 0.00000E+00 
175.5, -157.5, 8.61326E-04 
-175.5, -166.5, 4.76190E-03 
-166.5, -166.5, 1.95217E-02 
-157.5, -166.5, 5.80138E-02 
-148.5, -166.5, 1.10380E-01 
-139.5, -166.5, 2.75591E-01 
-130.5, -166.5, 4.04695E-01 
-121.5, -166.5, 4.95763E-01 
-112.5, -166.5, 3.53188E-01 
-103.5, -166.5, 2.19987E-01 
-94.5, -166.5, 1.58070E-01 
-85.5, -166.5, 9.52803E-02 
-76.5, -166.5, 8.57696E-02 
-67.5, -166.5, 5.88768E-02 
-58.5, -166.5, 3.25581E-02 
-49.5, -166.5, 0.00000E+00 
-40.5, -166.5, 0.00000E+00 
-31.5, -166.5, 0.00000E+00 
-22.5, -166.5, 0.00000E+00 
-13.5, -166.5, 0.00000E+00 
-4.5, -166.5, 0.00000E+00 
4.5, -166.5, 0.00000E+00 
13.5, -166.5, 0.00000E+00 
22.5, -166.5, 0.00000E+00 
31.5, -166.5, 0.00000E+00 
40.5, -166.5, 0.00000E+00 
49.5, -166.5, 9.62861E-03 
58.5, -166.5, 1.04884E-02 
67.5, -166.5, 6.22001E-03 
76.5, -166.5, 2.86920E-03 
85.5, -166.5, 2.04457E-04 
94.5, -166.5, 0.00000E+00 
103.5, -166.5, 0.00000E+00 
112.5, -166.5, 0.00000E+00 
121.5, -166.5, 0.00000E+00 
130.5, -166.5, 0.00000E+00 
139.5, -166.5, 0.00000E+00 
148.5, -166.5, 0.00000E+00 
157.5, -166.5, 0.00000E+00 
166.5, -166.5, 0.00000E+00 
175.5, -166.5, 0.00000E+00 
-175.5, -175.5, 1.80476E-02 
-166.5, -175.5, 7.15128E-02 
-157.5, -175.5, 1.98396E-01 
-148.5, -175.5, 2.82695E-01 
-139.5, -175.5, 5.55996E-01 
-130.5, -175.5, 7.39280E-01 
-121.5, -175.5, 7.74315E-01 
-112.5, -175.5, 6.30460E-01 
-103.5, -175.5, 3.96100E-01 
-94.5, -175.5, 2.62815E-01 
-85.5, -175.5, 1.63382E-01 
-76.5, -175.5, 1.51216E-01 
-67.5, -175.5, 1.47852E-01 
-58.5, -175.5, 9.72222E-02 
-49.5, -175.5, 8.33333E-02 
-40.5, -175.5, 0.00000E+00 
-31.5, -175.5, 0.00000E+00 
-22.5, -175.5, 0.00000E+00 
-13.5, -175.5, 0.00000E+00 
-4.5, -175.5, 0.00000E+00 
4.5, -175.5, 0.00000E+00 
13.5, -175.5, 0.00000E+00 
22.5, -175.5, 0.00000E+00 
31.5, -175.5, 0.00000E+00 
40.5, -175.5, 0.00000E+00 
49.5, -175.5, 9.28793E-03 
58.5, -175.5, 3.24675E-02 
67.5, -175.5, 7.45413E-03 
76.5, -175.5, 2.41117E-03 
85.5, -175.5, 2.63678E-04 
94.5, -175.5, 0.00000E+00 
103.5, -175.5, 0.00000E+00 
112.5, -175.5, 0.00000E+00 
121.5, -175.5, 0.00000E+00 
130.5, -175.5, 0.00000E+00 
139.5, -175.5, 0.00000E+00 
148.5, -175.5, 0.00000E+00 
157.5, -175.5, 0.00000E+00 
166.5, -175.5, 8.03213E-04 
175.5, -175.5, 1.61355E-03 
