x, y, probability density 
-175.5, 175.5, 7.42235E-02 
-166.5, 175.5, 2.63454E-01 
-157.5, 175.5, 3.74760E-01 
-148.5, 175.5, 3.56289E-01 
-139.5, 175.5, 5.12755E-01 
-130.5, 175.5, 6.51839E-01 
-121.5, 175.5, 7.51199E-01 
-112.5, 175.5, 7.50367E-01 
-103.5, 175.5, 5.75715E-01 
-94.5, 175.5, 3.87603E-01 
-85.5, 175.5, 3.20897E-01 
-76.5, 175.5, 2.81599E-01 
-67.5, 175.5, 2.74274E-01 
-58.5, 175.5, 2.48524E-01 
-49.5, 175.5, 1.70279E-01 
-40.5, 175.5, 0.00000E+00 
-31.5, 175.5, 0.00000E+00 
-22.5, 175.5, 0.00000E+00 
-13.5, 175.5, 0.00000E+00 
-4.5, 175.5, 0.00000E+00 
4.5, 175.5, 0.00000E+00 
13.5, 175.5, 0.00000E+00 
22.5, 175.5, 0.00000E+00 
31.5, 175.5, 0.00000E+00 
40.5, 175.5, 0.00000E+00 
49.5, 175.5, 4.79167E-01 
58.5, 175.5, 1.97650E-01 
67.5, 175.5, 6.91079E-02 
76.5, 175.5, 1.70965E-02 
85.5, 175.5, 3.42759E-03 
94.5, 175.5, 0.00000E+00 
103.5, 175.5, 0.00000E+00 
112.5, 175.5, 0.00000E+00 
121.5, 175.5, 0.00000E+00 
130.5, 175.5, 0.00000E+00 
139.5, 175.5, 0.00000E+00 
148.5, 175.5, 0.00000E+00 
157.5, 175.5, 0.00000E+00 
166.5, 175.5, 1.57171E-03 
175.5, 175.5, 1.14848E-02 
-175.5, 166.5, 1.87984E-01 
-166.5, 166.5, 3.32577E-01 
-157.5, 166.5, 3.93583E-01 
-148.5, 166.5, 4.54033E-01 
-139.5, 166.5, 6.01512E-01 
-130.5, 166.5, 7.50466E-01 
-121.5, 166.5, 7.53063E-01 
-112.5, 166.5, 9.36196E-01 
-103.5, 166.5, 9.24484E-01 
-94.5, 166.5, 7.21200E-01 
-85.5, 166.5, 5.73502E-01 
-76.5, 166.5, 5.21013E-01 
-67.5, 166.5, 4.14786E-01 
-58.5, 166.5, 3.23173E-01 
-49.5, 166.5, 2.47593E-01 
-40.5, 166.5, 2.41379E-01 
-31.5, 166.5, 0.00000E+00 
-22.5, 166.5, 0.00000E+00 
-13.5, 166.5, 0.00000E+00 
-4.5, 166.5, 0.00000E+00 
4.5, 166.5, 0.00000E+00 
13.5, 166.5, 0.00000E+00 
22.5, 166.5, 0.00000E+00 
31.5, 166.5, 0.00000E+00 
40.5, 166.5, 0.00000E+00 
49.5, 166.5, 7.69231E-01 
58.5, 166.5, 4.51163E-01 
67.5, 166.5, 1.70290E-01 
76.5, 166.5, 4.75064E-02 
85.5, 166.5, 6.56494E-03 
94.5, 166.5, 2.65663E-03 
103.5, 166.5, 0.00000E+00 
112.5, 166.5, 0.00000E+00 
121.5, 166.5, 0.00000E+00 
130.5, 166.5, 0.00000E+00 
139.5, 166.5, 0.00000E+00 
148.5, 166.5, 0.00000E+00 
157.5, 166.5, 0.00000E+00 
166.5, 166.5, 0.00000E+00 
175.5, 166.5, 2.95238E-02 
-175.5, 157.5, 2.30835E-01 
-166.5, 157.5, 2.85843E-01 
-157.5, 157.5, 4.23102E-01 
-148.5, 157.5, 5.99708E-01 
-139.5, 157.5, 6.94632E-01 
-130.5, 157.5, 8.05469E-01 
-121.5, 157.5, 7.84281E-01 
-112.5, 157.5, 9.11159E-01 
-103.5, 157.5, 1.01519E+00 
-94.5, 157.5, 8.91687E-01 
-85.5, 157.5, 7.06324E-01 
-76.5, 157.5, 6.04103E-01 
-67.5, 157.5, 4.33846E-01 
-58.5, 157.5, 3.13197E-01 
-49.5, 157.5, 2.54017E-01 
-40.5, 157.5, 2.04023E-01 
-31.5, 157.5, 2.17391E-01 
-22.5, 157.5, 0.00000E+00 
-13.5, 157.5, 0.00000E+00 
-4.5, 157.5, 0.00000E+00 
4.5, 157.5, 0.00000E+00 
13.5, 157.5, 0.00000E+00 
22.5, 157.5, 0.00000E+00 
31.5, 157.5, 0.00000E+00 
40.5, 157.5, 0.00000E+00 
49.5, 157.5, 1.15385E+00 
58.5, 157.5, 1.10881E+00 
67.5, 157.5, 3.06576E-01 
76.5, 157.5, 7.70261E-02 
85.5, 157.5, 1.52672E-02 
94.5, 157.5, 1.49254E-03 
103.5, 157.5, 0.00000E+00 
112.5, 157.5, 0.00000E+00 
121.5, 157.5, 0.00000E+00 
130.5, 157.5, 0.00000E+00 
139.5, 157.5, 0.00000E+00 
148.5, 157.5, 0.00000E+00 
157.5, 157.5, 0.00000E+00 
166.5, 157.5, 8.63309E-03 
175.5, 157.5, 6.82594E-02 
-175.5, 148.5, 2.19146E-01 
-166.5, 148.5, 3.11799E-01 
-157.5, 148.5, 4.54406E-01 
-148.5, 148.5, 6.94451E-01 
-139.5, 148.5, 7.32476E-01 
-130.5, 148.5, 6.70186E-01 
-121.5, 148.5, 6.47755E-01 
-112.5, 148.5, 7.53150E-01 
-103.5, 148.5, 9.14703E-01 
-94.5, 148.5, 9.77820E-01 
-85.5, 148.5, 8.41768E-01 
-76.5, 148.5, 6.59337E-01 
-67.5, 148.5, 4.95645E-01 
-58.5, 148.5, 3.57400E-01 
-49.5, 148.5, 2.68167E-01 
-40.5, 148.5, 1.90476E-01 
-31.5, 148.5, 2.33333E-01 
-22.5, 148.5, 0.00000E+00 
-13.5, 148.5, 0.00000E+00 
-4.5, 148.5, 0.00000E+00 
4.5, 148.5, 0.00000E+00 
13.5, 148.5, 0.00000E+00 
22.5, 148.5, 0.00000E+00 
31.5, 148.5, 0.00000E+00 
40.5, 148.5, 0.00000E+00 
49.5, 148.5, 1.80000E+00 
58.5, 148.5, 9.16667E-01 
67.5, 148.5, 5.37190E-01 
76.5, 148.5, 1.62244E-01 
85.5, 148.5, 2.10526E-02 
94.5, 148.5, 4.77016E-03 
103.5, 148.5, 1.15473E-03 
112.5, 148.5, 0.00000E+00 
121.5, 148.5, 0.00000E+00 
130.5, 148.5, 0.00000E+00 
139.5, 148.5, 0.00000E+00 
148.5, 148.5, 0.00000E+00 
157.5, 148.5, 0.00000E+00 
166.5, 148.5, 4.34783E-03 
175.5, 148.5, 9.65373E-02 
-175.5, 139.5, 3.68056E-01 
-166.5, 139.5, 4.54869E-01 
-157.5, 139.5, 6.62333E-01 
-148.5, 139.5, 9.08913E-01 
-139.5, 139.5, 6.15785E-01 
-130.5, 139.5, 5.12103E-01 
-121.5, 139.5, 4.90908E-01 
-112.5, 139.5, 5.46103E-01 
-103.5, 139.5, 6.14841E-01 
-94.5, 139.5, 6.88715E-01 
-85.5, 139.5, 7.17648E-01 
-76.5, 139.5, 7.54891E-01 
-67.5, 139.5, 6.26953E-01 
-58.5, 139.5, 4.69293E-01 
-49.5, 139.5, 3.61359E-01 
-40.5, 139.5, 2.64716E-01 
-31.5, 139.5, 2.13542E-01 
-22.5, 139.5, 3.00000E-01 
-13.5, 139.5, 0.00000E+00 
-4.5, 139.5, 0.00000E+00 
4.5, 139.5, 0.00000E+00 
13.5, 139.5, 0.00000E+00 
22.5, 139.5, 0.00000E+00 
31.5, 139.5, 0.00000E+00 
40.5, 139.5, 0.00000E+00 
49.5, 139.5, 1.75000E+00 
58.5, 139.5, 1.32500E+00 
67.5, 139.5, 9.48529E-01 
76.5, 139.5, 2.79855E-01 
85.5, 139.5, 4.28468E-02 
94.5, 139.5, 0.00000E+00 
103.5, 139.5, 1.90658E-03 
112.5, 139.5, 0.00000E+00 
121.5, 139.5, 0.00000E+00 
130.5, 139.5, 0.00000E+00 
139.5, 139.5, 0.00000E+00 
148.5, 139.5, 0.00000E+00 
157.5, 139.5, 0.00000E+00 
166.5, 139.5, 2.55941E-02 
175.5, 139.5, 1.58672E-01 
-175.5, 130.5, 5.36530E-01 
-166.5, 130.5, 6.55640E-01 
-157.5, 130.5, 8.56239E-01 
-148.5, 130.5, 8.91085E-01 
-139.5, 130.5, 5.43303E-01 
-130.5, 130.5, 3.96538E-01 
-121.5, 130.5, 3.83966E-01 
-112.5, 130.5, 4.20788E-01 
-103.5, 130.5, 4.76645E-01 
-94.5, 130.5, 5.16401E-01 
-85.5, 130.5, 5.30637E-01 
-76.5, 130.5, 5.69562E-01 
-67.5, 130.5, 6.79301E-01 
-58.5, 130.5, 6.36829E-01 
-49.5, 130.5, 5.11966E-01 
-40.5, 130.5, 4.26194E-01 
-31.5, 130.5, 3.71094E-01 
-22.5, 130.5, 2.28571E-01 
-13.5, 130.5, 5.00000E-01 
-4.5, 130.5, 0.00000E+00 
4.5, 130.5, 0.00000E+00 
13.5, 130.5, 0.00000E+00 
22.5, 130.5, 0.00000E+00 
31.5, 130.5, 0.00000E+00 
40.5, 130.5, 1.00000E+00 
49.5, 130.5, 2.25000E+00 
58.5, 130.5, 1.95238E+00 
67.5, 130.5, 1.65217E+00 
76.5, 130.5, 4.17234E-01 
85.5, 130.5, 9.60118E-02 
94.5, 130.5, 1.00503E-02 
103.5, 130.5, 0.00000E+00 
112.5, 130.5, 0.00000E+00 
121.5, 130.5, 0.00000E+00 
130.5, 130.5, 0.00000E+00 
139.5, 130.5, 0.00000E+00 
148.5, 130.5, 0.00000E+00 
157.5, 130.5, 0.00000E+00 
166.5, 130.5, 1.35593E-02 
175.5, 130.5, 2.12329E-01 
-175.5, 121.5, 5.33040E-01 
-166.5, 121.5, 7.35531E-01 
-157.5, 121.5, 8.17531E-01 
-148.5, 121.5, 8.79488E-01 
-139.5, 121.5, 5.02786E-01 
-130.5, 121.5, 3.84992E-01 
-121.5, 121.5, 3.58457E-01 
-112.5, 121.5, 3.87704E-01 
-103.5, 121.5, 4.42669E-01 
-94.5, 121.5, 4.42045E-01 
-85.5, 121.5, 4.86583E-01 
-76.5, 121.5, 5.11202E-01 
-67.5, 121.5, 6.11228E-01 
-58.5, 121.5, 7.60210E-01 
-49.5, 121.5, 7.15686E-01 
-40.5, 121.5, 5.63842E-01 
-31.5, 121.5, 4.74699E-01 
-22.5, 121.5, 6.07143E-01 
-13.5, 121.5, 7.69231E-01 
-4.5, 121.5, 0.00000E+00 
4.5, 121.5, 0.00000E+00 
13.5, 121.5, 0.00000E+00 
22.5, 121.5, 0.00000E+00 
31.5, 121.5, 0.00000E+00 
40.5, 121.5, 1.50000E+00 
49.5, 121.5, 1.57143E+00 
58.5, 121.5, 2.00000E+00 
67.5, 121.5, 1.21008E+00 
76.5, 121.5, 6.75439E-01 
85.5, 121.5, 1.61616E-01 
94.5, 121.5, 2.43309E-02 
103.5, 121.5, 0.00000E+00 
112.5, 121.5, 0.00000E+00 
121.5, 121.5, 0.00000E+00 
130.5, 121.5, 0.00000E+00 
139.5, 121.5, 0.00000E+00 
148.5, 121.5, 0.00000E+00 
157.5, 121.5, 0.00000E+00 
166.5, 121.5, 1.40845E-02 
175.5, 121.5, 3.64964E-01 
-175.5, 112.5, 6.61538E-01 
-166.5, 112.5, 6.75204E-01 
-157.5, 112.5, 7.90953E-01 
-148.5, 112.5, 9.00162E-01 
-139.5, 112.5, 5.22857E-01 
-130.5, 112.5, 3.70965E-01 
-121.5, 112.5, 3.60756E-01 
-112.5, 112.5, 3.79291E-01 
-103.5, 112.5, 4.32742E-01 
-94.5, 112.5, 4.64799E-01 
-85.5, 112.5, 4.77227E-01 
-76.5, 112.5, 5.42280E-01 
-67.5, 112.5, 6.39598E-01 
-58.5, 112.5, 7.70688E-01 
-49.5, 112.5, 7.95334E-01 
-40.5, 112.5, 6.51282E-01 
-31.5, 112.5, 5.61644E-01 
-22.5, 112.5, 5.60000E-01 
-13.5, 112.5, 3.33333E-01 
-4.5, 112.5, 0.00000E+00 
4.5, 112.5, 2.00000E+00 
13.5, 112.5, 1.33333E+00 
22.5, 112.5, 0.00000E+00 
31.5, 112.5, 6.66667E-01 
40.5, 112.5, 6.66667E-01 
49.5, 112.5, 2.50000E+00 
58.5, 112.5, 1.36842E+00 
67.5, 112.5, 1.34043E+00 
76.5, 112.5, 8.85350E-01 
85.5, 112.5, 1.82186E-01 
94.5, 112.5, 6.92641E-02 
103.5, 112.5, 1.11732E-02 
112.5, 112.5, 0.00000E+00 
121.5, 112.5, 0.00000E+00 
130.5, 112.5, 0.00000E+00 
139.5, 112.5, 0.00000E+00 
148.5, 112.5, 0.00000E+00 
157.5, 112.5, 0.00000E+00 
166.5, 112.5, 0.00000E+00 
175.5, 112.5, 4.21053E-01 
-175.5, 103.5, 4.34211E-01 
-166.5, 103.5, 6.70370E-01 
-157.5, 103.5, 7.37883E-01 
-148.5, 103.5, 8.11103E-01 
-139.5, 103.5, 5.72362E-01 
-130.5, 103.5, 4.02140E-01 
-121.5, 103.5, 4.06983E-01 
-112.5, 103.5, 4.67254E-01 
-103.5, 103.5, 5.02831E-01 
-94.5, 103.5, 5.53903E-01 
-85.5, 103.5, 6.07470E-01 
-76.5, 103.5, 6.70349E-01 
-67.5, 103.5, 7.56152E-01 
-58.5, 103.5, 8.11897E-01 
-49.5, 103.5, 8.28648E-01 
-40.5, 103.5, 7.63441E-01 
-31.5, 103.5, 4.83146E-01 
-22.5, 103.5, 2.85714E-01 
-13.5, 103.5, 5.00000E-01 
-4.5, 103.5, 4.28571E-01 
4.5, 103.5, 6.66667E-01 
13.5, 103.5, 1.42857E-01 
22.5, 103.5, 4.00000E-01 
31.5, 103.5, 1.50000E+00 
40.5, 103.5, 1.15385E+00 
49.5, 103.5, 1.86364E+00 
58.5, 103.5, 1.58065E+00 
67.5, 103.5, 1.18519E+00 
76.5, 103.5, 6.84492E-01 
85.5, 103.5, 2.48485E-01 
94.5, 103.5, 2.51572E-02 
103.5, 103.5, 0.00000E+00 
112.5, 103.5, 0.00000E+00 
121.5, 103.5, 0.00000E+00 
130.5, 103.5, 0.00000E+00 
139.5, 103.5, 0.00000E+00 
148.5, 103.5, 0.00000E+00 
157.5, 103.5, 0.00000E+00 
166.5, 103.5, 3.84615E-02 
175.5, 103.5, 1.66667E-01 
-175.5, 94.5, 3.37838E-01 
-166.5, 94.5, 5.86735E-01 
-157.5, 94.5, 6.22995E-01 
-148.5, 94.5, 6.08121E-01 
-139.5, 94.5, 7.05611E-01 
-130.5, 94.5, 5.12291E-01 
-121.5, 94.5, 5.05005E-01 
-112.5, 94.5, 5.45090E-01 
-103.5, 94.5, 5.79326E-01 
-94.5, 94.5, 7.42416E-01 
-85.5, 94.5, 7.08694E-01 
-76.5, 94.5, 6.66911E-01 
-67.5, 94.5, 6.56039E-01 
-58.5, 94.5, 6.69118E-01 
-49.5, 94.5, 5.91241E-01 
-40.5, 94.5, 5.12195E-01 
-31.5, 94.5, 1.17647E-01 
-22.5, 94.5, 3.33333E-01 
-13.5, 94.5, 2.00000E-01 
-4.5, 94.5, 3.75000E-01 
4.5, 94.5, 2.50000E-01 
13.5, 94.5, 3.84615E-01 
22.5, 94.5, 6.28571E-01 
31.5, 94.5, 1.39535E+00 
40.5, 94.5, 1.89655E+00 
49.5, 94.5, 2.33333E+00 
58.5, 94.5, 1.39831E+00 
67.5, 94.5, 1.11184E+00 
76.5, 94.5, 6.29310E-01 
85.5, 94.5, 4.91803E-01 
94.5, 94.5, 1.88679E-02 
103.5, 94.5, 0.00000E+00 
112.5, 94.5, 0.00000E+00 
121.5, 94.5, 0.00000E+00 
130.5, 94.5, 0.00000E+00 
139.5, 94.5, 0.00000E+00 
148.5, 94.5, 0.00000E+00 
157.5, 94.5, 0.00000E+00 
166.5, 94.5, 0.00000E+00 
175.5, 94.5, 1.08108E-01 
-175.5, 85.5, 1.80556E-01 
-166.5, 85.5, 3.08824E-01 
-157.5, 85.5, 3.52632E-01 
-148.5, 85.5, 5.63674E-01 
-139.5, 85.5, 7.16390E-01 
-130.5, 85.5, 6.35057E-01 
-121.5, 85.5, 6.76015E-01 
-112.5, 85.5, 7.11586E-01 
-103.5, 85.5, 6.23088E-01 
-94.5, 85.5, 5.52239E-01 
-85.5, 85.5, 4.44590E-01 
-76.5, 85.5, 4.63303E-01 
-67.5, 85.5, 4.20652E-01 
-58.5, 85.5, 3.55311E-01 
-49.5, 85.5, 4.71698E-01 
-40.5, 85.5, 2.27273E-01 
-31.5, 85.5, 0.00000E+00 
-22.5, 85.5, 2.50000E-01 
-13.5, 85.5, 2.50000E-01 
-4.5, 85.5, 0.00000E+00 
4.5, 85.5, 5.00000E-01 
13.5, 85.5, 3.33333E-01 
22.5, 85.5, 9.25373E-01 
31.5, 85.5, 1.95062E+00 
40.5, 85.5, 2.25676E+00 
49.5, 85.5, 1.55618E+00 
58.5, 85.5, 1.13708E+00 
67.5, 85.5, 8.63946E-01 
76.5, 85.5, 6.05263E-01 
85.5, 85.5, 3.39286E-01 
94.5, 85.5, 4.91803E-02 
103.5, 85.5, 0.00000E+00 
112.5, 85.5, 0.00000E+00 
121.5, 85.5, 0.00000E+00 
130.5, 85.5, 0.00000E+00 
139.5, 85.5, 0.00000E+00 
148.5, 85.5, 0.00000E+00 
157.5, 85.5, 0.00000E+00 
166.5, 85.5, 0.00000E+00 
175.5, 85.5, 2.22222E-01 
-175.5, 76.5, 7.59494E-02 
-166.5, 76.5, 1.66667E-01 
-157.5, 76.5, 1.67630E-01 
-148.5, 76.5, 2.95110E-01 
-139.5, 76.5, 5.45139E-01 
-130.5, 76.5, 6.14350E-01 
-121.5, 76.5, 6.12813E-01 
-112.5, 76.5, 5.34125E-01 
-103.5, 76.5, 4.70052E-01 
-94.5, 76.5, 4.03540E-01 
-85.5, 76.5, 3.42044E-01 
-76.5, 76.5, 3.47335E-01 
-67.5, 76.5, 2.96010E-01 
-58.5, 76.5, 2.47312E-01 
-49.5, 76.5, 1.66667E-01 
-40.5, 76.5, 2.50000E-01 
-31.5, 76.5, 0.00000E+00 
-22.5, 76.5, 0.00000E+00 
-13.5, 76.5, 0.00000E+00 
-4.5, 76.5, 5.00000E-01 
4.5, 76.5, 0.00000E+00 
13.5, 76.5, 6.84211E-01 
22.5, 76.5, 1.12963E+00 
31.5, 76.5, 1.37607E+00 
40.5, 76.5, 1.50855E+00 
49.5, 76.5, 1.13928E+00 
58.5, 76.5, 8.93443E-01 
67.5, 76.5, 6.39053E-01 
76.5, 76.5, 3.81166E-01 
85.5, 76.5, 2.23301E-01 
94.5, 76.5, 3.60360E-02 
103.5, 76.5, 0.00000E+00 
112.5, 76.5, 0.00000E+00 
121.5, 76.5, 0.00000E+00 
130.5, 76.5, 0.00000E+00 
139.5, 76.5, 0.00000E+00 
148.5, 76.5, 0.00000E+00 
157.5, 76.5, 0.00000E+00 
166.5, 76.5, 0.00000E+00 
175.5, 76.5, 0.00000E+00 
-175.5, 67.5, 9.67742E-02 
-166.5, 67.5, 1.11969E-01 
-157.5, 67.5, 9.84556E-02 
-148.5, 67.5, 2.36307E-01 
-139.5, 67.5, 5.03852E-01 
-130.5, 67.5, 5.38793E-01 
-121.5, 67.5, 5.36965E-01 
-112.5, 67.5, 4.61333E-01 
-103.5, 67.5, 4.26729E-01 
-94.5, 67.5, 3.83283E-01 
-85.5, 67.5, 2.90270E-01 
-76.5, 67.5, 2.95481E-01 
-67.5, 67.5, 2.12308E-01 
-58.5, 67.5, 9.01639E-02 
-49.5, 67.5, 0.00000E+00 
-40.5, 67.5, 0.00000E+00 
-31.5, 67.5, 0.00000E+00 
-22.5, 67.5, 0.00000E+00 
-13.5, 67.5, 0.00000E+00 
-4.5, 67.5, 0.00000E+00 
4.5, 67.5, 5.00000E-01 
13.5, 67.5, 5.38462E-01 
22.5, 67.5, 6.56250E-01 
31.5, 67.5, 1.42077E+00 
40.5, 67.5, 1.26602E+00 
49.5, 67.5, 9.69532E-01 
58.5, 67.5, 7.14163E-01 
67.5, 67.5, 5.09456E-01 
76.5, 67.5, 4.39883E-01 
85.5, 67.5, 8.08824E-02 
94.5, 67.5, 1.79211E-02 
103.5, 67.5, 0.00000E+00 
112.5, 67.5, 0.00000E+00 
121.5, 67.5, 0.00000E+00 
130.5, 67.5, 0.00000E+00 
139.5, 67.5, 0.00000E+00 
148.5, 67.5, 0.00000E+00 
157.5, 67.5, 0.00000E+00 
166.5, 67.5, 0.00000E+00 
175.5, 67.5, 0.00000E+00 
-175.5, 58.5, 0.00000E+00 
-166.5, 58.5, 3.76569E-02 
-157.5, 58.5, 9.32540E-02 
-148.5, 58.5, 1.89306E-01 
-139.5, 58.5, 3.97541E-01 
-130.5, 58.5, 4.41805E-01 
-121.5, 58.5, 4.27536E-01 
-112.5, 58.5, 4.05470E-01 
-103.5, 58.5, 3.51906E-01 
-94.5, 58.5, 2.95575E-01 
-85.5, 58.5, 2.88947E-01 
-76.5, 58.5, 2.32958E-01 
-67.5, 58.5, 2.10037E-01 
-58.5, 58.5, 1.32653E-01 
-49.5, 58.5, 1.25000E-01 
-40.5, 58.5, 0.00000E+00 
-31.5, 58.5, 0.00000E+00 
-22.5, 58.5, 0.00000E+00 
-13.5, 58.5, 0.00000E+00 
-4.5, 58.5, 0.00000E+00 
4.5, 58.5, 0.00000E+00 
13.5, 58.5, 1.42857E-01 
22.5, 58.5, 7.83784E-01 
31.5, 58.5, 1.49267E+00 
40.5, 58.5, 1.14355E+00 
49.5, 58.5, 8.44966E-01 
58.5, 58.5, 6.43226E-01 
67.5, 58.5, 4.58594E-01 
76.5, 58.5, 2.19773E-01 
85.5, 58.5, 5.77201E-02 
94.5, 58.5, 3.23625E-03 
103.5, 58.5, 2.29621E-03 
112.5, 58.5, 0.00000E+00 
121.5, 58.5, 0.00000E+00 
130.5, 58.5, 0.00000E+00 
139.5, 58.5, 0.00000E+00 
148.5, 58.5, 0.00000E+00 
157.5, 58.5, 0.00000E+00 
166.5, 58.5, 0.00000E+00 
175.5, 58.5, 0.00000E+00 
-175.5, 49.5, 0.00000E+00 
-166.5, 49.5, 5.42169E-02 
-157.5, 49.5, 8.18859E-02 
-148.5, 49.5, 1.84692E-01 
-139.5, 49.5, 3.53828E-01 
-130.5, 49.5, 4.35354E-01 
-121.5, 49.5, 4.46037E-01 
-112.5, 49.5, 4.16360E-01 
-103.5, 49.5, 3.45217E-01 
-94.5, 49.5, 2.89180E-01 
-85.5, 49.5, 2.54341E-01 
-76.5, 49.5, 2.33386E-01 
-67.5, 49.5, 2.26054E-01 
-58.5, 49.5, 1.96850E-01 
-49.5, 49.5, 0.00000E+00 
-40.5, 49.5, 0.00000E+00 
-31.5, 49.5, 0.00000E+00 
-22.5, 49.5, 0.00000E+00 
-13.5, 49.5, 0.00000E+00 
-4.5, 49.5, 0.00000E+00 
4.5, 49.5, 0.00000E+00 
13.5, 49.5, 1.00000E+00 
22.5, 49.5, 1.00000E+00 
31.5, 49.5, 1.17121E+00 
40.5, 49.5, 1.20695E+00 
49.5, 49.5, 9.14861E-01 
58.5, 49.5, 6.38054E-01 
67.5, 49.5, 4.06158E-01 
76.5, 49.5, 1.08108E-01 
85.5, 49.5, 1.83401E-02 
94.5, 49.5, 3.99113E-03 
103.5, 49.5, 0.00000E+00 
112.5, 49.5, 0.00000E+00 
121.5, 49.5, 0.00000E+00 
130.5, 49.5, 0.00000E+00 
139.5, 49.5, 0.00000E+00 
148.5, 49.5, 0.00000E+00 
157.5, 49.5, 0.00000E+00 
166.5, 49.5, 0.00000E+00 
175.5, 49.5, 0.00000E+00 
-175.5, 40.5, 5.00000E-02 
-166.5, 40.5, 3.96040E-02 
-157.5, 40.5, 8.41751E-02 
-148.5, 40.5, 1.56061E-01 
-139.5, 40.5, 3.72146E-01 
-130.5, 40.5, 3.96644E-01 
-121.5, 40.5, 3.98453E-01 
-112.5, 40.5, 3.72684E-01 
-103.5, 40.5, 3.18674E-01 
-94.5, 40.5, 2.65799E-01 
-85.5, 40.5, 2.32687E-01 
-76.5, 40.5, 2.05387E-01 
-67.5, 40.5, 1.54967E-01 
-58.5, 40.5, 7.08661E-02 
-49.5, 40.5, 0.00000E+00 
-40.5, 40.5, 0.00000E+00 
-31.5, 40.5, 0.00000E+00 
-22.5, 40.5, 0.00000E+00 
-13.5, 40.5, 0.00000E+00 
-4.5, 40.5, 0.00000E+00 
4.5, 40.5, 0.00000E+00 
13.5, 40.5, 0.00000E+00 
22.5, 40.5, 1.66667E+00 
31.5, 40.5, 1.12632E+00 
40.5, 40.5, 1.10153E+00 
49.5, 40.5, 8.11321E-01 
58.5, 40.5, 6.48872E-01 
67.5, 40.5, 3.01378E-01 
76.5, 40.5, 8.16801E-02 
85.5, 40.5, 1.42411E-02 
94.5, 40.5, 3.63825E-03 
103.5, 40.5, 0.00000E+00 
112.5, 40.5, 0.00000E+00 
121.5, 40.5, 0.00000E+00 
130.5, 40.5, 0.00000E+00 
139.5, 40.5, 0.00000E+00 
148.5, 40.5, 0.00000E+00 
157.5, 40.5, 0.00000E+00 
166.5, 40.5, 0.00000E+00 
175.5, 40.5, 0.00000E+00 
-175.5, 31.5, 0.00000E+00 
-166.5, 31.5, 7.01754E-02 
-157.5, 31.5, 1.25000E-01 
-148.5, 31.5, 1.71115E-01 
-139.5, 31.5, 2.79635E-01 
-130.5, 31.5, 4.57840E-01 
-121.5, 31.5, 4.01015E-01 
-112.5, 31.5, 3.80120E-01 
-103.5, 31.5, 3.43523E-01 
-94.5, 31.5, 2.74777E-01 
-85.5, 31.5, 2.73135E-01 
-76.5, 31.5, 2.09866E-01 
-67.5, 31.5, 2.15054E-01 
-58.5, 31.5, 8.87574E-02 
-49.5, 31.5, -4.76190E-02 
-40.5, 31.5, 0.00000E+00 
-31.5, 31.5, 0.00000E+00 
-22.5, 31.5, 0.00000E+00 
-13.5, 31.5, 0.00000E+00 
-4.5, 31.5, 0.00000E+00 
4.5, 31.5, 0.00000E+00 
13.5, 31.5, 0.00000E+00 
22.5, 31.5, 3.00000E+00 
31.5, 31.5, 1.00000E+00 
40.5, 31.5, 1.15710E+00 
49.5, 31.5, 9.66887E-01 
58.5, 31.5, 6.26425E-01 
67.5, 31.5, 2.58229E-01 
76.5, 31.5, 6.94894E-02 
85.5, 31.5, 1.65679E-02 
94.5, 31.5, 3.16901E-03 
103.5, 31.5, 0.00000E+00 
112.5, 31.5, 0.00000E+00 
121.5, 31.5, 0.00000E+00 
130.5, 31.5, 0.00000E+00 
139.5, 31.5, 0.00000E+00 
148.5, 31.5, 0.00000E+00 
157.5, 31.5, 0.00000E+00 
166.5, 31.5, 0.00000E+00 
175.5, 31.5, 0.00000E+00 
-175.5, 22.5, 0.00000E+00 
-166.5, 22.5, 3.12500E-02 
-157.5, 22.5, 1.21359E-01 
-148.5, 22.5, 1.57480E-01 
-139.5, 22.5, 2.57445E-01 
-130.5, 22.5, 4.24361E-01 
-121.5, 22.5, 4.33676E-01 
-112.5, 22.5, 3.94464E-01 
-103.5, 22.5, 3.58955E-01 
-94.5, 22.5, 2.82230E-01 
-85.5, 22.5, 2.83656E-01 
-76.5, 22.5, 2.50000E-01 
-67.5, 22.5, 1.57007E-01 
-58.5, 22.5, 1.34831E-01 
-49.5, 22.5, 5.00000E-02 
-40.5, 22.5, 0.00000E+00 
-31.5, 22.5, 0.00000E+00 
-22.5, 22.5, 0.00000E+00 
-13.5, 22.5, 0.00000E+00 
-4.5, 22.5, 0.00000E+00 
4.5, 22.5, 0.00000E+00 
13.5, 22.5, 0.00000E+00 
22.5, 22.5, 0.00000E+00 
31.5, 22.5, 1.00000E+00 
40.5, 22.5, 1.04545E+00 
49.5, 22.5, 1.00949E+00 
58.5, 22.5, 7.04010E-01 
67.5, 22.5, 2.59069E-01 
76.5, 22.5, 7.40249E-02 
85.5, 22.5, 1.46649E-02 
94.5, 22.5, 2.13390E-03 
103.5, 22.5, 0.00000E+00 
112.5, 22.5, 0.00000E+00 
121.5, 22.5, 0.00000E+00 
130.5, 22.5, 0.00000E+00 
139.5, 22.5, 0.00000E+00 
148.5, 22.5, 0.00000E+00 
157.5, 22.5, 0.00000E+00 
166.5, 22.5, 0.00000E+00 
175.5, 22.5, 0.00000E+00 
-175.5, 13.5, 0.00000E+00 
-166.5, 13.5, 1.17647E-01 
-157.5, 13.5, 6.19469E-02 
-148.5, 13.5, 1.52406E-01 
-139.5, 13.5, 3.13131E-01 
-130.5, 13.5, 4.70036E-01 
-121.5, 13.5, 4.60112E-01 
-112.5, 13.5, 4.53838E-01 
-103.5, 13.5, 4.13751E-01 
-94.5, 13.5, 3.48693E-01 
-85.5, 13.5, 2.93717E-01 
-76.5, 13.5, 2.73428E-01 
-67.5, 13.5, 1.85592E-01 
-58.5, 13.5, 1.54150E-01 
-49.5, 13.5, -4.00000E-02 
-40.5, 13.5, 0.00000E+00 
-31.5, 13.5, 0.00000E+00 
-22.5, 13.5, 0.00000E+00 
-13.5, 13.5, 0.00000E+00 
-4.5, 13.5, 0.00000E+00 
4.5, 13.5, 0.00000E+00 
13.5, 13.5, 0.00000E+00 
22.5, 13.5, 0.00000E+00 
31.5, 13.5, 1.00000E+00 
40.5, 13.5, 7.61905E-01 
49.5, 13.5, 1.25000E+00 
58.5, 13.5, 6.89962E-01 
67.5, 13.5, 2.72629E-01 
76.5, 13.5, 7.55804E-02 
85.5, 13.5, 1.55868E-02 
94.5, 13.5, 2.33645E-03 
103.5, 13.5, 0.00000E+00 
112.5, 13.5, 0.00000E+00 
121.5, 13.5, 0.00000E+00 
130.5, 13.5, 0.00000E+00 
139.5, 13.5, 0.00000E+00 
148.5, 13.5, 0.00000E+00 
157.5, 13.5, 0.00000E+00 
166.5, 13.5, 0.00000E+00 
175.5, 13.5, 0.00000E+00 
-175.5, 4.5, 0.00000E+00 
-166.5, 4.5, 0.00000E+00 
-157.5, 4.5, 2.43243E-01 
-148.5, 4.5, 2.39544E-01 
-139.5, 4.5, 4.10985E-01 
-130.5, 4.5, 5.55665E-01 
-121.5, 4.5, 5.96164E-01 
-112.5, 4.5, 5.54745E-01 
-103.5, 4.5, 4.77957E-01 
-94.5, 4.5, 4.27555E-01 
-85.5, 4.5, 3.70261E-01 
-76.5, 4.5, 3.28930E-01 
-67.5, 4.5, 2.98634E-01 
-58.5, 4.5, 2.33645E-01 
-49.5, 4.5, -6.66667E-02 
-40.5, 4.5, 1.66667E-01 
-31.5, 4.5, 0.00000E+00 
-22.5, 4.5, 0.00000E+00 
-13.5, 4.5, 0.00000E+00 
-4.5, 4.5, 0.00000E+00 
4.5, 4.5, 0.00000E+00 
13.5, 4.5, 0.00000E+00 
22.5, 4.5, 0.00000E+00 
31.5, 4.5, 0.00000E+00 
40.5, 4.5, 4.44444E-01 
49.5, 4.5, 1.51376E+00 
58.5, 4.5, 7.59015E-01 
67.5, 4.5, 3.11594E-01 
76.5, 4.5, 7.53876E-02 
85.5, 4.5, 1.34259E-02 
94.5, 4.5, 2.67655E-03 
103.5, 4.5, 2.74725E-04 
112.5, 4.5, 0.00000E+00 
121.5, 4.5, 0.00000E+00 
130.5, 4.5, 0.00000E+00 
139.5, 4.5, 0.00000E+00 
148.5, 4.5, 0.00000E+00 
157.5, 4.5, 0.00000E+00 
166.5, 4.5, 0.00000E+00 
175.5, 4.5, 0.00000E+00 
-175.5, -4.5, 0.00000E+00 
-166.5, -4.5, 0.00000E+00 
-157.5, -4.5, 2.50000E-01 
-148.5, -4.5, 2.41379E-01 
-139.5, -4.5, 5.26646E-01 
-130.5, -4.5, 7.41132E-01 
-121.5, -4.5, 7.62150E-01 
-112.5, -4.5, 7.37931E-01 
-103.5, -4.5, 5.46978E-01 
-94.5, -4.5, 4.92691E-01 
-85.5, -4.5, 4.49447E-01 
-76.5, -4.5, 4.27267E-01 
-67.5, -4.5, 4.00682E-01 
-58.5, -4.5, 3.08707E-01 
-49.5, -4.5, 2.11009E-01 
-40.5, -4.5, 0.00000E+00 
-31.5, -4.5, 0.00000E+00 
-22.5, -4.5, 0.00000E+00 
-13.5, -4.5, 0.00000E+00 
-4.5, -4.5, 0.00000E+00 
4.5, -4.5, 0.00000E+00 
13.5, -4.5, 0.00000E+00 
22.5, -4.5, 0.00000E+00 
31.5, -4.5, 0.00000E+00 
40.5, -4.5, 1.66667E-01 
49.5, -4.5, 1.57778E+00 
58.5, -4.5, 9.62617E-01 
67.5, -4.5, 3.39978E-01 
76.5, -4.5, 8.78247E-02 
85.5, -4.5, 1.74801E-02 
94.5, -4.5, 3.67394E-03 
103.5, -4.5, 2.68817E-04 
112.5, -4.5, 0.00000E+00 
121.5, -4.5, 0.00000E+00 
130.5, -4.5, 0.00000E+00 
139.5, -4.5, 0.00000E+00 
148.5, -4.5, 0.00000E+00 
157.5, -4.5, 0.00000E+00 
166.5, -4.5, 0.00000E+00 
175.5, -4.5, 0.00000E+00 
-175.5, -13.5, 0.00000E+00 
-166.5, -13.5, 0.00000E+00 
-157.5, -13.5, 4.58333E-01 
-148.5, -13.5, 4.22680E-01 
-139.5, -13.5, 5.37190E-01 
-130.5, -13.5, 7.98450E-01 
-121.5, -13.5, 8.34519E-01 
-112.5, -13.5, 9.17448E-01 
-103.5, -13.5, 7.27523E-01 
-94.5, -13.5, 5.59473E-01 
-85.5, -13.5, 5.22285E-01 
-76.5, -13.5, 5.11947E-01 
-67.5, -13.5, 5.07701E-01 
-58.5, -13.5, 4.86658E-01 
-49.5, -13.5, 3.48684E-01 
-40.5, -13.5, 4.76190E-02 
-31.5, -13.5, 0.00000E+00 
-22.5, -13.5, 0.00000E+00 
-13.5, -13.5, 0.00000E+00 
-4.5, -13.5, 0.00000E+00 
4.5, -13.5, 0.00000E+00 
13.5, -13.5, 0.00000E+00 
22.5, -13.5, 0.00000E+00 
31.5, -13.5, 0.00000E+00 
40.5, -13.5, 3.33333E-01 
49.5, -13.5, 2.20000E+00 
58.5, -13.5, 1.24506E+00 
67.5, -13.5, 4.11477E-01 
76.5, -13.5, 1.12503E-01 
85.5, -13.5, 1.31515E-02 
94.5, -13.5, 3.10146E-03 
103.5, -13.5, 0.00000E+00 
112.5, -13.5, 0.00000E+00 
121.5, -13.5, 0.00000E+00 
130.5, -13.5, 0.00000E+00 
139.5, -13.5, 0.00000E+00 
148.5, -13.5, 0.00000E+00 
157.5, -13.5, 0.00000E+00 
166.5, -13.5, 0.00000E+00 
175.5, -13.5, 0.00000E+00 
-175.5, -22.5, 0.00000E+00 
-166.5, -22.5, 2.00000E-01 
-157.5, -22.5, 3.20000E-01 
-148.5, -22.5, 4.92537E-01 
-139.5, -22.5, 7.01754E-01 
-130.5, -22.5, 7.05570E-01 
-121.5, -22.5, 8.86220E-01 
-112.5, -22.5, 9.91359E-01 
-103.5, -22.5, 8.19304E-01 
-94.5, -22.5, 6.63110E-01 
-85.5, -22.5, 6.01448E-01 
-76.5, -22.5, 6.11452E-01 
-67.5, -22.5, 6.20760E-01 
-58.5, -22.5, 5.29526E-01 
-49.5, -22.5, 3.20683E-01 
-40.5, -22.5, 1.81818E-01 
-31.5, -22.5, 0.00000E+00 
-22.5, -22.5, 0.00000E+00 
-13.5, -22.5, 0.00000E+00 
-4.5, -22.5, 0.00000E+00 
4.5, -22.5, 0.00000E+00 
13.5, -22.5, 0.00000E+00 
22.5, -22.5, 0.00000E+00 
31.5, -22.5, 0.00000E+00 
40.5, -22.5, 5.00000E-01 
49.5, -22.5, 1.00000E+00 
58.5, -22.5, 1.61798E+00 
67.5, -22.5, 6.26976E-01 
76.5, -22.5, 1.37755E-01 
85.5, -22.5, 2.52139E-02 
94.5, -22.5, 1.93573E-03 
103.5, -22.5, 7.68640E-04 
112.5, -22.5, 0.00000E+00 
121.5, -22.5, 0.00000E+00 
130.5, -22.5, 0.00000E+00 
139.5, -22.5, 0.00000E+00 
148.5, -22.5, 0.00000E+00 
157.5, -22.5, 0.00000E+00 
166.5, -22.5, 0.00000E+00 
175.5, -22.5, 0.00000E+00 
-175.5, -31.5, 0.00000E+00 
-166.5, -31.5, 0.00000E+00 
-157.5, -31.5, 2.30769E-01 
-148.5, -31.5, 2.53731E-01 
-139.5, -31.5, 6.98630E-01 
-130.5, -31.5, 8.17109E-01 
-121.5, -31.5, 7.88753E-01 
-112.5, -31.5, 8.49746E-01 
-103.5, -31.5, 9.09148E-01 
-94.5, -31.5, 7.22887E-01 
-85.5, -31.5, 7.16290E-01 
-76.5, -31.5, 6.73037E-01 
-67.5, -31.5, 6.85708E-01 
-58.5, -31.5, 6.02616E-01 
-49.5, -31.5, 3.77483E-01 
-40.5, -31.5, 2.02417E-01 
-31.5, -31.5, -2.22222E-01 
-22.5, -31.5, 0.00000E+00 
-13.5, -31.5, 0.00000E+00 
-4.5, -31.5, 0.00000E+00 
4.5, -31.5, 0.00000E+00 
13.5, -31.5, 0.00000E+00 
22.5, -31.5, 0.00000E+00 
31.5, -31.5, 0.00000E+00 
40.5, -31.5, 0.00000E+00 
49.5, -31.5, 1.66667E+00 
58.5, -31.5, 1.33136E+00 
67.5, -31.5, 6.96237E-01 
76.5, -31.5, 1.48829E-01 
85.5, -31.5, 3.02860E-02 
94.5, -31.5, 2.09754E-03 
103.5, -31.5, 5.18135E-04 
112.5, -31.5, 0.00000E+00 
121.5, -31.5, 0.00000E+00 
130.5, -31.5, 0.00000E+00 
139.5, -31.5, 0.00000E+00 
148.5, -31.5, 0.00000E+00 
157.5, -31.5, 0.00000E+00 
166.5, -31.5, 0.00000E+00 
175.5, -31.5, 0.00000E+00 
-175.5, -40.5, 7.40741E-02 
-166.5, -40.5, 7.50000E-01 
-157.5, -40.5, 5.00000E-01 
-148.5, -40.5, 5.96774E-01 
-139.5, -40.5, 6.39706E-01 
-130.5, -40.5, 6.44172E-01 
-121.5, -40.5, 6.19335E-01 
-112.5, -40.5, 6.58524E-01 
-103.5, -40.5, 8.84535E-01 
-94.5, -40.5, 7.47401E-01 
-85.5, -40.5, 6.73498E-01 
-76.5, -40.5, 7.01738E-01 
-67.5, -40.5, 7.64689E-01 
-58.5, -40.5, 5.36914E-01 
-49.5, -40.5, 3.17566E-01 
-40.5, -40.5, 1.82999E-01 
-31.5, -40.5, -1.05263E-02 
-22.5, -40.5, 6.66667E-01 
-13.5, -40.5, 0.00000E+00 
-4.5, -40.5, 0.00000E+00 
4.5, -40.5, 0.00000E+00 
13.5, -40.5, 0.00000E+00 
22.5, -40.5, 0.00000E+00 
31.5, -40.5, 0.00000E+00 
40.5, -40.5, 1.33333E+00 
49.5, -40.5, 1.00000E+00 
58.5, -40.5, 1.75591E+00 
67.5, -40.5, 6.50331E-01 
76.5, -40.5, 1.45623E-01 
85.5, -40.5, 2.60388E-02 
94.5, -40.5, 4.33705E-03 
103.5, -40.5, 6.76590E-04 
112.5, -40.5, 0.00000E+00 
121.5, -40.5, 0.00000E+00 
130.5, -40.5, 0.00000E+00 
139.5, -40.5, 0.00000E+00 
148.5, -40.5, 0.00000E+00 
157.5, -40.5, 0.00000E+00 
166.5, -40.5, 0.00000E+00 
175.5, -40.5, 5.00000E-02 
-175.5, -49.5, 1.66667E-01 
-166.5, -49.5, 3.68421E-01 
-157.5, -49.5, 4.25000E-01 
-148.5, -49.5, 4.26230E-01 
-139.5, -49.5, 7.14286E-01 
-130.5, -49.5, 5.24715E-01 
-121.5, -49.5, 5.52463E-01 
-112.5, -49.5, 6.06186E-01 
-103.5, -49.5, 6.83157E-01 
-94.5, -49.5, 6.28381E-01 
-85.5, -49.5, 6.68014E-01 
-76.5, -49.5, 6.88669E-01 
-67.5, -49.5, 7.18876E-01 
-58.5, -49.5, 3.62858E-01 
-49.5, -49.5, 2.01754E-01 
-40.5, -49.5, 1.13293E-01 
-31.5, -49.5, 6.61479E-02 
-22.5, -49.5, -1.11111E-01 
-13.5, -49.5, 0.00000E+00 
-4.5, -49.5, 0.00000E+00 
4.5, -49.5, 0.00000E+00 
13.5, -49.5, 0.00000E+00 
22.5, -49.5, 0.00000E+00 
31.5, -49.5, 0.00000E+00 
40.5, -49.5, 1.00000E+00 
49.5, -49.5, 1.50000E+00 
58.5, -49.5, 7.79528E-01 
67.5, -49.5, 4.81481E-01 
76.5, -49.5, 9.01899E-02 
85.5, -49.5, 2.04290E-02 
94.5, -49.5, 2.62295E-03 
103.5, -49.5, 8.69565E-04 
112.5, -49.5, 0.00000E+00 
121.5, -49.5, 0.00000E+00 
130.5, -49.5, 0.00000E+00 
139.5, -49.5, 0.00000E+00 
148.5, -49.5, 0.00000E+00 
157.5, -49.5, 0.00000E+00 
166.5, -49.5, 0.00000E+00 
175.5, -49.5, 0.00000E+00 
-175.5, -58.5, 1.66667E-01 
-166.5, -58.5, 3.10345E-01 
-157.5, -58.5, 3.40000E-01 
-148.5, -58.5, 4.34783E-01 
-139.5, -58.5, 7.25389E-01 
-130.5, -58.5, 5.70588E-01 
-121.5, -58.5, 4.17819E-01 
-112.5, -58.5, 5.12941E-01 
-103.5, -58.5, 5.78645E-01 
-94.5, -58.5, 5.90615E-01 
-85.5, -58.5, 5.81530E-01 
-76.5, -58.5, 6.40615E-01 
-67.5, -58.5, 2.99219E-01 
-58.5, -58.5, 1.61324E-01 
-49.5, -58.5, 8.07334E-02 
-40.5, -58.5, 4.80836E-02 
-31.5, -58.5, 3.22581E-02 
-22.5, -58.5, -2.70270E-02 
-13.5, -58.5, 1.42857E-01 
-4.5, -58.5, 0.00000E+00 
4.5, -58.5, 0.00000E+00 
13.5, -58.5, 0.00000E+00 
22.5, -58.5, 0.00000E+00 
31.5, -58.5, 0.00000E+00 
40.5, -58.5, 0.00000E+00 
49.5, -58.5, 8.75000E-01 
58.5, -58.5, 4.89796E-01 
67.5, -58.5, 1.78439E-01 
76.5, -58.5, 4.36797E-02 
85.5, -58.5, 6.84211E-03 
94.5, -58.5, 1.06195E-03 
103.5, -58.5, 0.00000E+00 
112.5, -58.5, 0.00000E+00 
121.5, -58.5, 0.00000E+00 
130.5, -58.5, 0.00000E+00 
139.5, -58.5, 0.00000E+00 
148.5, -58.5, 0.00000E+00 
157.5, -58.5, 0.00000E+00 
166.5, -58.5, 0.00000E+00 
175.5, -58.5, 0.00000E+00 
-175.5, -67.5, 1.25000E-01 
-166.5, -67.5, 1.81818E-01 
-157.5, -67.5, 2.38095E-01 
-148.5, -67.5, 3.13433E-01 
-139.5, -67.5, 6.02740E-01 
-130.5, -67.5, 5.23364E-01 
-121.5, -67.5, 4.19580E-01 
-112.5, -67.5, 6.57459E-01 
-103.5, -67.5, 6.32432E-01 
-94.5, -67.5, 3.97849E-01 
-85.5, -67.5, 5.22059E-01 
-76.5, -67.5, 2.69795E-01 
-67.5, -67.5, 5.67376E-02 
-58.5, -67.5, 3.87430E-03 
-49.5, -67.5, 1.52339E-02 
-40.5, -67.5, 1.94175E-03 
-31.5, -67.5, 1.09290E-02 
-22.5, -67.5, 0.00000E+00 
-13.5, -67.5, 0.00000E+00 
-4.5, -67.5, 0.00000E+00 
4.5, -67.5, 0.00000E+00 
13.5, -67.5, 0.00000E+00 
22.5, -67.5, 0.00000E+00 
31.5, -67.5, 1.00000E+00 
40.5, -67.5, 1.00000E+00 
49.5, -67.5, 4.00000E-01 
58.5, -67.5, 1.55738E-01 
67.5, -67.5, 6.76923E-02 
76.5, -67.5, 1.62225E-02 
85.5, -67.5, 3.78378E-03 
94.5, -67.5, 7.53012E-04 
103.5, -67.5, 0.00000E+00 
112.5, -67.5, 0.00000E+00 
121.5, -67.5, 0.00000E+00 
130.5, -67.5, 0.00000E+00 
139.5, -67.5, 0.00000E+00 
148.5, -67.5, 0.00000E+00 
157.5, -67.5, 0.00000E+00 
166.5, -67.5, 0.00000E+00 
175.5, -67.5, 0.00000E+00 
-175.5, -76.5, 0.00000E+00 
-166.5, -76.5, 1.33333E-01 
-157.5, -76.5, 2.41379E-01 
-148.5, -76.5, 2.77778E-01 
-139.5, -76.5, 5.68627E-01 
-130.5, -76.5, 4.18182E-01 
-121.5, -76.5, 5.71429E-01 
-112.5, -76.5, 3.26531E-01 
-103.5, -76.5, 2.73684E-01 
-94.5, -76.5, 4.77477E-01 
-85.5, -76.5, 3.88350E-01 
-76.5, -76.5, 7.17489E-02 
-67.5, -76.5, 1.77515E-02 
-58.5, -76.5, 1.31148E-02 
-49.5, -76.5, -3.26442E-03 
-40.5, -76.5, -8.54701E-03 
-31.5, -76.5, 8.54701E-03 
-22.5, -76.5, 0.00000E+00 
-13.5, -76.5, 0.00000E+00 
-4.5, -76.5, 2.00000E-01 
4.5, -76.5, 0.00000E+00 
13.5, -76.5, 0.00000E+00 
22.5, -76.5, 0.00000E+00 
31.5, -76.5, 0.00000E+00 
40.5, -76.5, 2.50000E-01 
49.5, -76.5, 2.50000E-01 
58.5, -76.5, 3.22581E-02 
67.5, -76.5, 2.31660E-02 
76.5, -76.5, 6.26959E-04 
85.5, -76.5, 2.32288E-03 
94.5, -76.5, 1.76991E-03 
103.5, -76.5, 1.30208E-03 
112.5, -76.5, 0.00000E+00 
121.5, -76.5, 0.00000E+00 
130.5, -76.5, 0.00000E+00 
139.5, -76.5, 0.00000E+00 
148.5, -76.5, 0.00000E+00 
157.5, -76.5, 0.00000E+00 
166.5, -76.5, 0.00000E+00 
175.5, -76.5, 0.00000E+00 
-175.5, -85.5, 0.00000E+00 
-166.5, -85.5, 6.89655E-02 
-157.5, -85.5, 2.94118E-01 
-148.5, -85.5, 2.50000E-01 
-139.5, -85.5, 2.05882E-01 
-130.5, -85.5, 3.58974E-01 
-121.5, -85.5, 4.28571E-01 
-112.5, -85.5, 4.50980E-01 
-103.5, -85.5, 3.48485E-01 
-94.5, -85.5, 3.44262E-01 
-85.5, -85.5, 2.50000E-01 
-76.5, -85.5, 5.92105E-02 
-67.5, -85.5, 2.72109E-02 
-58.5, -85.5, 1.75747E-03 
-49.5, -85.5, 0.00000E+00 
-40.5, -85.5, 0.00000E+00 
-31.5, -85.5, 2.46914E-02 
-22.5, -85.5, 0.00000E+00 
-13.5, -85.5, 0.00000E+00 
-4.5, -85.5, 0.00000E+00 
4.5, -85.5, 0.00000E+00 
13.5, -85.5, 0.00000E+00 
22.5, -85.5, 0.00000E+00 
31.5, -85.5, 0.00000E+00 
40.5, -85.5, 4.54545E-02 
49.5, -85.5, 5.66038E-02 
58.5, -85.5, 3.66300E-02 
67.5, -85.5, 1.41304E-02 
76.5, -85.5, 0.00000E+00 
85.5, -85.5, 0.00000E+00 
94.5, -85.5, 0.00000E+00 
103.5, -85.5, 0.00000E+00 
112.5, -85.5, 0.00000E+00 
121.5, -85.5, 0.00000E+00 
130.5, -85.5, 0.00000E+00 
139.5, -85.5, 0.00000E+00 
148.5, -85.5, 0.00000E+00 
157.5, -85.5, 0.00000E+00 
166.5, -85.5, 0.00000E+00 
175.5, -85.5, 0.00000E+00 
-175.5, -94.5, 1.08108E-01 
-166.5, -94.5, 5.71429E-02 
-157.5, -94.5, 1.36364E-01 
-148.5, -94.5, 1.48148E-01 
-139.5, -94.5, 1.51515E-01 
-130.5, -94.5, 3.33333E-01 
-121.5, -94.5, 5.34884E-01 
-112.5, -94.5, 4.72222E-01 
-103.5, -94.5, 3.78947E-01 
-94.5, -94.5, 3.39623E-01 
-85.5, -94.5, 9.83607E-02 
-76.5, -94.5, 3.44828E-02 
-67.5, -94.5, 2.63158E-02 
-58.5, -94.5, 1.69492E-02 
-49.5, -94.5, 0.00000E+00 
-40.5, -94.5, 0.00000E+00 
-31.5, -94.5, 0.00000E+00 
-22.5, -94.5, 0.00000E+00 
-13.5, -94.5, 0.00000E+00 
-4.5, -94.5, 0.00000E+00 
4.5, -94.5, 0.00000E+00 
13.5, -94.5, 0.00000E+00 
22.5, -94.5, 0.00000E+00 
31.5, -94.5, 0.00000E+00 
40.5, -94.5, 9.75610E-02 
49.5, -94.5, 3.64964E-02 
58.5, -94.5, 2.45098E-02 
67.5, -94.5, 1.25604E-02 
76.5, -94.5, 1.46413E-03 
85.5, -94.5, 0.00000E+00 
94.5, -94.5, 0.00000E+00 
103.5, -94.5, 0.00000E+00 
112.5, -94.5, 0.00000E+00 
121.5, -94.5, 0.00000E+00 
130.5, -94.5, 0.00000E+00 
139.5, -94.5, 0.00000E+00 
148.5, -94.5, 0.00000E+00 
157.5, -94.5, 0.00000E+00 
166.5, -94.5, 0.00000E+00 
175.5, -94.5, 0.00000E+00 
-175.5, -103.5, 0.00000E+00 
-166.5, -103.5, 3.84615E-02 
-157.5, -103.5, 7.69231E-02 
-148.5, -103.5, 3.27869E-02 
-139.5, -103.5, 2.35294E-01 
-130.5, -103.5, 3.65385E-01 
-121.5, -103.5, 2.72727E-01 
-112.5, -103.5, 3.83838E-01 
-103.5, -103.5, 1.62162E-01 
-94.5, -103.5, 2.51572E-01 
-85.5, -103.5, 1.87879E-01 
-76.5, -103.5, 5.34759E-02 
-67.5, -103.5, 3.17460E-02 
-58.5, -103.5, 0.00000E+00 
-49.5, -103.5, 0.00000E+00 
-40.5, -103.5, 0.00000E+00 
-31.5, -103.5, 0.00000E+00 
-22.5, -103.5, 0.00000E+00 
-13.5, -103.5, 0.00000E+00 
-4.5, -103.5, 0.00000E+00 
4.5, -103.5, 0.00000E+00 
13.5, -103.5, 0.00000E+00 
22.5, -103.5, 9.52381E-02 
31.5, -103.5, 7.86517E-02 
40.5, -103.5, 6.81004E-02 
49.5, -103.5, 4.14993E-02 
58.5, -103.5, 1.23258E-02 
67.5, -103.5, 3.91499E-03 
76.5, -103.5, 1.76757E-03 
85.5, -103.5, 4.94682E-04 
94.5, -103.5, 0.00000E+00 
103.5, -103.5, 0.00000E+00 
112.5, -103.5, 0.00000E+00 
121.5, -103.5, 0.00000E+00 
130.5, -103.5, 0.00000E+00 
139.5, -103.5, 0.00000E+00 
148.5, -103.5, 0.00000E+00 
157.5, -103.5, 0.00000E+00 
166.5, -103.5, 0.00000E+00 
175.5, -103.5, 0.00000E+00 
-175.5, -112.5, 0.00000E+00 
-166.5, -112.5, 0.00000E+00 
-157.5, -112.5, 6.59341E-02 
-148.5, -112.5, 7.93651E-02 
-139.5, -112.5, 1.58537E-01 
-130.5, -112.5, 1.53061E-01 
-121.5, -112.5, 4.00000E-01 
-112.5, -112.5, 3.22222E-01 
-103.5, -112.5, 2.34637E-01 
-94.5, -112.5, 1.12554E-01 
-85.5, -112.5, 8.50202E-02 
-76.5, -112.5, 4.45860E-02 
-67.5, -112.5, 2.12766E-02 
-58.5, -112.5, 2.63158E-02 
-49.5, -112.5, 0.00000E+00 
-40.5, -112.5, 0.00000E+00 
-31.5, -112.5, 0.00000E+00 
-22.5, -112.5, 0.00000E+00 
-13.5, -112.5, 0.00000E+00 
-4.5, -112.5, 0.00000E+00 
4.5, -112.5, 0.00000E+00 
13.5, -112.5, 2.50000E-01 
22.5, -112.5, 8.00000E-02 
31.5, -112.5, 3.19635E-02 
40.5, -112.5, 6.92308E-02 
49.5, -112.5, 5.09014E-02 
58.5, -112.5, 2.02931E-02 
67.5, -112.5, 6.34837E-03 
76.5, -112.5, 6.84697E-04 
85.5, -112.5, 0.00000E+00 
94.5, -112.5, 0.00000E+00 
103.5, -112.5, 0.00000E+00 
112.5, -112.5, 0.00000E+00 
121.5, -112.5, 0.00000E+00 
130.5, -112.5, 0.00000E+00 
139.5, -112.5, 0.00000E+00 
148.5, -112.5, 0.00000E+00 
157.5, -112.5, 0.00000E+00 
166.5, -112.5, 0.00000E+00 
175.5, -112.5, 0.00000E+00 
-175.5, -121.5, 0.00000E+00 
-166.5, -121.5, 2.81690E-02 
-157.5, -121.5, 3.70370E-02 
-148.5, -121.5, 6.25000E-02 
-139.5, -121.5, 1.40187E-01 
-130.5, -121.5, 1.47651E-01 
-121.5, -121.5, 1.91358E-01 
-112.5, -121.5, 2.64463E-01 
-103.5, -121.5, 2.29299E-01 
-94.5, -121.5, 1.26521E-01 
-85.5, -121.5, 9.09091E-02 
-76.5, -121.5, 8.77193E-02 
-67.5, -121.5, 1.68067E-02 
-58.5, -121.5, 0.00000E+00 
-49.5, -121.5, 0.00000E+00 
-40.5, -121.5, 0.00000E+00 
-31.5, -121.5, 0.00000E+00 
-22.5, -121.5, 0.00000E+00 
-13.5, -121.5, 0.00000E+00 
-4.5, -121.5, 0.00000E+00 
4.5, -121.5, 0.00000E+00 
13.5, -121.5, 0.00000E+00 
22.5, -121.5, 3.57143E-02 
31.5, -121.5, 2.16867E-02 
40.5, -121.5, 3.50282E-02 
49.5, -121.5, 4.18895E-02 
58.5, -121.5, 1.51208E-02 
67.5, -121.5, 6.98933E-03 
76.5, -121.5, 1.22200E-03 
85.5, -121.5, 1.70911E-04 
94.5, -121.5, 0.00000E+00 
103.5, -121.5, 0.00000E+00 
112.5, -121.5, 0.00000E+00 
121.5, -121.5, 0.00000E+00 
130.5, -121.5, 0.00000E+00 
139.5, -121.5, 0.00000E+00 
148.5, -121.5, 0.00000E+00 
157.5, -121.5, 0.00000E+00 
166.5, -121.5, 0.00000E+00 
175.5, -121.5, 0.00000E+00 
-175.5, -130.5, 0.00000E+00 
-166.5, -130.5, 6.77966E-03 
-157.5, -130.5, 6.71141E-03 
-148.5, -130.5, 1.89873E-02 
-139.5, -130.5, 9.41176E-02 
-130.5, -130.5, 1.42857E-01 
-121.5, -130.5, 1.79612E-01 
-112.5, -130.5, 2.46753E-01 
-103.5, -130.5, 1.38434E-01 
-94.5, -130.5, 8.79397E-02 
-85.5, -130.5, 6.05613E-02 
-76.5, -130.5, 3.17460E-02 
-67.5, -130.5, 7.24638E-02 
-58.5, -130.5, 0.00000E+00 
-49.5, -130.5, 0.00000E+00 
-40.5, -130.5, 0.00000E+00 
-31.5, -130.5, 0.00000E+00 
-22.5, -130.5, 0.00000E+00 
-13.5, -130.5, 0.00000E+00 
-4.5, -130.5, 0.00000E+00 
4.5, -130.5, 0.00000E+00 
13.5, -130.5, 0.00000E+00 
22.5, -130.5, 5.71429E-02 
31.5, -130.5, 5.46875E-02 
40.5, -130.5, 3.25615E-02 
49.5, -130.5, 1.87705E-02 
58.5, -130.5, 1.58291E-02 
67.5, -130.5, 8.46567E-03 
76.5, -130.5, 2.21332E-03 
85.5, -130.5, 2.64393E-04 
94.5, -130.5, 0.00000E+00 
103.5, -130.5, 0.00000E+00 
112.5, -130.5, 0.00000E+00 
121.5, -130.5, 0.00000E+00 
130.5, -130.5, 0.00000E+00 
139.5, -130.5, 0.00000E+00 
148.5, -130.5, 0.00000E+00 
157.5, -130.5, 0.00000E+00 
166.5, -130.5, 0.00000E+00 
175.5, -130.5, 0.00000E+00 
-175.5, -139.5, 0.00000E+00 
-166.5, -139.5, 1.09689E-02 
-157.5, -139.5, 7.01754E-03 
-148.5, -139.5, 1.79211E-02 
-139.5, -139.5, 1.01754E-01 
-130.5, -139.5, 1.41653E-01 
-121.5, -139.5, 1.25000E-01 
-112.5, -139.5, 1.42313E-01 
-103.5, -139.5, 1.10582E-01 
-94.5, -139.5, 6.11484E-02 
-85.5, -139.5, 3.26797E-02 
-76.5, -139.5, 9.65018E-03 
-67.5, -139.5, 7.35294E-03 
-58.5, -139.5, 0.00000E+00 
-49.5, -139.5, 0.00000E+00 
-40.5, -139.5, 0.00000E+00 
-31.5, -139.5, 0.00000E+00 
-22.5, -139.5, 0.00000E+00 
-13.5, -139.5, 0.00000E+00 
-4.5, -139.5, 0.00000E+00 
4.5, -139.5, 0.00000E+00 
13.5, -139.5, 0.00000E+00 
22.5, -139.5, 0.00000E+00 
31.5, -139.5, 1.56250E-02 
40.5, -139.5, 1.87438E-02 
49.5, -139.5, 1.55414E-02 
58.5, -139.5, 1.02505E-02 
67.5, -139.5, 7.32052E-03 
76.5, -139.5, 2.12522E-03 
85.5, -139.5, 5.39483E-04 
94.5, -139.5, 0.00000E+00 
103.5, -139.5, 0.00000E+00 
112.5, -139.5, 0.00000E+00 
121.5, -139.5, 0.00000E+00 
130.5, -139.5, 0.00000E+00 
139.5, -139.5, 0.00000E+00 
148.5, -139.5, 0.00000E+00 
157.5, -139.5, 0.00000E+00 
166.5, -139.5, 0.00000E+00 
175.5, -139.5, 0.00000E+00 
-175.5, -148.5, 0.00000E+00 
-166.5, -148.5, 6.52174E-03 
-157.5, -148.5, 2.12314E-02 
-148.5, -148.5, 2.03390E-02 
-139.5, -148.5, 3.26797E-02 
-130.5, -148.5, 8.80773E-02 
-121.5, -148.5, 1.33599E-01 
-112.5, -148.5, 1.07340E-01 
-103.5, -148.5, 6.92841E-02 
-94.5, -148.5, 4.55334E-02 
-85.5, -148.5, 1.85263E-02 
-76.5, -148.5, 7.84077E-03 
-67.5, -148.5, 4.13223E-03 
-58.5, -148.5, 0.00000E+00 
-49.5, -148.5, 0.00000E+00 
-40.5, -148.5, 0.00000E+00 
-31.5, -148.5, 0.00000E+00 
-22.5, -148.5, 0.00000E+00 
-13.5, -148.5, 0.00000E+00 
-4.5, -148.5, 0.00000E+00 
4.5, -148.5, 0.00000E+00 
13.5, -148.5, 0.00000E+00 
22.5, -148.5, 0.00000E+00 
31.5, -148.5, 2.22222E-02 
40.5, -148.5, 1.51976E-02 
49.5, -148.5, 1.08610E-02 
58.5, -148.5, 1.04576E-02 
67.5, -148.5, 5.21205E-03 
76.5, -148.5, 2.39111E-03 
85.5, -148.5, 7.29182E-04 
94.5, -148.5, 2.12247E-04 
103.5, -148.5, 0.00000E+00 
112.5, -148.5, 0.00000E+00 
121.5, -148.5, 0.00000E+00 
130.5, -148.5, 0.00000E+00 
139.5, -148.5, 0.00000E+00 
148.5, -148.5, 0.00000E+00 
157.5, -148.5, 0.00000E+00 
166.5, -148.5, 0.00000E+00 
175.5, -148.5, 0.00000E+00 
-175.5, -157.5, 1.36519E-03 
-166.5, -157.5, 1.15108E-02 
-157.5, -157.5, 1.51411E-02 
-148.5, -157.5, 3.25779E-02 
-139.5, -157.5, 6.19926E-02 
-130.5, -157.5, 7.92079E-02 
-121.5, -157.5, 1.05488E-01 
-112.5, -157.5, 8.90643E-02 
-103.5, -157.5, 4.86799E-02 
-94.5, -157.5, 4.74627E-02 
-85.5, -157.5, 2.54453E-02 
-76.5, -157.5, 1.60750E-02 
-67.5, -157.5, 2.56191E-03 
-58.5, -157.5, 0.00000E+00 
-49.5, -157.5, 0.00000E+00 
-40.5, -157.5, 0.00000E+00 
-31.5, -157.5, 0.00000E+00 
-22.5, -157.5, 0.00000E+00 
-13.5, -157.5, 0.00000E+00 
-4.5, -157.5, 0.00000E+00 
4.5, -157.5, 0.00000E+00 
13.5, -157.5, 0.00000E+00 
22.5, -157.5, 0.00000E+00 
31.5, -157.5, 0.00000E+00 
40.5, -157.5, 3.16092E-02 
49.5, -157.5, 1.03290E-02 
58.5, -157.5, 9.62212E-03 
67.5, -157.5, 6.78733E-03 
76.5, -157.5, 3.47373E-03 
85.5, -157.5, 7.51089E-04 
94.5, -157.5, 0.00000E+00 
103.5, -157.5, 0.00000E+00 
112.5, -157.5, 0.00000E+00 
121.5, -157.5, 0.00000E+00 
130.5, -157.5, 0.00000E+00 
139.5, -157.5, 0.00000E+00 
148.5, -157.5, 0.00000E+00 
157.5, -157.5, 0.00000E+00 
166.5, -157.5, 0.00000E+00 
175.5, -157.5, 0.00000E+00 
-175.5, -166.5, 8.57143E-03 
-166.5, -166.5, 2.53782E-02 
-157.5, -166.5, 5.60472E-02 
-148.5, -166.5, 6.68354E-02 
-139.5, -166.5, 1.04612E-01 
-130.5, -166.5, 1.39743E-01 
-121.5, -166.5, 1.72669E-01 
-112.5, -166.5, 1.30872E-01 
-103.5, -166.5, 9.05091E-02 
-94.5, -166.5, 5.62320E-02 
-85.5, -166.5, 3.95671E-02 
-76.5, -166.5, 2.85899E-02 
-67.5, -166.5, 9.96377E-03 
-58.5, -166.5, 1.86047E-02 
-49.5, -166.5, 0.00000E+00 
-40.5, -166.5, 0.00000E+00 
-31.5, -166.5, 0.00000E+00 
-22.5, -166.5, 0.00000E+00 
-13.5, -166.5, 0.00000E+00 
-4.5, -166.5, 0.00000E+00 
4.5, -166.5, 0.00000E+00 
13.5, -166.5, 0.00000E+00 
22.5, -166.5, 0.00000E+00 
31.5, -166.5, 0.00000E+00 
40.5, -166.5, 6.89655E-02 
49.5, -166.5, 3.16369E-02 
58.5, -166.5, 2.09767E-02 
67.5, -166.5, 9.77430E-03 
76.5, -166.5, 3.03797E-03 
85.5, -166.5, 2.04457E-03 
94.5, -166.5, 0.00000E+00 
103.5, -166.5, 0.00000E+00 
112.5, -166.5, 0.00000E+00 
121.5, -166.5, 0.00000E+00 
130.5, -166.5, 0.00000E+00 
139.5, -166.5, 0.00000E+00 
148.5, -166.5, 0.00000E+00 
157.5, -166.5, 0.00000E+00 
166.5, -166.5, 0.00000E+00 
175.5, -166.5, 0.00000E+00 
-175.5, -175.5, 2.05086E-02 
-166.5, -175.5, 8.33006E-02 
-157.5, -175.5, 1.55340E-01 
-148.5, -175.5, 2.28093E-01 
-139.5, -175.5, 2.96333E-01 
-130.5, -175.5, 3.69640E-01 
-121.5, -175.5, 3.72993E-01 
-112.5, -175.5, 3.06179E-01 
-103.5, -175.5, 1.93872E-01 
-94.5, -175.5, 1.33458E-01 
-85.5, -175.5, 1.06255E-01 
-76.5, -175.5, 9.01990E-02 
-67.5, -175.5, 7.40639E-02 
-58.5, -175.5, 6.08974E-02 
-49.5, -175.5, 1.04167E-01 
-40.5, -175.5, 0.00000E+00 
-31.5, -175.5, 0.00000E+00 
-22.5, -175.5, 0.00000E+00 
-13.5, -175.5, 0.00000E+00 
-4.5, -175.5, 0.00000E+00 
4.5, -175.5, 0.00000E+00 
13.5, -175.5, 0.00000E+00 
22.5, -175.5, 0.00000E+00 
31.5, -175.5, 0.00000E+00 
40.5, -175.5, 0.00000E+00 
49.5, -175.5, 1.14551E-01 
58.5, -175.5, 8.79575E-02 
67.5, -175.5, 2.46560E-02 
76.5, -175.5, 1.10406E-02 
85.5, -175.5, 2.10943E-03 
94.5, -175.5, 3.64631E-04 
103.5, -175.5, 0.00000E+00 
112.5, -175.5, 0.00000E+00 
121.5, -175.5, 0.00000E+00 
130.5, -175.5, 0.00000E+00 
139.5, -175.5, 0.00000E+00 
148.5, -175.5, 0.00000E+00 
157.5, -175.5, 0.00000E+00 
166.5, -175.5, 8.03213E-04 
175.5, -175.5, 2.42033E-03 
