x, y, probability density 
-175.5, 175.5, 7.66438E-02 
-166.5, 175.5, 2.68273E-01 
-157.5, 175.5, 3.67713E-01 
-148.5, 175.5, 3.48159E-01 
-139.5, 175.5, 4.04592E-01 
-130.5, 175.5, 4.34164E-01 
-121.5, 175.5, 5.38040E-01 
-112.5, 175.5, 5.45521E-01 
-103.5, 175.5, 3.84942E-01 
-94.5, 175.5, 3.24157E-01 
-85.5, 175.5, 2.90837E-01 
-76.5, 175.5, 2.67386E-01 
-67.5, 175.5, 2.99885E-01 
-58.5, 175.5, 2.79221E-01 
-49.5, 175.5, 1.88854E-01 
-40.5, 175.5, 2.85714E-01 
-31.5, 175.5, 0.00000E+00 
-22.5, 175.5, 0.00000E+00 
-13.5, 175.5, 0.00000E+00 
-4.5, 175.5, 0.00000E+00 
4.5, 175.5, 0.00000E+00 
13.5, 175.5, 0.00000E+00 
22.5, 175.5, 0.00000E+00 
31.5, 175.5, 0.00000E+00 
40.5, 175.5, 0.00000E+00 
49.5, 175.5, 8.33333E-02 
58.5, 175.5, 3.95299E-02 
67.5, 175.5, 1.73458E-02 
76.5, 175.5, 5.30582E-03 
85.5, 175.5, 3.42759E-03 
94.5, 175.5, 3.72787E-04 
103.5, 175.5, 0.00000E+00 
112.5, 175.5, 0.00000E+00 
121.5, 175.5, 0.00000E+00 
130.5, 175.5, 0.00000E+00 
139.5, 175.5, 0.00000E+00 
148.5, 175.5, 0.00000E+00 
157.5, 175.5, 0.00000E+00 
166.5, 175.5, 1.57171E-03 
175.5, 175.5, 1.06645E-02 
-175.5, 166.5, 2.30620E-01 
-166.5, 166.5, 3.10345E-01 
-157.5, 166.5, 3.88501E-01 
-148.5, 166.5, 4.18438E-01 
-139.5, 166.5, 5.04860E-01 
-130.5, 166.5, 5.81006E-01 
-121.5, 166.5, 5.73179E-01 
-112.5, 166.5, 7.39468E-01 
-103.5, 166.5, 6.97937E-01 
-94.5, 166.5, 6.99525E-01 
-85.5, 166.5, 5.94766E-01 
-76.5, 166.5, 5.83460E-01 
-67.5, 166.5, 4.60636E-01 
-58.5, 166.5, 3.66109E-01 
-49.5, 166.5, 2.86107E-01 
-40.5, 166.5, 3.62069E-01 
-31.5, 166.5, 0.00000E+00 
-22.5, 166.5, 0.00000E+00 
-13.5, 166.5, 0.00000E+00 
-4.5, 166.5, 0.00000E+00 
4.5, 166.5, 0.00000E+00 
13.5, 166.5, 0.00000E+00 
22.5, 166.5, 0.00000E+00 
31.5, 166.5, 0.00000E+00 
40.5, 166.5, 0.00000E+00 
49.5, 166.5, 2.05128E-01 
58.5, 166.5, 9.76744E-02 
67.5, 166.5, 2.53623E-02 
76.5, 166.5, 1.18229E-02 
85.5, 166.5, 4.08091E-03 
94.5, 166.5, 4.42772E-04 
103.5, 166.5, 0.00000E+00 
112.5, 166.5, 0.00000E+00 
121.5, 166.5, 0.00000E+00 
130.5, 166.5, 0.00000E+00 
139.5, 166.5, 0.00000E+00 
148.5, 166.5, 0.00000E+00 
157.5, 166.5, 0.00000E+00 
166.5, 166.5, 1.95217E-03 
175.5, 166.5, 3.90476E-02 
-175.5, 157.5, 2.97158E-01 
-166.5, 157.5, 3.06583E-01 
-157.5, 157.5, 4.26623E-01 
-148.5, 157.5, 5.59241E-01 
-139.5, 157.5, 5.83101E-01 
-130.5, 157.5, 6.38489E-01 
-121.5, 157.5, 6.05769E-01 
-112.5, 157.5, 7.46261E-01 
-103.5, 157.5, 9.09169E-01 
-94.5, 157.5, 8.94139E-01 
-85.5, 157.5, 8.27099E-01 
-76.5, 157.5, 7.32523E-01 
-67.5, 157.5, 5.56199E-01 
-58.5, 157.5, 4.14771E-01 
-49.5, 157.5, 3.08340E-01 
-40.5, 157.5, 2.78736E-01 
-31.5, 157.5, 4.34783E-01 
-22.5, 157.5, 0.00000E+00 
-13.5, 157.5, 0.00000E+00 
-4.5, 157.5, 0.00000E+00 
4.5, 157.5, 0.00000E+00 
13.5, 157.5, 0.00000E+00 
22.5, 157.5, 0.00000E+00 
31.5, 157.5, 0.00000E+00 
40.5, 157.5, 1.00000E+00 
49.5, 157.5, 5.38462E-01 
58.5, 157.5, 1.86528E-01 
67.5, 157.5, 5.89240E-02 
76.5, 157.5, 1.27261E-02 
85.5, 157.5, 7.12468E-03 
94.5, 157.5, 1.49254E-03 
103.5, 157.5, 0.00000E+00 
112.5, 157.5, 0.00000E+00 
121.5, 157.5, 0.00000E+00 
130.5, 157.5, 0.00000E+00 
139.5, 157.5, 0.00000E+00 
148.5, 157.5, 0.00000E+00 
157.5, 157.5, 0.00000E+00 
166.5, 157.5, 1.58273E-02 
175.5, 157.5, 6.27986E-02 
-175.5, 148.5, 3.18038E-01 
-166.5, 148.5, 3.72763E-01 
-157.5, 148.5, 5.34168E-01 
-148.5, 148.5, 7.65498E-01 
-139.5, 148.5, 6.63338E-01 
-130.5, 148.5, 5.61129E-01 
-121.5, 148.5, 5.47680E-01 
-112.5, 148.5, 6.63866E-01 
-103.5, 148.5, 9.13079E-01 
-94.5, 148.5, 1.08246E+00 
-85.5, 148.5, 1.03077E+00 
-76.5, 148.5, 8.71911E-01 
-67.5, 148.5, 6.63144E-01 
-58.5, 148.5, 4.96277E-01 
-49.5, 148.5, 3.98104E-01 
-40.5, 148.5, 3.48531E-01 
-31.5, 148.5, 3.88889E-01 
-22.5, 148.5, 8.00000E-01 
-13.5, 148.5, 0.00000E+00 
-4.5, 148.5, 0.00000E+00 
4.5, 148.5, 0.00000E+00 
13.5, 148.5, 0.00000E+00 
22.5, 148.5, 0.00000E+00 
31.5, 148.5, 0.00000E+00 
40.5, 148.5, 0.00000E+00 
49.5, 148.5, 6.00000E-01 
58.5, 148.5, 2.36111E-01 
67.5, 148.5, 2.35537E-01 
76.5, 148.5, 4.76478E-02 
85.5, 148.5, 9.26316E-03 
94.5, 148.5, 3.90286E-03 
103.5, 148.5, 0.00000E+00 
112.5, 148.5, 0.00000E+00 
121.5, 148.5, 0.00000E+00 
130.5, 148.5, 0.00000E+00 
139.5, 148.5, 0.00000E+00 
148.5, 148.5, 0.00000E+00 
157.5, 148.5, 0.00000E+00 
166.5, 148.5, 1.30435E-02 
175.5, 148.5, 1.34313E-01 
-175.5, 139.5, 4.42130E-01 
-166.5, 139.5, 5.42019E-01 
-157.5, 139.5, 7.55931E-01 
-148.5, 139.5, 9.54131E-01 
-139.5, 139.5, 6.04768E-01 
-130.5, 139.5, 4.38280E-01 
-121.5, 139.5, 4.23514E-01 
-112.5, 139.5, 4.75060E-01 
-103.5, 139.5, 6.49991E-01 
-94.5, 139.5, 7.99015E-01 
-85.5, 139.5, 9.28721E-01 
-76.5, 139.5, 1.01439E+00 
-67.5, 139.5, 8.66946E-01 
-58.5, 139.5, 6.55139E-01 
-49.5, 139.5, 5.45478E-01 
-40.5, 139.5, 4.65307E-01 
-31.5, 139.5, 4.63542E-01 
-22.5, 139.5, 2.00000E-01 
-13.5, 139.5, 1.00000E+00 
-4.5, 139.5, 0.00000E+00 
4.5, 139.5, 0.00000E+00 
13.5, 139.5, 0.00000E+00 
22.5, 139.5, 0.00000E+00 
31.5, 139.5, 0.00000E+00 
40.5, 139.5, 1.00000E+00 
49.5, 139.5, 7.50000E-01 
58.5, 139.5, 3.25000E-01 
67.5, 139.5, 2.50000E-01 
76.5, 139.5, 8.44391E-02 
85.5, 139.5, 2.68700E-02 
94.5, 139.5, 4.47427E-03 
103.5, 139.5, 0.00000E+00 
112.5, 139.5, 2.54130E-03 
121.5, 139.5, 0.00000E+00 
130.5, 139.5, 0.00000E+00 
139.5, 139.5, 0.00000E+00 
148.5, 139.5, 0.00000E+00 
157.5, 139.5, 0.00000E+00 
166.5, 139.5, 1.82815E-02 
175.5, 139.5, 2.80443E-01 
-175.5, 130.5, 5.91324E-01 
-166.5, 130.5, 7.96438E-01 
-157.5, 130.5, 9.97700E-01 
-148.5, 130.5, 9.60478E-01 
-139.5, 130.5, 5.30999E-01 
-130.5, 130.5, 3.47036E-01 
-121.5, 130.5, 3.25401E-01 
-112.5, 130.5, 3.79808E-01 
-103.5, 130.5, 4.93739E-01 
-94.5, 130.5, 6.06455E-01 
-85.5, 130.5, 6.71426E-01 
-76.5, 130.5, 7.56008E-01 
-67.5, 130.5, 8.97859E-01 
-58.5, 130.5, 9.11385E-01 
-49.5, 130.5, 7.40028E-01 
-40.5, 130.5, 6.36758E-01 
-31.5, 130.5, 5.54688E-01 
-22.5, 130.5, 4.85714E-01 
-13.5, 130.5, 5.00000E-01 
-4.5, 130.5, 0.00000E+00 
4.5, 130.5, 0.00000E+00 
13.5, 130.5, 0.00000E+00 
22.5, 130.5, 0.00000E+00 
31.5, 130.5, 0.00000E+00 
40.5, 130.5, 0.00000E+00 
49.5, 130.5, 7.50000E-01 
58.5, 130.5, 6.19048E-01 
67.5, 130.5, 5.07246E-01 
76.5, 130.5, 1.58730E-01 
85.5, 130.5, 5.76071E-02 
94.5, 130.5, 1.00503E-02 
103.5, 130.5, 3.64299E-03 
112.5, 130.5, 4.32900E-03 
121.5, 130.5, 4.85437E-03 
130.5, 130.5, 0.00000E+00 
139.5, 130.5, 0.00000E+00 
148.5, 130.5, 0.00000E+00 
157.5, 130.5, 6.71141E-03 
166.5, 130.5, 2.71186E-02 
175.5, 130.5, 3.69863E-01 
-175.5, 121.5, 6.74009E-01 
-166.5, 121.5, 8.52747E-01 
-157.5, 121.5, 8.52929E-01 
-148.5, 121.5, 9.57696E-01 
-139.5, 121.5, 4.65181E-01 
-130.5, 121.5, 3.12963E-01 
-121.5, 121.5, 2.89139E-01 
-112.5, 121.5, 3.18695E-01 
-103.5, 121.5, 4.13104E-01 
-94.5, 121.5, 4.82727E-01 
-85.5, 121.5, 5.65373E-01 
-76.5, 121.5, 6.44263E-01 
-67.5, 121.5, 7.95055E-01 
-58.5, 121.5, 9.87618E-01 
-49.5, 121.5, 9.56328E-01 
-40.5, 121.5, 7.55932E-01 
-31.5, 121.5, 9.13253E-01 
-22.5, 121.5, 7.14286E-01 
-13.5, 121.5, 7.69231E-01 
-4.5, 121.5, 6.66667E-01 
4.5, 121.5, 0.00000E+00 
13.5, 121.5, 0.00000E+00 
22.5, 121.5, 0.00000E+00 
31.5, 121.5, 0.00000E+00 
40.5, 121.5, 0.00000E+00 
49.5, 121.5, 2.85714E-01 
58.5, 121.5, 4.68085E-01 
67.5, 121.5, 5.54622E-01 
76.5, 121.5, 2.80702E-01 
85.5, 121.5, 4.04040E-02 
94.5, 121.5, 2.91971E-02 
103.5, 121.5, 1.27389E-02 
112.5, 121.5, 0.00000E+00 
121.5, 121.5, 0.00000E+00 
130.5, 121.5, 0.00000E+00 
139.5, 121.5, 0.00000E+00 
148.5, 121.5, 0.00000E+00 
157.5, 121.5, 1.23457E-02 
166.5, 121.5, 4.22535E-02 
175.5, 121.5, 4.81752E-01 
-175.5, 112.5, 7.53846E-01 
-166.5, 112.5, 6.82189E-01 
-157.5, 112.5, 8.71830E-01 
-148.5, 112.5, 7.96546E-01 
-139.5, 112.5, 4.43429E-01 
-130.5, 112.5, 3.06007E-01 
-121.5, 112.5, 2.58866E-01 
-112.5, 112.5, 3.04890E-01 
-103.5, 112.5, 3.76331E-01 
-94.5, 112.5, 4.94253E-01 
-85.5, 112.5, 5.46554E-01 
-76.5, 112.5, 6.29237E-01 
-67.5, 112.5, 7.78997E-01 
-58.5, 112.5, 9.71815E-01 
-49.5, 112.5, 1.15058E+00 
-40.5, 112.5, 9.71795E-01 
-31.5, 112.5, 9.45205E-01 
-22.5, 112.5, 1.04000E+00 
-13.5, 112.5, 5.00000E-01 
-4.5, 112.5, 7.50000E-01 
4.5, 112.5, 0.00000E+00 
13.5, 112.5, 0.00000E+00 
22.5, 112.5, 5.00000E-01 
31.5, 112.5, 0.00000E+00 
40.5, 112.5, 5.00000E-01 
49.5, 112.5, 6.00000E-01 
58.5, 112.5, 4.73684E-01 
67.5, 112.5, 3.75887E-01 
76.5, 112.5, 2.86624E-01 
85.5, 112.5, 6.07287E-02 
94.5, 112.5, 6.92641E-02 
103.5, 112.5, 1.11732E-02 
112.5, 112.5, 0.00000E+00 
121.5, 112.5, 0.00000E+00 
130.5, 112.5, 0.00000E+00 
139.5, 112.5, 0.00000E+00 
148.5, 112.5, 0.00000E+00 
157.5, 112.5, 0.00000E+00 
166.5, 112.5, 2.77778E-02 
175.5, 112.5, 2.10526E-01 
-175.5, 103.5, 6.44737E-01 
-166.5, 103.5, 7.44444E-01 
-157.5, 103.5, 6.29080E-01 
-148.5, 103.5, 7.29375E-01 
-139.5, 103.5, 4.36975E-01 
-130.5, 103.5, 3.25362E-01 
-121.5, 103.5, 2.83915E-01 
-112.5, 103.5, 3.46977E-01 
-103.5, 103.5, 4.05594E-01 
-94.5, 103.5, 5.42131E-01 
-85.5, 103.5, 6.44076E-01 
-76.5, 103.5, 7.35307E-01 
-67.5, 103.5, 8.98210E-01 
-58.5, 103.5, 1.05949E+00 
-49.5, 103.5, 1.01339E+00 
-40.5, 103.5, 9.71326E-01 
-31.5, 103.5, 1.15730E+00 
-22.5, 103.5, 1.00000E+00 
-13.5, 103.5, 6.25000E-01 
-4.5, 103.5, 1.42857E-01 
4.5, 103.5, 6.66667E-01 
13.5, 103.5, 4.28571E-01 
22.5, 103.5, 2.00000E-01 
31.5, 103.5, 6.25000E-01 
40.5, 103.5, 1.53846E-01 
49.5, 103.5, 4.54545E-01 
58.5, 103.5, 4.67742E-01 
67.5, 103.5, 3.91534E-01 
76.5, 103.5, 2.24599E-01 
85.5, 103.5, 5.45455E-02 
94.5, 103.5, 8.80503E-02 
103.5, 103.5, 5.40541E-02 
112.5, 103.5, 0.00000E+00 
121.5, 103.5, 0.00000E+00 
130.5, 103.5, 0.00000E+00 
139.5, 103.5, 0.00000E+00 
148.5, 103.5, 0.00000E+00 
157.5, 103.5, 0.00000E+00 
166.5, 103.5, 7.69231E-02 
175.5, 103.5, 4.16667E-01 
-175.5, 94.5, 3.24324E-01 
-166.5, 94.5, 4.79592E-01 
-157.5, 94.5, 5.24064E-01 
-148.5, 94.5, 5.57129E-01 
-139.5, 94.5, 4.87317E-01 
-130.5, 94.5, 3.59882E-01 
-121.5, 94.5, 3.32120E-01 
-112.5, 94.5, 3.67735E-01 
-103.5, 94.5, 4.68767E-01 
-94.5, 94.5, 6.76227E-01 
-85.5, 94.5, 7.07870E-01 
-76.5, 94.5, 7.47438E-01 
-67.5, 94.5, 8.35749E-01 
-58.5, 94.5, 9.31373E-01 
-49.5, 94.5, 8.10219E-01 
-40.5, 94.5, 7.31707E-01 
-31.5, 94.5, 9.41176E-01 
-22.5, 94.5, 4.44444E-01 
-13.5, 94.5, 8.00000E-01 
-4.5, 94.5, 3.75000E-01 
4.5, 94.5, 3.75000E-01 
13.5, 94.5, 7.69231E-02 
22.5, 94.5, 1.71429E-01 
31.5, 94.5, 3.25581E-01 
40.5, 94.5, 3.79310E-01 
49.5, 94.5, 3.92157E-01 
58.5, 94.5, 2.96610E-01 
67.5, 94.5, 2.76316E-01 
76.5, 94.5, 2.24138E-01 
85.5, 94.5, 1.14754E-01 
94.5, 94.5, 9.43396E-02 
103.5, 94.5, 0.00000E+00 
112.5, 94.5, 0.00000E+00 
121.5, 94.5, 0.00000E+00 
130.5, 94.5, 0.00000E+00 
139.5, 94.5, 0.00000E+00 
148.5, 94.5, 0.00000E+00 
157.5, 94.5, 0.00000E+00 
166.5, 94.5, 5.71429E-02 
175.5, 94.5, 2.70270E-01 
-175.5, 85.5, 2.08333E-01 
-166.5, 85.5, 2.74510E-01 
-157.5, 85.5, 3.73684E-01 
-148.5, 85.5, 4.19624E-01 
-139.5, 85.5, 4.69613E-01 
-130.5, 85.5, 3.63506E-01 
-121.5, 85.5, 4.20664E-01 
-112.5, 85.5, 4.61791E-01 
-103.5, 85.5, 4.42281E-01 
-94.5, 85.5, 4.64677E-01 
-85.5, 85.5, 4.52459E-01 
-76.5, 85.5, 4.59371E-01 
-67.5, 85.5, 4.75000E-01 
-58.5, 85.5, 5.12821E-01 
-49.5, 85.5, 5.09434E-01 
-40.5, 85.5, 2.72727E-01 
-31.5, 85.5, 5.00000E-01 
-22.5, 85.5, 0.00000E+00 
-13.5, 85.5, 0.00000E+00 
-4.5, 85.5, 2.50000E-01 
4.5, 85.5, 2.50000E-01 
13.5, 85.5, 1.90476E-01 
22.5, 85.5, 4.47761E-01 
31.5, 85.5, 3.95062E-01 
40.5, 85.5, 4.45946E-01 
49.5, 85.5, 3.48315E-01 
58.5, 85.5, 2.79438E-01 
67.5, 85.5, 2.17687E-01 
76.5, 85.5, 1.77632E-01 
85.5, 85.5, 7.14286E-02 
94.5, 85.5, 1.63934E-02 
103.5, 85.5, 0.00000E+00 
112.5, 85.5, 0.00000E+00 
121.5, 85.5, 0.00000E+00 
130.5, 85.5, 0.00000E+00 
139.5, 85.5, 0.00000E+00 
148.5, 85.5, 0.00000E+00 
157.5, 85.5, 0.00000E+00 
166.5, 85.5, 0.00000E+00 
175.5, 85.5, 7.40741E-02 
-175.5, 76.5, 8.86076E-02 
-166.5, 76.5, 1.38889E-01 
-157.5, 76.5, 1.32948E-01 
-148.5, 76.5, 2.32715E-01 
-139.5, 76.5, 3.40278E-01 
-130.5, 76.5, 3.63229E-01 
-121.5, 76.5, 3.80223E-01 
-112.5, 76.5, 3.54599E-01 
-103.5, 76.5, 3.30729E-01 
-94.5, 76.5, 3.17699E-01 
-85.5, 76.5, 3.43786E-01 
-76.5, 76.5, 3.46708E-01 
-67.5, 76.5, 3.50064E-01 
-58.5, 76.5, 3.70968E-01 
-49.5, 76.5, 4.58333E-01 
-40.5, 76.5, 2.50000E-01 
-31.5, 76.5, 0.00000E+00 
-22.5, 76.5, 0.00000E+00 
-13.5, 76.5, 0.00000E+00 
-4.5, 76.5, 0.00000E+00 
4.5, 76.5, 0.00000E+00 
13.5, 76.5, 3.68421E-01 
22.5, 76.5, 2.22222E-01 
31.5, 76.5, 4.35897E-01 
40.5, 76.5, 3.50427E-01 
49.5, 76.5, 2.10011E-01 
58.5, 76.5, 1.73770E-01 
67.5, 76.5, 1.16371E-01 
76.5, 76.5, 8.52018E-02 
85.5, 76.5, 1.06796E-01 
94.5, 76.5, 1.80180E-02 
103.5, 76.5, 1.05263E-02 
112.5, 76.5, 0.00000E+00 
121.5, 76.5, 0.00000E+00 
130.5, 76.5, 0.00000E+00 
139.5, 76.5, 0.00000E+00 
148.5, 76.5, 0.00000E+00 
157.5, 76.5, 0.00000E+00 
166.5, 76.5, 0.00000E+00 
175.5, 76.5, 0.00000E+00 
-175.5, 67.5, 3.22581E-02 
-166.5, 67.5, 8.49421E-02 
-157.5, 67.5, 8.10811E-02 
-148.5, 67.5, 1.53365E-01 
-139.5, 67.5, 2.80431E-01 
-130.5, 67.5, 2.94540E-01 
-121.5, 67.5, 2.85344E-01 
-112.5, 67.5, 3.01333E-01 
-103.5, 67.5, 2.77843E-01 
-94.5, 67.5, 2.71084E-01 
-85.5, 67.5, 2.75676E-01 
-76.5, 67.5, 2.50290E-01 
-67.5, 67.5, 2.44615E-01 
-58.5, 67.5, 2.86885E-01 
-49.5, 67.5, 3.00000E-01 
-40.5, 67.5, 5.00000E-01 
-31.5, 67.5, 0.00000E+00 
-22.5, 67.5, 0.00000E+00 
-13.5, 67.5, 0.00000E+00 
-4.5, 67.5, 0.00000E+00 
4.5, 67.5, 0.00000E+00 
13.5, 67.5, 2.30769E-01 
22.5, 67.5, 2.03125E-01 
31.5, 67.5, 2.56831E-01 
40.5, 67.5, 2.27184E-01 
49.5, 67.5, 1.40370E-01 
58.5, 67.5, 9.25527E-02 
67.5, 67.5, 3.66430E-02 
76.5, 67.5, 9.09091E-02 
85.5, 67.5, 1.83824E-02 
94.5, 67.5, -3.58423E-03 
103.5, 67.5, 0.00000E+00 
112.5, 67.5, 0.00000E+00 
121.5, 67.5, 0.00000E+00 
130.5, 67.5, 0.00000E+00 
139.5, 67.5, 0.00000E+00 
148.5, 67.5, 0.00000E+00 
157.5, 67.5, 0.00000E+00 
166.5, 67.5, 0.00000E+00 
175.5, 67.5, 0.00000E+00 
-175.5, 58.5, 1.85185E-02 
-166.5, 58.5, 2.92887E-02 
-157.5, 58.5, 6.74603E-02 
-148.5, 58.5, 1.15607E-01 
-139.5, 58.5, 2.14481E-01 
-130.5, 58.5, 2.52969E-01 
-121.5, 58.5, 2.36025E-01 
-112.5, 58.5, 2.75862E-01 
-103.5, 58.5, 2.26784E-01 
-94.5, 58.5, 2.12035E-01 
-85.5, 58.5, 2.28947E-01 
-76.5, 58.5, 2.62078E-01 
-67.5, 58.5, 2.21190E-01 
-58.5, 58.5, 1.12245E-01 
-49.5, 58.5, 0.00000E+00 
-40.5, 58.5, 0.00000E+00 
-31.5, 58.5, 0.00000E+00 
-22.5, 58.5, 0.00000E+00 
-13.5, 58.5, 0.00000E+00 
-4.5, 58.5, 0.00000E+00 
4.5, 58.5, 0.00000E+00 
13.5, 58.5, 0.00000E+00 
22.5, 58.5, 2.97297E-01 
31.5, 58.5, 3.54839E-01 
40.5, 58.5, 2.16725E-01 
49.5, 58.5, 1.47636E-01 
58.5, 58.5, 8.89349E-02 
67.5, 58.5, 7.73437E-02 
76.5, 58.5, 4.20842E-02 
85.5, 58.5, 2.88600E-03 
94.5, 58.5, 3.23625E-03 
103.5, 58.5, 2.29621E-03 
112.5, 58.5, 0.00000E+00 
121.5, 58.5, 0.00000E+00 
130.5, 58.5, 0.00000E+00 
139.5, 58.5, 0.00000E+00 
148.5, 58.5, 0.00000E+00 
157.5, 58.5, 0.00000E+00 
166.5, 58.5, 0.00000E+00 
175.5, 58.5, 5.55556E-02 
-175.5, 49.5, 0.00000E+00 
-166.5, 49.5, 3.61446E-02 
-157.5, 49.5, 3.72208E-02 
-148.5, 49.5, 1.04825E-01 
-139.5, 49.5, 1.94896E-01 
-130.5, 49.5, 2.26263E-01 
-121.5, 49.5, 2.18381E-01 
-112.5, 49.5, 2.27941E-01 
-103.5, 49.5, 1.79130E-01 
-94.5, 49.5, 1.81639E-01 
-85.5, 49.5, 2.10419E-01 
-76.5, 49.5, 2.28639E-01 
-67.5, 49.5, 2.23499E-01 
-58.5, 49.5, 2.28346E-01 
-49.5, 49.5, 1.00000E-01 
-40.5, 49.5, 0.00000E+00 
-31.5, 49.5, 0.00000E+00 
-22.5, 49.5, 0.00000E+00 
-13.5, 49.5, 0.00000E+00 
-4.5, 49.5, 0.00000E+00 
4.5, 49.5, 0.00000E+00 
13.5, 49.5, 0.00000E+00 
22.5, 49.5, 7.77778E-01 
31.5, 49.5, 1.67315E-01 
40.5, 49.5, 1.76737E-01 
49.5, 49.5, 1.62023E-01 
58.5, 49.5, 1.05887E-01 
67.5, 49.5, 7.57697E-02 
76.5, 49.5, 1.92308E-02 
85.5, 49.5, 2.17594E-03 
94.5, 49.5, 3.10421E-03 
103.5, 49.5, 0.00000E+00 
112.5, 49.5, 0.00000E+00 
121.5, 49.5, 0.00000E+00 
130.5, 49.5, 0.00000E+00 
139.5, 49.5, 0.00000E+00 
148.5, 49.5, 0.00000E+00 
157.5, 49.5, 0.00000E+00 
166.5, 49.5, 0.00000E+00 
175.5, 49.5, 8.33333E-02 
-175.5, 40.5, 0.00000E+00 
-166.5, 40.5, 5.94059E-02 
-157.5, 40.5, 5.72391E-02 
-148.5, 40.5, 8.18182E-02 
-139.5, 40.5, 1.90639E-01 
-130.5, 40.5, 1.85355E-01 
-121.5, 40.5, 2.08253E-01 
-112.5, 40.5, 2.09334E-01 
-103.5, 40.5, 1.82003E-01 
-94.5, 40.5, 1.78439E-01 
-85.5, 40.5, 2.19945E-01 
-76.5, 40.5, 1.82660E-01 
-67.5, 40.5, 1.84106E-01 
-58.5, 40.5, 1.33858E-01 
-49.5, 40.5, 0.00000E+00 
-40.5, 40.5, 0.00000E+00 
-31.5, 40.5, 0.00000E+00 
-22.5, 40.5, 0.00000E+00 
-13.5, 40.5, 0.00000E+00 
-4.5, 40.5, 0.00000E+00 
4.5, 40.5, 0.00000E+00 
13.5, 40.5, 0.00000E+00 
22.5, 40.5, 3.33333E-01 
31.5, 40.5, 3.47368E-01 
40.5, 40.5, 2.32586E-01 
49.5, 40.5, 1.61839E-01 
58.5, 40.5, 1.20558E-01 
67.5, 40.5, 5.62272E-02 
76.5, 40.5, 1.84704E-02 
85.5, 40.5, 6.94686E-03 
94.5, 40.5, 2.07900E-03 
103.5, 40.5, 8.33681E-04 
112.5, 40.5, 0.00000E+00 
121.5, 40.5, 0.00000E+00 
130.5, 40.5, 0.00000E+00 
139.5, 40.5, 0.00000E+00 
148.5, 40.5, 0.00000E+00 
157.5, 40.5, 0.00000E+00 
166.5, 40.5, 0.00000E+00 
175.5, 40.5, 0.00000E+00 
-175.5, 31.5, 8.00000E-02 
-166.5, 31.5, 3.50877E-02 
-157.5, 31.5, 4.92424E-02 
-148.5, 31.5, 9.10518E-02 
-139.5, 31.5, 1.74265E-01 
-130.5, 31.5, 2.06361E-01 
-121.5, 31.5, 1.91371E-01 
-112.5, 31.5, 1.86813E-01 
-103.5, 31.5, 1.62176E-01 
-94.5, 31.5, 1.96120E-01 
-85.5, 31.5, 1.99103E-01 
-76.5, 31.5, 2.02341E-01 
-67.5, 31.5, 1.98925E-01 
-58.5, 31.5, 1.59763E-01 
-49.5, 31.5, 4.76190E-02 
-40.5, 31.5, 0.00000E+00 
-31.5, 31.5, 0.00000E+00 
-22.5, 31.5, 0.00000E+00 
-13.5, 31.5, 0.00000E+00 
-4.5, 31.5, 0.00000E+00 
4.5, 31.5, 0.00000E+00 
13.5, 31.5, 0.00000E+00 
22.5, 31.5, 0.00000E+00 
31.5, 31.5, 3.33333E-01 
40.5, 31.5, 2.50755E-01 
49.5, 31.5, 1.63671E-01 
58.5, 31.5, 1.28437E-01 
67.5, 31.5, 5.20280E-02 
76.5, 31.5, 1.93080E-02 
85.5, 31.5, 4.47454E-03 
94.5, 31.5, 7.04225E-04 
103.5, 31.5, 0.00000E+00 
112.5, 31.5, 0.00000E+00 
121.5, 31.5, 0.00000E+00 
130.5, 31.5, 0.00000E+00 
139.5, 31.5, 0.00000E+00 
148.5, 31.5, 0.00000E+00 
157.5, 31.5, 0.00000E+00 
166.5, 31.5, 0.00000E+00 
175.5, 31.5, 0.00000E+00 
-175.5, 22.5, 0.00000E+00 
-166.5, 22.5, 9.37500E-02 
-157.5, 22.5, 8.25243E-02 
-148.5, 22.5, 8.07087E-02 
-139.5, 22.5, 1.53698E-01 
-130.5, 22.5, 2.01703E-01 
-121.5, 22.5, 2.15275E-01 
-112.5, 22.5, 2.02999E-01 
-103.5, 22.5, 2.08686E-01 
-94.5, 22.5, 2.12931E-01 
-85.5, 22.5, 2.31878E-01 
-76.5, 22.5, 2.42711E-01 
-67.5, 22.5, 1.65437E-01 
-58.5, 22.5, 3.37079E-02 
-49.5, 22.5, 1.00000E-01 
-40.5, 22.5, 0.00000E+00 
-31.5, 22.5, 0.00000E+00 
-22.5, 22.5, 0.00000E+00 
-13.5, 22.5, 0.00000E+00 
-4.5, 22.5, 0.00000E+00 
4.5, 22.5, 0.00000E+00 
13.5, 22.5, 0.00000E+00 
22.5, 22.5, 0.00000E+00 
31.5, 22.5, 1.00000E+00 
40.5, 22.5, 4.31818E-01 
49.5, 22.5, 2.31499E-01 
58.5, 22.5, 1.37789E-01 
67.5, 22.5, 5.48957E-02 
76.5, 22.5, 1.56017E-02 
85.5, 22.5, 3.15575E-03 
94.5, 22.5, 1.33369E-03 
103.5, 22.5, 0.00000E+00 
112.5, 22.5, 0.00000E+00 
121.5, 22.5, 0.00000E+00 
130.5, 22.5, 0.00000E+00 
139.5, 22.5, 0.00000E+00 
148.5, 22.5, 0.00000E+00 
157.5, 22.5, 0.00000E+00 
166.5, 22.5, 0.00000E+00 
175.5, 22.5, 0.00000E+00 
-175.5, 13.5, 0.00000E+00 
-166.5, 13.5, 5.88235E-02 
-157.5, 13.5, 7.96460E-02 
-148.5, 13.5, 1.22995E-01 
-139.5, 13.5, 2.04545E-01 
-130.5, 13.5, 2.38989E-01 
-121.5, 13.5, 2.28978E-01 
-112.5, 13.5, 2.60737E-01 
-103.5, 13.5, 2.50380E-01 
-94.5, 13.5, 2.44129E-01 
-85.5, 13.5, 2.69037E-01 
-76.5, 13.5, 2.60419E-01 
-67.5, 13.5, 2.17338E-01 
-58.5, 13.5, 1.93676E-01 
-49.5, 13.5, 1.20000E-01 
-40.5, 13.5, 0.00000E+00 
-31.5, 13.5, 0.00000E+00 
-22.5, 13.5, 0.00000E+00 
-13.5, 13.5, 0.00000E+00 
-4.5, 13.5, 0.00000E+00 
4.5, 13.5, 0.00000E+00 
13.5, 13.5, 0.00000E+00 
22.5, 13.5, 0.00000E+00 
31.5, 13.5, 5.00000E-01 
40.5, 13.5, 1.90476E-01 
49.5, 13.5, 3.68421E-01 
58.5, 13.5, 1.52054E-01 
67.5, 13.5, 5.48500E-02 
76.5, 13.5, 1.89798E-02 
85.5, 13.5, 4.97093E-03 
94.5, 13.5, 1.06202E-03 
103.5, 13.5, 6.88942E-04 
112.5, 13.5, 0.00000E+00 
121.5, 13.5, 0.00000E+00 
130.5, 13.5, 0.00000E+00 
139.5, 13.5, 0.00000E+00 
148.5, 13.5, 0.00000E+00 
157.5, 13.5, 0.00000E+00 
166.5, 13.5, 0.00000E+00 
175.5, 13.5, 0.00000E+00 
-175.5, 4.5, 0.00000E+00 
-166.5, 4.5, 5.88235E-02 
-157.5, 4.5, 1.08108E-01 
-148.5, 4.5, 1.55894E-01 
-139.5, 4.5, 2.59470E-01 
-130.5, 4.5, 2.71921E-01 
-121.5, 4.5, 3.23836E-01 
-112.5, 4.5, 3.15259E-01 
-103.5, 4.5, 3.09946E-01 
-94.5, 4.5, 3.02870E-01 
-85.5, 4.5, 3.30988E-01 
-76.5, 4.5, 3.31932E-01 
-67.5, 4.5, 3.60650E-01 
-58.5, 4.5, 3.34579E-01 
-49.5, 4.5, -6.66667E-02 
-40.5, 4.5, 0.00000E+00 
-31.5, 4.5, 0.00000E+00 
-22.5, 4.5, 0.00000E+00 
-13.5, 4.5, 0.00000E+00 
-4.5, 4.5, 0.00000E+00 
4.5, 4.5, 0.00000E+00 
13.5, 4.5, 0.00000E+00 
22.5, 4.5, 0.00000E+00 
31.5, 4.5, 0.00000E+00 
40.5, 4.5, 1.11111E-01 
49.5, 4.5, 4.49541E-01 
58.5, 4.5, 1.60950E-01 
67.5, 4.5, 6.69224E-02 
76.5, 4.5, 2.37842E-02 
85.5, 4.5, 5.20595E-03 
94.5, 4.5, 1.64711E-03 
103.5, 4.5, 0.00000E+00 
112.5, 4.5, 0.00000E+00 
121.5, 4.5, 0.00000E+00 
130.5, 4.5, 0.00000E+00 
139.5, 4.5, 0.00000E+00 
148.5, 4.5, 0.00000E+00 
157.5, 4.5, 0.00000E+00 
166.5, 4.5, 0.00000E+00 
175.5, 4.5, 0.00000E+00 
-175.5, -4.5, 2.50000E-01 
-166.5, -4.5, 2.00000E-01 
-157.5, -4.5, 1.81818E-01 
-148.5, -4.5, 2.93103E-01 
-139.5, -4.5, 4.70219E-01 
-130.5, -4.5, 4.66415E-01 
-121.5, -4.5, 4.41090E-01 
-112.5, -4.5, 4.16379E-01 
-103.5, -4.5, 3.73901E-01 
-94.5, -4.5, 3.93247E-01 
-85.5, -4.5, 4.09992E-01 
-76.5, -4.5, 4.41495E-01 
-67.5, -4.5, 4.72293E-01 
-58.5, -4.5, 4.17766E-01 
-49.5, -4.5, 3.76147E-01 
-40.5, -4.5, 0.00000E+00 
-31.5, -4.5, 0.00000E+00 
-22.5, -4.5, 0.00000E+00 
-13.5, -4.5, 0.00000E+00 
-4.5, -4.5, 0.00000E+00 
4.5, -4.5, 0.00000E+00 
13.5, -4.5, 0.00000E+00 
22.5, -4.5, 0.00000E+00 
31.5, -4.5, 0.00000E+00 
40.5, -4.5, 0.00000E+00 
49.5, -4.5, 5.11111E-01 
58.5, -4.5, 1.66355E-01 
67.5, -4.5, 7.12440E-02 
76.5, -4.5, 2.11680E-02 
85.5, -4.5, 3.40522E-03 
94.5, -4.5, 9.18485E-04 
103.5, -4.5, 0.00000E+00 
112.5, -4.5, 0.00000E+00 
121.5, -4.5, 0.00000E+00 
130.5, -4.5, 0.00000E+00 
139.5, -4.5, 0.00000E+00 
148.5, -4.5, 0.00000E+00 
157.5, -4.5, 0.00000E+00 
166.5, -4.5, 0.00000E+00 
175.5, -4.5, 0.00000E+00 
-175.5, -13.5, 0.00000E+00 
-166.5, -13.5, 2.50000E-01 
-157.5, -13.5, 2.08333E-01 
-148.5, -13.5, 2.88660E-01 
-139.5, -13.5, 4.54545E-01 
-130.5, -13.5, 4.90310E-01 
-121.5, -13.5, 5.13039E-01 
-112.5, -13.5, 6.84803E-01 
-103.5, -13.5, 5.50465E-01 
-94.5, -13.5, 5.06372E-01 
-85.5, -13.5, 5.31047E-01 
-76.5, -13.5, 5.89900E-01 
-67.5, -13.5, 6.25236E-01 
-58.5, -13.5, 6.09488E-01 
-49.5, -13.5, 5.06579E-01 
-40.5, -13.5, 9.52381E-02 
-31.5, -13.5, 0.00000E+00 
-22.5, -13.5, 0.00000E+00 
-13.5, -13.5, 0.00000E+00 
-4.5, -13.5, 0.00000E+00 
4.5, -13.5, 0.00000E+00 
13.5, -13.5, 0.00000E+00 
22.5, -13.5, 0.00000E+00 
31.5, -13.5, 0.00000E+00 
40.5, -13.5, 0.00000E+00 
49.5, -13.5, 2.80000E-01 
58.5, -13.5, 2.49012E-01 
67.5, -13.5, 9.89011E-02 
76.5, -13.5, 3.49313E-02 
85.5, -13.5, 5.35801E-03 
94.5, -13.5, 1.62458E-03 
103.5, -13.5, 0.00000E+00 
112.5, -13.5, 0.00000E+00 
121.5, -13.5, 0.00000E+00 
130.5, -13.5, 0.00000E+00 
139.5, -13.5, 0.00000E+00 
148.5, -13.5, 0.00000E+00 
157.5, -13.5, 0.00000E+00 
166.5, -13.5, 0.00000E+00 
175.5, -13.5, 0.00000E+00 
-175.5, -22.5, 0.00000E+00 
-166.5, -22.5, 4.00000E-01 
-157.5, -22.5, 4.00000E-01 
-148.5, -22.5, 4.47761E-01 
-139.5, -22.5, 5.73099E-01 
-130.5, -22.5, 6.71088E-01 
-121.5, -22.5, 6.49810E-01 
-112.5, -22.5, 7.89474E-01 
-103.5, -22.5, 6.76509E-01 
-94.5, -22.5, 6.56708E-01 
-85.5, -22.5, 6.84425E-01 
-76.5, -22.5, 7.83237E-01 
-67.5, -22.5, 8.24719E-01 
-58.5, -22.5, 8.13852E-01 
-49.5, -22.5, 6.29981E-01 
-40.5, -22.5, 5.45455E-01 
-31.5, -22.5, 0.00000E+00 
-22.5, -22.5, 0.00000E+00 
-13.5, -22.5, 0.00000E+00 
-4.5, -22.5, 0.00000E+00 
4.5, -22.5, 0.00000E+00 
13.5, -22.5, 0.00000E+00 
22.5, -22.5, 0.00000E+00 
31.5, -22.5, 0.00000E+00 
40.5, -22.5, 2.50000E-01 
49.5, -22.5, 6.50000E-01 
58.5, -22.5, 5.28090E-01 
67.5, -22.5, 1.38040E-01 
76.5, -22.5, 3.64431E-02 
85.5, -22.5, 1.30572E-02 
94.5, -22.5, 1.54859E-03 
103.5, -22.5, 0.00000E+00 
112.5, -22.5, 0.00000E+00 
121.5, -22.5, 0.00000E+00 
130.5, -22.5, 0.00000E+00 
139.5, -22.5, 0.00000E+00 
148.5, -22.5, 0.00000E+00 
157.5, -22.5, 0.00000E+00 
166.5, -22.5, 0.00000E+00 
175.5, -22.5, 0.00000E+00 
-175.5, -31.5, 1.42857E-01 
-166.5, -31.5, 3.33333E-01 
-157.5, -31.5, 4.23077E-01 
-148.5, -31.5, 6.56716E-01 
-139.5, -31.5, 7.05479E-01 
-130.5, -31.5, 7.22714E-01 
-121.5, -31.5, 7.02235E-01 
-112.5, -31.5, 7.72076E-01 
-103.5, -31.5, 9.11041E-01 
-94.5, -31.5, 8.34859E-01 
-85.5, -31.5, 9.25263E-01 
-76.5, -31.5, 9.87651E-01 
-67.5, -31.5, 1.06817E+00 
-58.5, -31.5, 9.65795E-01 
-49.5, -31.5, 7.04825E-01 
-40.5, -31.5, 4.62236E-01 
-31.5, -31.5, 5.55556E-01 
-22.5, -31.5, 1.00000E+00 
-13.5, -31.5, 0.00000E+00 
-4.5, -31.5, 0.00000E+00 
4.5, -31.5, 0.00000E+00 
13.5, -31.5, 0.00000E+00 
22.5, -31.5, 0.00000E+00 
31.5, -31.5, 0.00000E+00 
40.5, -31.5, 0.00000E+00 
49.5, -31.5, 5.23810E-01 
58.5, -31.5, 4.08284E-01 
67.5, -31.5, 2.55376E-01 
76.5, -31.5, 6.85619E-02 
85.5, -31.5, 1.23388E-02 
94.5, -31.5, 3.14630E-03 
103.5, -31.5, 5.18135E-04 
112.5, -31.5, 0.00000E+00 
121.5, -31.5, 0.00000E+00 
130.5, -31.5, 0.00000E+00 
139.5, -31.5, 0.00000E+00 
148.5, -31.5, 0.00000E+00 
157.5, -31.5, 0.00000E+00 
166.5, -31.5, 0.00000E+00 
175.5, -31.5, 0.00000E+00 
-175.5, -40.5, 2.96296E-01 
-166.5, -40.5, 1.00000E+00 
-157.5, -40.5, 5.71429E-01 
-148.5, -40.5, 9.67742E-01 
-139.5, -40.5, 7.94118E-01 
-130.5, -40.5, 7.42331E-01 
-121.5, -40.5, 6.63142E-01 
-112.5, -40.5, 8.25279E-01 
-103.5, -40.5, 9.85411E-01 
-94.5, -40.5, 9.93243E-01 
-85.5, -40.5, 1.07503E+00 
-76.5, -40.5, 1.17868E+00 
-67.5, -40.5, 1.33511E+00 
-58.5, -40.5, 9.97728E-01 
-49.5, -40.5, 5.77465E-01 
-40.5, -40.5, 4.40378E-01 
-31.5, -40.5, 5.36842E-01 
-22.5, -40.5, 3.33333E-01 
-13.5, -40.5, 0.00000E+00 
-4.5, -40.5, 0.00000E+00 
4.5, -40.5, 0.00000E+00 
13.5, -40.5, 0.00000E+00 
22.5, -40.5, 0.00000E+00 
31.5, -40.5, 0.00000E+00 
40.5, -40.5, 0.00000E+00 
49.5, -40.5, 5.45455E-01 
58.5, -40.5, 8.11024E-01 
67.5, -40.5, 3.03311E-01 
76.5, -40.5, 5.97643E-02 
85.5, -40.5, 7.20222E-03 
94.5, -40.5, 2.47831E-03 
103.5, -40.5, 0.00000E+00 
112.5, -40.5, 6.86342E-04 
121.5, -40.5, 0.00000E+00 
130.5, -40.5, 0.00000E+00 
139.5, -40.5, 0.00000E+00 
148.5, -40.5, 0.00000E+00 
157.5, -40.5, 0.00000E+00 
166.5, -40.5, 0.00000E+00 
175.5, -40.5, 0.00000E+00 
-175.5, -49.5, 3.33333E-01 
-166.5, -49.5, 7.36842E-01 
-157.5, -49.5, 1.02500E+00 
-148.5, -49.5, 1.24590E+00 
-139.5, -49.5, 1.30476E+00 
-130.5, -49.5, 7.45247E-01 
-121.5, -49.5, 7.81585E-01 
-112.5, -49.5, 7.65636E-01 
-103.5, -49.5, 9.42285E-01 
-94.5, -49.5, 1.06652E+00 
-85.5, -49.5, 1.11999E+00 
-76.5, -49.5, 1.34563E+00 
-67.5, -49.5, 1.48728E+00 
-58.5, -49.5, 7.32459E-01 
-49.5, -49.5, 4.81424E-01 
-40.5, -49.5, 3.58006E-01 
-31.5, -49.5, 2.99611E-01 
-22.5, -49.5, 3.33333E-01 
-13.5, -49.5, 5.00000E-01 
-4.5, -49.5, 0.00000E+00 
4.5, -49.5, 0.00000E+00 
13.5, -49.5, 0.00000E+00 
22.5, -49.5, 0.00000E+00 
31.5, -49.5, 0.00000E+00 
40.5, -49.5, 0.00000E+00 
49.5, -49.5, 4.00000E-01 
58.5, -49.5, 7.32283E-01 
67.5, -49.5, 2.15837E-01 
76.5, -49.5, 5.61709E-02 
85.5, -49.5, 1.17467E-02 
94.5, -49.5, 3.27869E-03 
103.5, -49.5, 0.00000E+00 
112.5, -49.5, 0.00000E+00 
121.5, -49.5, 0.00000E+00 
130.5, -49.5, 0.00000E+00 
139.5, -49.5, 0.00000E+00 
148.5, -49.5, 0.00000E+00 
157.5, -49.5, 0.00000E+00 
166.5, -49.5, 0.00000E+00 
175.5, -49.5, 3.57143E-02 
-175.5, -58.5, 2.77778E-01 
-166.5, -58.5, 7.93103E-01 
-157.5, -58.5, 1.00000E+00 
-148.5, -58.5, 9.56522E-01 
-139.5, -58.5, 1.30570E+00 
-130.5, -58.5, 9.70588E-01 
-121.5, -58.5, 6.75883E-01 
-112.5, -58.5, 6.68235E-01 
-103.5, -58.5, 9.73594E-01 
-94.5, -58.5, 8.91586E-01 
-85.5, -58.5, 1.10245E+00 
-76.5, -58.5, 1.30060E+00 
-67.5, -58.5, 7.88281E-01 
-58.5, -58.5, 3.77973E-01 
-49.5, -58.5, 2.34481E-01 
-40.5, -58.5, 1.70732E-01 
-31.5, -58.5, 2.08211E-01 
-22.5, -58.5, 1.08108E-01 
-13.5, -58.5, 1.42857E-01 
-4.5, -58.5, 0.00000E+00 
4.5, -58.5, 0.00000E+00 
13.5, -58.5, 0.00000E+00 
22.5, -58.5, 0.00000E+00 
31.5, -58.5, 0.00000E+00 
40.5, -58.5, 0.00000E+00 
49.5, -58.5, 6.25000E-01 
58.5, -58.5, 2.04082E-01 
67.5, -58.5, 1.20818E-01 
76.5, -58.5, 3.37525E-02 
85.5, -58.5, 2.63158E-03 
94.5, -58.5, 1.06195E-03 
103.5, -58.5, 9.77517E-04 
112.5, -58.5, 0.00000E+00 
121.5, -58.5, 0.00000E+00 
130.5, -58.5, 0.00000E+00 
139.5, -58.5, 0.00000E+00 
148.5, -58.5, 0.00000E+00 
157.5, -58.5, 0.00000E+00 
166.5, -58.5, 0.00000E+00 
175.5, -58.5, 1.85185E-02 
-175.5, -67.5, 1.25000E-01 
-166.5, -67.5, 6.36364E-01 
-157.5, -67.5, 8.57143E-01 
-148.5, -67.5, 8.20896E-01 
-139.5, -67.5, 1.01370E+00 
-130.5, -67.5, 9.06542E-01 
-121.5, -67.5, 8.53147E-01 
-112.5, -67.5, 7.12707E-01 
-103.5, -67.5, 9.02703E-01 
-94.5, -67.5, 7.63441E-01 
-85.5, -67.5, 9.74265E-01 
-76.5, -67.5, 7.56598E-01 
-67.5, -67.5, 2.08038E-01 
-58.5, -67.5, 1.09772E-01 
-49.5, -67.5, 6.96409E-02 
-40.5, -67.5, 7.57282E-02 
-31.5, -67.5, 6.01093E-02 
-22.5, -67.5, 1.56250E-02 
-13.5, -67.5, 7.69231E-02 
-4.5, -67.5, 0.00000E+00 
4.5, -67.5, 2.00000E+00 
13.5, -67.5, 0.00000E+00 
22.5, -67.5, 0.00000E+00 
31.5, -67.5, 0.00000E+00 
40.5, -67.5, 0.00000E+00 
49.5, -67.5, 3.00000E-01 
58.5, -67.5, 8.19672E-02 
67.5, -67.5, 3.84615E-02 
76.5, -67.5, 1.21669E-02 
85.5, -67.5, 5.94595E-03 
94.5, -67.5, 7.53012E-04 
103.5, -67.5, 1.17233E-03 
112.5, -67.5, 0.00000E+00 
121.5, -67.5, 0.00000E+00 
130.5, -67.5, 0.00000E+00 
139.5, -67.5, 0.00000E+00 
148.5, -67.5, 0.00000E+00 
157.5, -67.5, 0.00000E+00 
166.5, -67.5, 0.00000E+00 
175.5, -67.5, 0.00000E+00 
-175.5, -76.5, 1.25000E-01 
-166.5, -76.5, 8.66667E-01 
-157.5, -76.5, 7.58621E-01 
-148.5, -76.5, 6.48148E-01 
-139.5, -76.5, 7.45098E-01 
-130.5, -76.5, 7.09091E-01 
-121.5, -76.5, 9.00000E-01 
-112.5, -76.5, 5.51020E-01 
-103.5, -76.5, 5.36842E-01 
-94.5, -76.5, 6.93694E-01 
-85.5, -76.5, 8.54369E-01 
-76.5, -76.5, 2.19731E-01 
-67.5, -76.5, 1.24260E-01 
-58.5, -76.5, 6.22951E-02 
-49.5, -76.5, 3.37323E-02 
-40.5, -76.5, 8.54701E-03 
-31.5, -76.5, 1.70940E-02 
-22.5, -76.5, 3.70370E-02 
-13.5, -76.5, 0.00000E+00 
-4.5, -76.5, 0.00000E+00 
4.5, -76.5, 0.00000E+00 
13.5, -76.5, 0.00000E+00 
22.5, -76.5, 0.00000E+00 
31.5, -76.5, 0.00000E+00 
40.5, -76.5, 2.50000E-01 
49.5, -76.5, 4.16667E-02 
58.5, -76.5, 2.15054E-02 
67.5, -76.5, 1.15830E-02 
76.5, -76.5, 6.26959E-04 
85.5, -76.5, 1.16144E-03 
94.5, -76.5, 0.00000E+00 
103.5, -76.5, 0.00000E+00 
112.5, -76.5, 0.00000E+00 
121.5, -76.5, 0.00000E+00 
130.5, -76.5, 0.00000E+00 
139.5, -76.5, 0.00000E+00 
148.5, -76.5, 0.00000E+00 
157.5, -76.5, 0.00000E+00 
166.5, -76.5, 0.00000E+00 
175.5, -76.5, 0.00000E+00 
-175.5, -85.5, 7.40741E-02 
-166.5, -85.5, 4.82759E-01 
-157.5, -85.5, 4.11765E-01 
-148.5, -85.5, 3.43750E-01 
-139.5, -85.5, 5.88235E-01 
-130.5, -85.5, 4.35897E-01 
-121.5, -85.5, 6.19048E-01 
-112.5, -85.5, 5.09804E-01 
-103.5, -85.5, 3.48485E-01 
-94.5, -85.5, 4.91803E-01 
-85.5, -85.5, 4.46429E-01 
-76.5, -85.5, 5.92105E-02 
-67.5, -85.5, 4.08163E-02 
-58.5, -85.5, 3.69069E-02 
-49.5, -85.5, 1.12360E-02 
-40.5, -85.5, 4.05405E-02 
-31.5, -85.5, 2.46914E-02 
-22.5, -85.5, 0.00000E+00 
-13.5, -85.5, 0.00000E+00 
-4.5, -85.5, 0.00000E+00 
4.5, -85.5, 0.00000E+00 
13.5, -85.5, 0.00000E+00 
22.5, -85.5, 0.00000E+00 
31.5, -85.5, 0.00000E+00 
40.5, -85.5, 9.09091E-02 
49.5, -85.5, 9.43396E-02 
58.5, -85.5, 3.66300E-03 
67.5, -85.5, 5.43478E-03 
76.5, -85.5, 1.31062E-03 
85.5, -85.5, 1.31148E-03 
94.5, -85.5, 0.00000E+00 
103.5, -85.5, 0.00000E+00 
112.5, -85.5, 0.00000E+00 
121.5, -85.5, 0.00000E+00 
130.5, -85.5, 0.00000E+00 
139.5, -85.5, 0.00000E+00 
148.5, -85.5, 0.00000E+00 
157.5, -85.5, 0.00000E+00 
166.5, -85.5, 0.00000E+00 
175.5, -85.5, 0.00000E+00 
-175.5, -94.5, 0.00000E+00 
-166.5, -94.5, 1.14286E-01 
-157.5, -94.5, 2.72727E-01 
-148.5, -94.5, 2.22222E-01 
-139.5, -94.5, 1.81818E-01 
-130.5, -94.5, 5.00000E-01 
-121.5, -94.5, 4.65116E-01 
-112.5, -94.5, 3.33333E-01 
-103.5, -94.5, 5.05263E-01 
-94.5, -94.5, 3.20755E-01 
-85.5, -94.5, 2.13115E-01 
-76.5, -94.5, 1.12069E-01 
-67.5, -94.5, 3.28947E-02 
-58.5, -94.5, 0.00000E+00 
-49.5, -94.5, 1.96078E-02 
-40.5, -94.5, 0.00000E+00 
-31.5, -94.5, 0.00000E+00 
-22.5, -94.5, 0.00000E+00 
-13.5, -94.5, 0.00000E+00 
-4.5, -94.5, 0.00000E+00 
4.5, -94.5, 0.00000E+00 
13.5, -94.5, 0.00000E+00 
22.5, -94.5, 0.00000E+00 
31.5, -94.5, 5.88235E-02 
40.5, -94.5, 7.31707E-02 
49.5, -94.5, 7.29927E-03 
58.5, -94.5, 0.00000E+00 
67.5, -94.5, 3.86473E-03 
76.5, -94.5, 7.32064E-04 
85.5, -94.5, 0.00000E+00 
94.5, -94.5, 0.00000E+00 
103.5, -94.5, 0.00000E+00 
112.5, -94.5, 0.00000E+00 
121.5, -94.5, 0.00000E+00 
130.5, -94.5, 0.00000E+00 
139.5, -94.5, 0.00000E+00 
148.5, -94.5, 0.00000E+00 
157.5, -94.5, 0.00000E+00 
166.5, -94.5, 5.10204E-03 
175.5, -94.5, 0.00000E+00 
-175.5, -103.5, 0.00000E+00 
-166.5, -103.5, 3.84615E-02 
-157.5, -103.5, 1.92308E-01 
-148.5, -103.5, 2.29508E-01 
-139.5, -103.5, 1.17647E-01 
-130.5, -103.5, 2.11538E-01 
-121.5, -103.5, 3.86364E-01 
-112.5, -103.5, 2.42424E-01 
-103.5, -103.5, 3.24324E-01 
-94.5, -103.5, 1.88679E-01 
-85.5, -103.5, 9.09091E-02 
-76.5, -103.5, 5.34759E-02 
-67.5, -103.5, 1.05820E-02 
-58.5, -103.5, 1.61290E-02 
-49.5, -103.5, 0.00000E+00 
-40.5, -103.5, 0.00000E+00 
-31.5, -103.5, 0.00000E+00 
-22.5, -103.5, 0.00000E+00 
-13.5, -103.5, 0.00000E+00 
-4.5, -103.5, 0.00000E+00 
4.5, -103.5, 0.00000E+00 
13.5, -103.5, 0.00000E+00 
22.5, -103.5, 0.00000E+00 
31.5, -103.5, 3.37079E-02 
40.5, -103.5, 1.07527E-02 
49.5, -103.5, 1.74029E-02 
58.5, -103.5, 5.89496E-03 
67.5, -103.5, 1.67785E-03 
76.5, -103.5, 1.32567E-03 
85.5, -103.5, 0.00000E+00 
94.5, -103.5, 6.19579E-04 
103.5, -103.5, 0.00000E+00 
112.5, -103.5, 0.00000E+00 
121.5, -103.5, 0.00000E+00 
130.5, -103.5, 0.00000E+00 
139.5, -103.5, 0.00000E+00 
148.5, -103.5, 0.00000E+00 
157.5, -103.5, 0.00000E+00 
166.5, -103.5, 0.00000E+00 
175.5, -103.5, 0.00000E+00 
-175.5, -112.5, 0.00000E+00 
-166.5, -112.5, 0.00000E+00 
-157.5, -112.5, 2.19780E-02 
-148.5, -112.5, 6.34921E-02 
-139.5, -112.5, 1.58537E-01 
-130.5, -112.5, 1.63265E-01 
-121.5, -112.5, 3.60000E-01 
-112.5, -112.5, 3.22222E-01 
-103.5, -112.5, 3.12849E-01 
-94.5, -112.5, 2.25108E-01 
-85.5, -112.5, 9.31174E-02 
-76.5, -112.5, 4.45860E-02 
-67.5, -112.5, 2.12766E-02 
-58.5, -112.5, 0.00000E+00 
-49.5, -112.5, 0.00000E+00 
-40.5, -112.5, 0.00000E+00 
-31.5, -112.5, 0.00000E+00 
-22.5, -112.5, 0.00000E+00 
-13.5, -112.5, 0.00000E+00 
-4.5, -112.5, 0.00000E+00 
4.5, -112.5, 0.00000E+00 
13.5, -112.5, 0.00000E+00 
22.5, -112.5, 0.00000E+00 
31.5, -112.5, 4.56621E-03 
40.5, -112.5, 2.05128E-02 
49.5, -112.5, 1.16649E-02 
58.5, -112.5, 8.56821E-03 
67.5, -112.5, 2.38064E-03 
76.5, -112.5, 0.00000E+00 
85.5, -112.5, 2.68709E-04 
94.5, -112.5, 0.00000E+00 
103.5, -112.5, 0.00000E+00 
112.5, -112.5, 0.00000E+00 
121.5, -112.5, 0.00000E+00 
130.5, -112.5, 0.00000E+00 
139.5, -112.5, 0.00000E+00 
148.5, -112.5, 0.00000E+00 
157.5, -112.5, 0.00000E+00 
166.5, -112.5, 0.00000E+00 
175.5, -112.5, 0.00000E+00 
-175.5, -121.5, 0.00000E+00 
-166.5, -121.5, 1.40845E-02 
-157.5, -121.5, 1.23457E-02 
-148.5, -121.5, 5.20833E-02 
-139.5, -121.5, 1.40187E-01 
-130.5, -121.5, 1.07383E-01 
-121.5, -121.5, 2.53086E-01 
-112.5, -121.5, 2.47934E-01 
-103.5, -121.5, 9.55414E-02 
-94.5, -121.5, 1.21655E-01 
-85.5, -121.5, 6.56566E-02 
-76.5, -121.5, 4.38596E-02 
-67.5, -121.5, 3.36134E-02 
-58.5, -121.5, 0.00000E+00 
-49.5, -121.5, 0.00000E+00 
-40.5, -121.5, 0.00000E+00 
-31.5, -121.5, 0.00000E+00 
-22.5, -121.5, 0.00000E+00 
-13.5, -121.5, 0.00000E+00 
-4.5, -121.5, 0.00000E+00 
4.5, -121.5, 0.00000E+00 
13.5, -121.5, 0.00000E+00 
22.5, -121.5, 7.14286E-02 
31.5, -121.5, 1.20482E-02 
40.5, -121.5, 1.24294E-02 
49.5, -121.5, 9.35829E-03 
58.5, -121.5, 5.35778E-03 
67.5, -121.5, 1.12731E-03 
76.5, -121.5, 2.71555E-04 
85.5, -121.5, -1.70911E-04 
94.5, -121.5, 0.00000E+00 
103.5, -121.5, 0.00000E+00 
112.5, -121.5, 0.00000E+00 
121.5, -121.5, 0.00000E+00 
130.5, -121.5, 0.00000E+00 
139.5, -121.5, 0.00000E+00 
148.5, -121.5, 0.00000E+00 
157.5, -121.5, 0.00000E+00 
166.5, -121.5, 0.00000E+00 
175.5, -121.5, 0.00000E+00 
-175.5, -130.5, 0.00000E+00 
-166.5, -130.5, 0.00000E+00 
-157.5, -130.5, 2.01342E-02 
-148.5, -130.5, 6.32911E-02 
-139.5, -130.5, 4.70588E-02 
-130.5, -130.5, 8.75576E-02 
-121.5, -130.5, 1.50485E-01 
-112.5, -130.5, 1.51515E-01 
-103.5, -130.5, 1.20219E-01 
-94.5, -130.5, 6.28141E-02 
-85.5, -130.5, 4.87445E-02 
-76.5, -130.5, 4.08163E-02 
-67.5, -130.5, 0.00000E+00 
-58.5, -130.5, 0.00000E+00 
-49.5, -130.5, 0.00000E+00 
-40.5, -130.5, 0.00000E+00 
-31.5, -130.5, 0.00000E+00 
-22.5, -130.5, 0.00000E+00 
-13.5, -130.5, 0.00000E+00 
-4.5, -130.5, 0.00000E+00 
4.5, -130.5, 0.00000E+00 
13.5, -130.5, 0.00000E+00 
22.5, -130.5, 0.00000E+00 
31.5, -130.5, 1.17188E-02 
40.5, -130.5, 7.23589E-03 
49.5, -130.5, 3.98874E-03 
58.5, -130.5, 5.46070E-03 
67.5, -130.5, 2.26858E-03 
76.5, -130.5, 1.05396E-04 
85.5, -130.5, 1.32196E-04 
94.5, -130.5, 0.00000E+00 
103.5, -130.5, 0.00000E+00 
112.5, -130.5, 0.00000E+00 
121.5, -130.5, 0.00000E+00 
130.5, -130.5, 0.00000E+00 
139.5, -130.5, 0.00000E+00 
148.5, -130.5, 0.00000E+00 
157.5, -130.5, 0.00000E+00 
166.5, -130.5, 0.00000E+00 
175.5, -130.5, 0.00000E+00 
-175.5, -139.5, 0.00000E+00 
-166.5, -139.5, 7.31261E-03 
-157.5, -139.5, 3.15789E-02 
-148.5, -139.5, 2.50896E-02 
-139.5, -139.5, 4.91228E-02 
-130.5, -139.5, 7.41990E-02 
-121.5, -139.5, 1.09375E-01 
-112.5, -139.5, 8.89454E-02 
-103.5, -139.5, 6.29171E-02 
-94.5, -139.5, 3.57942E-02 
-85.5, -139.5, 3.84895E-02 
-76.5, -139.5, 7.23764E-03 
-67.5, -139.5, 1.47059E-02 
-58.5, -139.5, 0.00000E+00 
-49.5, -139.5, 0.00000E+00 
-40.5, -139.5, 0.00000E+00 
-31.5, -139.5, 0.00000E+00 
-22.5, -139.5, 0.00000E+00 
-13.5, -139.5, 0.00000E+00 
-4.5, -139.5, 0.00000E+00 
4.5, -139.5, 0.00000E+00 
13.5, -139.5, 0.00000E+00 
22.5, -139.5, 5.00000E-02 
31.5, -139.5, -1.04167E-02 
40.5, -139.5, 5.59027E-03 
49.5, -139.5, 4.16136E-03 
58.5, -139.5, 3.56538E-03 
67.5, -139.5, 2.52579E-03 
76.5, -139.5, 1.36232E-03 
85.5, -139.5, 1.34871E-04 
94.5, -139.5, 0.00000E+00 
103.5, -139.5, 0.00000E+00 
112.5, -139.5, 0.00000E+00 
121.5, -139.5, 0.00000E+00 
130.5, -139.5, 0.00000E+00 
139.5, -139.5, 0.00000E+00 
148.5, -139.5, 0.00000E+00 
157.5, -139.5, 0.00000E+00 
166.5, -139.5, 0.00000E+00 
175.5, -139.5, 0.00000E+00 
-175.5, -148.5, 4.19727E-03 
-166.5, -148.5, 1.30435E-02 
-157.5, -148.5, 1.06157E-02 
-148.5, -148.5, 3.84181E-02 
-139.5, -148.5, 6.31808E-02 
-130.5, -148.5, 6.44468E-02 
-121.5, -148.5, 7.97607E-02 
-112.5, -148.5, 6.15627E-02 
-103.5, -148.5, 3.69515E-02 
-94.5, -148.5, 2.12489E-02 
-85.5, -148.5, 4.21053E-03 
-76.5, -148.5, 1.26659E-02 
-67.5, -148.5, 1.23967E-02 
-58.5, -148.5, 0.00000E+00 
-49.5, -148.5, 0.00000E+00 
-40.5, -148.5, 0.00000E+00 
-31.5, -148.5, 0.00000E+00 
-22.5, -148.5, 0.00000E+00 
-13.5, -148.5, 0.00000E+00 
-4.5, -148.5, 0.00000E+00 
4.5, -148.5, 0.00000E+00 
13.5, -148.5, 0.00000E+00 
22.5, -148.5, 0.00000E+00 
31.5, -148.5, 0.00000E+00 
40.5, -148.5, -1.01317E-03 
49.5, -148.5, 1.57978E-03 
58.5, -148.5, 2.25885E-03 
67.5, -148.5, 1.35656E-03 
76.5, -148.5, 9.84575E-04 
85.5, -148.5, 2.91673E-04 
94.5, -148.5, 0.00000E+00 
103.5, -148.5, 0.00000E+00 
112.5, -148.5, 0.00000E+00 
121.5, -148.5, 0.00000E+00 
130.5, -148.5, 0.00000E+00 
139.5, -148.5, 0.00000E+00 
148.5, -148.5, 0.00000E+00 
157.5, -148.5, 0.00000E+00 
166.5, -148.5, 0.00000E+00 
175.5, -148.5, 0.00000E+00 
-175.5, -157.5, 1.36519E-03 
-166.5, -157.5, 8.63309E-03 
-157.5, -157.5, 2.06469E-02 
-148.5, -157.5, 4.53258E-02 
-139.5, -157.5, 4.72325E-02 
-130.5, -157.5, 3.96040E-02 
-121.5, -157.5, 6.69993E-02 
-112.5, -157.5, 5.18602E-02 
-103.5, -157.5, 3.13531E-02 
-94.5, -157.5, 1.76119E-02 
-85.5, -157.5, 1.62850E-02 
-76.5, -157.5, 6.02813E-03 
-67.5, -157.5, 2.56191E-03 
-58.5, -157.5, 3.10881E-02 
-49.5, -157.5, 0.00000E+00 
-40.5, -157.5, 0.00000E+00 
-31.5, -157.5, 0.00000E+00 
-22.5, -157.5, 0.00000E+00 
-13.5, -157.5, 0.00000E+00 
-4.5, -157.5, 0.00000E+00 
4.5, -157.5, 0.00000E+00 
13.5, -157.5, 0.00000E+00 
22.5, -157.5, 0.00000E+00 
31.5, -157.5, 0.00000E+00 
40.5, -157.5, 5.74713E-03 
49.5, -157.5, -1.91278E-03 
58.5, -157.5, 1.84796E-03 
67.5, -157.5, 1.71946E-03 
76.5, -157.5, 4.34216E-04 
85.5, -157.5, 3.00436E-04 
94.5, -157.5, 2.22866E-04 
103.5, -157.5, 0.00000E+00 
112.5, -157.5, 0.00000E+00 
121.5, -157.5, 0.00000E+00 
130.5, -157.5, 0.00000E+00 
139.5, -157.5, 0.00000E+00 
148.5, -157.5, 0.00000E+00 
157.5, -157.5, 0.00000E+00 
166.5, -157.5, 0.00000E+00 
175.5, -157.5, 8.61326E-04 
-175.5, -166.5, 6.66667E-03 
-166.5, -166.5, 3.12347E-02 
-157.5, -166.5, 7.07965E-02 
-148.5, -166.5, 8.30380E-02 
-139.5, -166.5, 9.11136E-02 
-130.5, -166.5, 9.72610E-02 
-121.5, -166.5, 9.53390E-02 
-112.5, -166.5, 7.46644E-02 
-103.5, -166.5, 6.03394E-02 
-94.5, -166.5, 3.76356E-02 
-85.5, -166.5, 3.17601E-02 
-76.5, -166.5, 2.77300E-02 
-67.5, -166.5, 1.35870E-02 
-58.5, -166.5, 0.00000E+00 
-49.5, -166.5, 0.00000E+00 
-40.5, -166.5, 0.00000E+00 
-31.5, -166.5, 0.00000E+00 
-22.5, -166.5, 0.00000E+00 
-13.5, -166.5, 0.00000E+00 
-4.5, -166.5, 0.00000E+00 
4.5, -166.5, 0.00000E+00 
13.5, -166.5, 0.00000E+00 
22.5, -166.5, 0.00000E+00 
31.5, -166.5, 5.00000E-01 
40.5, -166.5, 3.44828E-02 
49.5, -166.5, 4.12655E-03 
58.5, -166.5, 2.94985E-03 
67.5, -166.5, 2.31029E-03 
76.5, -166.5, 8.43882E-04 
85.5, -166.5, 6.13371E-04 
94.5, -166.5, 0.00000E+00 
103.5, -166.5, 0.00000E+00 
112.5, -166.5, 0.00000E+00 
121.5, -166.5, 0.00000E+00 
130.5, -166.5, 0.00000E+00 
139.5, -166.5, 0.00000E+00 
148.5, -166.5, 0.00000E+00 
157.5, -166.5, 0.00000E+00 
166.5, -166.5, 0.00000E+00 
175.5, -166.5, 9.68992E-04 
-175.5, -175.5, 2.78917E-02 
-166.5, -175.5, 7.46562E-02 
-157.5, -175.5, 1.48586E-01 
-148.5, -175.5, 2.00793E-01 
-139.5, -175.5, 2.77502E-01 
-130.5, -175.5, 2.43470E-01 
-121.5, -175.5, 2.38905E-01 
-112.5, -175.5, 2.11728E-01 
-103.5, -175.5, 1.24234E-01 
-94.5, -175.5, 9.95340E-02 
-85.5, -175.5, 8.68323E-02 
-76.5, -175.5, 8.43036E-02 
-67.5, -175.5, 6.96586E-02 
-58.5, -175.5, 6.51709E-02 
-49.5, -175.5, 6.25000E-02 
-40.5, -175.5, 0.00000E+00 
-31.5, -175.5, 0.00000E+00 
-22.5, -175.5, 0.00000E+00 
-13.5, -175.5, 0.00000E+00 
-4.5, -175.5, 0.00000E+00 
4.5, -175.5, 0.00000E+00 
13.5, -175.5, 0.00000E+00 
22.5, -175.5, 0.00000E+00 
31.5, -175.5, 0.00000E+00 
40.5, -175.5, 1.42857E-01 
49.5, -175.5, 2.78638E-02 
58.5, -175.5, 1.82999E-02 
67.5, -175.5, 6.68960E-03 
76.5, -175.5, 1.64975E-03 
85.5, -175.5, 5.27357E-04 
94.5, -175.5, 3.64631E-04 
103.5, -175.5, 0.00000E+00 
112.5, -175.5, 0.00000E+00 
121.5, -175.5, 0.00000E+00 
130.5, -175.5, 0.00000E+00 
139.5, -175.5, 0.00000E+00 
148.5, -175.5, 0.00000E+00 
157.5, -175.5, 0.00000E+00 
166.5, -175.5, 0.00000E+00 
175.5, -175.5, 4.84066E-03 
