x, y, probability density 
-175.5, 175.5, 9.76200E-02 
-166.5, 175.5, 4.17671E-01 
-157.5, 175.5, 6.54709E-01 
-148.5, 175.5, 6.17408E-01 
-139.5, 175.5, 7.81633E-01 
-130.5, 175.5, 9.56109E-01 
-121.5, 175.5, 1.14599E+00 
-112.5, 175.5, 1.18209E+00 
-103.5, 175.5, 8.79140E-01 
-94.5, 175.5, 5.80492E-01 
-85.5, 175.5, 4.47462E-01 
-76.5, 175.5, 4.15355E-01 
-67.5, 175.5, 3.82072E-01 
-58.5, 175.5, 4.09091E-01 
-49.5, 175.5, 2.94118E-01 
-40.5, 175.5, 7.14286E-01 
-31.5, 175.5, 0.00000E+00 
-22.5, 175.5, 0.00000E+00 
-13.5, 175.5, 0.00000E+00 
-4.5, 175.5, 0.00000E+00 
4.5, 175.5, 0.00000E+00 
13.5, 175.5, 0.00000E+00 
22.5, 175.5, 0.00000E+00 
31.5, 175.5, 0.00000E+00 
40.5, 175.5, 0.00000E+00 
49.5, 175.5, 4.16667E-02 
58.5, 175.5, 3.52564E-02 
67.5, 175.5, 1.51432E-02 
76.5, 175.5, 2.35814E-03 
85.5, 175.5, 1.71380E-03 
94.5, 175.5, 0.00000E+00 
103.5, 175.5, 0.00000E+00 
112.5, 175.5, 0.00000E+00 
121.5, 175.5, 0.00000E+00 
130.5, 175.5, 0.00000E+00 
139.5, 175.5, 0.00000E+00 
148.5, 175.5, 0.00000E+00 
157.5, 175.5, 0.00000E+00 
166.5, 175.5, 0.00000E+00 
175.5, 175.5, 1.31255E-02 
-175.5, 166.5, 2.50969E-01 
-166.5, 166.5, 4.78221E-01 
-157.5, 166.5, 6.32147E-01 
-148.5, 166.5, 6.28937E-01 
-139.5, 166.5, 7.71328E-01 
-130.5, 166.5, 1.00031E+00 
-121.5, 166.5, 1.02740E+00 
-112.5, 166.5, 1.17955E+00 
-103.5, 166.5, 1.09186E+00 
-94.5, 166.5, 9.37352E-01 
-85.5, 166.5, 7.34615E-01 
-76.5, 166.5, 6.72743E-01 
-67.5, 166.5, 5.45584E-01 
-58.5, 166.5, 4.21501E-01 
-49.5, 166.5, 3.85144E-01 
-40.5, 166.5, 3.96552E-01 
-31.5, 166.5, 5.00000E-01 
-22.5, 166.5, 0.00000E+00 
-13.5, 166.5, 0.00000E+00 
-4.5, 166.5, 0.00000E+00 
4.5, 166.5, 0.00000E+00 
13.5, 166.5, 0.00000E+00 
22.5, 166.5, 0.00000E+00 
31.5, 166.5, 0.00000E+00 
40.5, 166.5, 0.00000E+00 
49.5, 166.5, 5.12821E-02 
58.5, 166.5, 5.58140E-02 
67.5, 166.5, 1.72101E-02 
76.5, 166.5, 6.66380E-03 
85.5, 166.5, 2.30660E-03 
94.5, 166.5, 4.42772E-04 
103.5, 166.5, 0.00000E+00 
112.5, 166.5, 0.00000E+00 
121.5, 166.5, 0.00000E+00 
130.5, 166.5, 0.00000E+00 
139.5, 166.5, 0.00000E+00 
148.5, 166.5, 0.00000E+00 
157.5, 166.5, 0.00000E+00 
166.5, 166.5, 2.92826E-03 
175.5, 166.5, 2.47619E-02 
-175.5, 157.5, 2.96296E-01 
-166.5, 157.5, 3.94650E-01 
-157.5, 157.5, 5.58636E-01 
-148.5, 157.5, 6.96078E-01 
-139.5, 157.5, 7.87078E-01 
-130.5, 157.5, 8.86036E-01 
-121.5, 157.5, 8.82525E-01 
-112.5, 157.5, 1.04512E+00 
-103.5, 157.5, 1.16762E+00 
-94.5, 157.5, 9.81056E-01 
-85.5, 157.5, 8.24996E-01 
-76.5, 157.5, 6.99305E-01 
-67.5, 157.5, 5.40090E-01 
-58.5, 157.5, 4.31849E-01 
-49.5, 157.5, 3.53099E-01 
-40.5, 157.5, 3.18966E-01 
-31.5, 157.5, 3.04348E-01 
-22.5, 157.5, 0.00000E+00 
-13.5, 157.5, 0.00000E+00 
-4.5, 157.5, 0.00000E+00 
4.5, 157.5, 0.00000E+00 
13.5, 157.5, 0.00000E+00 
22.5, 157.5, 0.00000E+00 
31.5, 157.5, 0.00000E+00 
40.5, 157.5, 0.00000E+00 
49.5, 157.5, 1.53846E-01 
58.5, 157.5, 9.32642E-02 
67.5, 157.5, 3.33049E-02 
76.5, 157.5, 9.37709E-03 
85.5, 157.5, 0.00000E+00 
94.5, 157.5, -8.95522E-04 
103.5, 157.5, 0.00000E+00 
112.5, 157.5, 0.00000E+00 
121.5, 157.5, 0.00000E+00 
130.5, 157.5, 0.00000E+00 
139.5, 157.5, 0.00000E+00 
148.5, 157.5, 0.00000E+00 
157.5, 157.5, 0.00000E+00 
166.5, 157.5, 4.31655E-03 
175.5, 157.5, 5.59727E-02 
-175.5, 148.5, 2.31804E-01 
-166.5, 148.5, 3.31210E-01 
-157.5, 148.5, 4.91540E-01 
-148.5, 148.5, 6.99791E-01 
-139.5, 148.5, 7.07125E-01 
-130.5, 148.5, 6.58142E-01 
-121.5, 148.5, 6.63800E-01 
-112.5, 148.5, 8.09808E-01 
-103.5, 148.5, 9.51839E-01 
-94.5, 148.5, 1.01539E+00 
-85.5, 148.5, 9.05206E-01 
-76.5, 148.5, 7.35102E-01 
-67.5, 148.5, 5.59760E-01 
-58.5, 148.5, 4.43403E-01 
-49.5, 148.5, 3.77765E-01 
-40.5, 148.5, 3.43465E-01 
-31.5, 148.5, 2.44444E-01 
-22.5, 148.5, 6.00000E-01 
-13.5, 148.5, 0.00000E+00 
-4.5, 148.5, 0.00000E+00 
4.5, 148.5, 0.00000E+00 
13.5, 148.5, 0.00000E+00 
22.5, 148.5, 0.00000E+00 
31.5, 148.5, 0.00000E+00 
40.5, 148.5, 0.00000E+00 
49.5, 148.5, 2.00000E-01 
58.5, 148.5, 9.72222E-02 
67.5, 148.5, 1.36364E-01 
76.5, 148.5, 1.62847E-02 
85.5, 148.5, -6.73684E-03 
94.5, 148.5, -1.30095E-03 
103.5, 148.5, 0.00000E+00 
112.5, 148.5, 0.00000E+00 
121.5, 148.5, 0.00000E+00 
130.5, 148.5, 0.00000E+00 
139.5, 148.5, 0.00000E+00 
148.5, 148.5, 0.00000E+00 
157.5, 148.5, 0.00000E+00 
166.5, 148.5, 8.69565E-03 
175.5, 148.5, 8.81427E-02 
-175.5, 139.5, 2.08333E-01 
-166.5, 139.5, 3.39262E-01 
-157.5, 139.5, 5.07312E-01 
-148.5, 139.5, 7.05595E-01 
-139.5, 139.5, 5.21434E-01 
-130.5, 139.5, 4.21891E-01 
-121.5, 139.5, 4.56320E-01 
-112.5, 139.5, 5.09586E-01 
-103.5, 139.5, 5.96615E-01 
-94.5, 139.5, 7.03316E-01 
-85.5, 139.5, 7.46240E-01 
-76.5, 139.5, 7.88349E-01 
-67.5, 139.5, 6.76442E-01 
-58.5, 139.5, 5.10741E-01 
-49.5, 139.5, 4.26242E-01 
-40.5, 139.5, 3.50871E-01 
-31.5, 139.5, 3.75000E-01 
-22.5, 139.5, 1.50000E-01 
-13.5, 139.5, 0.00000E+00 
-4.5, 139.5, 0.00000E+00 
4.5, 139.5, 0.00000E+00 
13.5, 139.5, 0.00000E+00 
22.5, 139.5, 0.00000E+00 
31.5, 139.5, 0.00000E+00 
40.5, 139.5, 0.00000E+00 
49.5, 139.5, 0.00000E+00 
58.5, 139.5, 1.25000E-01 
67.5, 139.5, 9.55882E-02 
76.5, 139.5, 2.89505E-02 
85.5, 139.5, 2.17865E-03 
94.5, 139.5, -5.96570E-03 
103.5, 139.5, 0.00000E+00 
112.5, 139.5, 0.00000E+00 
121.5, 139.5, 0.00000E+00 
130.5, 139.5, 0.00000E+00 
139.5, 139.5, 0.00000E+00 
148.5, 139.5, 0.00000E+00 
157.5, 139.5, 0.00000E+00 
166.5, 139.5, 3.65631E-03 
175.5, 139.5, 7.01107E-02 
-175.5, 130.5, 2.64840E-01 
-166.5, 130.5, 4.27481E-01 
-157.5, 130.5, 5.57217E-01 
-148.5, 130.5, 6.13051E-01 
-139.5, 130.5, 3.82158E-01 
-130.5, 130.5, 3.27304E-01 
-121.5, 130.5, 3.17975E-01 
-112.5, 130.5, 3.53171E-01 
-103.5, 130.5, 4.37289E-01 
-94.5, 130.5, 4.86677E-01 
-85.5, 130.5, 5.17285E-01 
-76.5, 130.5, 5.92011E-01 
-67.5, 130.5, 6.77862E-01 
-58.5, 130.5, 6.70422E-01 
-49.5, 130.5, 5.24636E-01 
-40.5, 130.5, 4.75398E-01 
-31.5, 130.5, 4.25781E-01 
-22.5, 130.5, 5.14286E-01 
-13.5, 130.5, 0.00000E+00 
-4.5, 130.5, 0.00000E+00 
4.5, 130.5, 0.00000E+00 
13.5, 130.5, 0.00000E+00 
22.5, 130.5, 0.00000E+00 
31.5, 130.5, 0.00000E+00 
40.5, 130.5, 0.00000E+00 
49.5, 130.5, 0.00000E+00 
58.5, 130.5, 4.76190E-02 
67.5, 130.5, 1.44928E-01 
76.5, 130.5, 2.26757E-02 
85.5, 130.5, 1.03397E-02 
94.5, 130.5, 0.00000E+00 
103.5, 130.5, 0.00000E+00 
112.5, 130.5, 0.00000E+00 
121.5, 130.5, 0.00000E+00 
130.5, 130.5, 0.00000E+00 
139.5, 130.5, 0.00000E+00 
148.5, 130.5, 0.00000E+00 
157.5, 130.5, 6.71141E-03 
166.5, 130.5, 0.00000E+00 
175.5, 130.5, 1.23288E-01 
-175.5, 121.5, 3.30396E-01 
-166.5, 121.5, 4.35165E-01 
-157.5, 121.5, 5.04846E-01 
-148.5, 121.5, 5.84429E-01 
-139.5, 121.5, 3.56546E-01 
-130.5, 121.5, 2.91630E-01 
-121.5, 121.5, 2.96499E-01 
-112.5, 121.5, 3.30991E-01 
-103.5, 121.5, 3.54242E-01 
-94.5, 121.5, 4.17273E-01 
-85.5, 121.5, 4.44881E-01 
-76.5, 121.5, 5.04684E-01 
-67.5, 121.5, 6.39486E-01 
-58.5, 121.5, 7.54256E-01 
-49.5, 121.5, 7.07665E-01 
-40.5, 121.5, 6.09040E-01 
-31.5, 121.5, 5.56627E-01 
-22.5, 121.5, 5.00000E-01 
-13.5, 121.5, 6.15385E-01 
-4.5, 121.5, 6.66667E-01 
4.5, 121.5, 0.00000E+00 
13.5, 121.5, 0.00000E+00 
22.5, 121.5, 0.00000E+00 
31.5, 121.5, 0.00000E+00 
40.5, 121.5, 0.00000E+00 
49.5, 121.5, 1.42857E-01 
58.5, 121.5, 1.70213E-01 
67.5, 121.5, 2.85714E-01 
76.5, 121.5, 4.38596E-02 
85.5, 121.5, 1.51515E-02 
94.5, 121.5, -4.86618E-03 
103.5, 121.5, 0.00000E+00 
112.5, 121.5, 0.00000E+00 
121.5, 121.5, 0.00000E+00 
130.5, 121.5, 0.00000E+00 
139.5, 121.5, 0.00000E+00 
148.5, 121.5, 0.00000E+00 
157.5, 121.5, 0.00000E+00 
166.5, 121.5, 0.00000E+00 
175.5, 121.5, 1.31387E-01 
-175.5, 112.5, 3.30769E-01 
-166.5, 112.5, 4.05122E-01 
-157.5, 112.5, 5.23646E-01 
-148.5, 112.5, 5.80680E-01 
-139.5, 112.5, 4.05714E-01 
-130.5, 112.5, 3.06789E-01 
-121.5, 112.5, 3.20432E-01 
-112.5, 112.5, 3.05657E-01 
-103.5, 112.5, 3.58185E-01 
-94.5, 112.5, 4.61207E-01 
-85.5, 112.5, 5.05979E-01 
-76.5, 112.5, 5.54605E-01 
-67.5, 112.5, 6.74778E-01 
-58.5, 112.5, 7.93687E-01 
-49.5, 112.5, 8.73807E-01 
-40.5, 112.5, 7.69231E-01 
-31.5, 112.5, 7.16895E-01 
-22.5, 112.5, 5.20000E-01 
-13.5, 112.5, 3.33333E-01 
-4.5, 112.5, 5.00000E-01 
4.5, 112.5, 6.66667E-01 
13.5, 112.5, 6.66667E-01 
22.5, 112.5, 0.00000E+00 
31.5, 112.5, 0.00000E+00 
40.5, 112.5, 1.66667E-01 
49.5, 112.5, 1.00000E-01 
58.5, 112.5, 1.57895E-01 
67.5, 112.5, 2.62411E-01 
76.5, 112.5, 1.21019E-01 
85.5, 112.5, 1.21457E-02 
94.5, 112.5, 8.65801E-03 
103.5, 112.5, 0.00000E+00 
112.5, 112.5, 0.00000E+00 
121.5, 112.5, 0.00000E+00 
130.5, 112.5, 0.00000E+00 
139.5, 112.5, 0.00000E+00 
148.5, 112.5, 0.00000E+00 
157.5, 112.5, 0.00000E+00 
166.5, 112.5, 5.55556E-02 
175.5, 112.5, 7.89474E-02 
-175.5, 103.5, 3.55263E-01 
-166.5, 103.5, 4.37037E-01 
-157.5, 103.5, 5.67755E-01 
-148.5, 103.5, 5.82884E-01 
-139.5, 103.5, 4.76190E-01 
-130.5, 103.5, 3.56199E-01 
-121.5, 103.5, 3.87521E-01 
-112.5, 103.5, 4.32620E-01 
-103.5, 103.5, 5.06161E-01 
-94.5, 103.5, 5.76208E-01 
-85.5, 103.5, 6.36656E-01 
-76.5, 103.5, 7.11003E-01 
-67.5, 103.5, 7.83557E-01 
-58.5, 103.5, 8.68703E-01 
-49.5, 103.5, 1.01606E+00 
-40.5, 103.5, 7.34767E-01 
-31.5, 103.5, 7.30337E-01 
-22.5, 103.5, 6.19048E-01 
-13.5, 103.5, 6.25000E-01 
-4.5, 103.5, 5.71429E-01 
4.5, 103.5, 0.00000E+00 
13.5, 103.5, 0.00000E+00 
22.5, 103.5, 1.00000E+00 
31.5, 103.5, 2.50000E-01 
40.5, 103.5, 1.53846E-01 
49.5, 103.5, 2.72727E-01 
58.5, 103.5, 1.45161E-01 
67.5, 103.5, 1.37566E-01 
76.5, 103.5, 5.34759E-02 
85.5, 103.5, -6.06061E-03 
94.5, 103.5, 0.00000E+00 
103.5, 103.5, 0.00000E+00 
112.5, 103.5, 0.00000E+00 
121.5, 103.5, 0.00000E+00 
130.5, 103.5, 0.00000E+00 
139.5, 103.5, 0.00000E+00 
148.5, 103.5, 0.00000E+00 
157.5, 103.5, 0.00000E+00 
166.5, 103.5, 0.00000E+00 
175.5, 103.5, 1.25000E-01 
-175.5, 94.5, 1.21622E-01 
-166.5, 94.5, 3.26531E-01 
-157.5, 94.5, 4.97326E-01 
-148.5, 94.5, 5.49575E-01 
-139.5, 94.5, 5.58032E-01 
-130.5, 94.5, 5.43756E-01 
-121.5, 94.5, 4.93176E-01 
-112.5, 94.5, 5.70140E-01 
-103.5, 94.5, 6.33499E-01 
-94.5, 94.5, 7.96470E-01 
-85.5, 94.5, 7.79563E-01 
-76.5, 94.5, 7.91362E-01 
-67.5, 94.5, 7.17874E-01 
-58.5, 94.5, 8.38235E-01 
-49.5, 94.5, 9.78102E-01 
-40.5, 94.5, 5.60976E-01 
-31.5, 94.5, 4.70588E-01 
-22.5, 94.5, 0.00000E+00 
-13.5, 94.5, 0.00000E+00 
-4.5, 94.5, 1.25000E-01 
4.5, 94.5, 1.25000E-01 
13.5, 94.5, 1.53846E-01 
22.5, 94.5, 1.71429E-01 
31.5, 94.5, 1.39535E-01 
40.5, 94.5, 3.79310E-01 
49.5, 94.5, 3.52941E-01 
58.5, 94.5, 1.94915E-01 
67.5, 94.5, 2.03947E-01 
76.5, 94.5, 8.62069E-02 
85.5, 94.5, 0.00000E+00 
94.5, 94.5, 1.88679E-02 
103.5, 94.5, 0.00000E+00 
112.5, 94.5, 0.00000E+00 
121.5, 94.5, 0.00000E+00 
130.5, 94.5, 0.00000E+00 
139.5, 94.5, 0.00000E+00 
148.5, 94.5, 0.00000E+00 
157.5, 94.5, 0.00000E+00 
166.5, 94.5, 5.71429E-02 
175.5, 94.5, 5.40541E-02 
-175.5, 85.5, 8.33333E-02 
-166.5, 85.5, 2.69608E-01 
-157.5, 85.5, 3.50000E-01 
-148.5, 85.5, 4.86430E-01 
-139.5, 85.5, 5.34070E-01 
-130.5, 85.5, 6.09195E-01 
-121.5, 85.5, 6.93727E-01 
-112.5, 85.5, 7.47740E-01 
-103.5, 85.5, 6.63421E-01 
-94.5, 85.5, 5.58209E-01 
-85.5, 85.5, 4.93115E-01 
-76.5, 85.5, 4.76409E-01 
-67.5, 85.5, 4.63043E-01 
-58.5, 85.5, 4.87179E-01 
-49.5, 85.5, 4.33962E-01 
-40.5, 85.5, 0.00000E+00 
-31.5, 85.5, 0.00000E+00 
-22.5, 85.5, 0.00000E+00 
-13.5, 85.5, 0.00000E+00 
-4.5, 85.5, 0.00000E+00 
4.5, 85.5, 1.25000E-01 
13.5, 85.5, 2.85714E-01 
22.5, 85.5, 3.28358E-01 
31.5, 85.5, 2.71605E-01 
40.5, 85.5, 3.37838E-01 
49.5, 85.5, 2.80899E-01 
58.5, 85.5, 1.24780E-01 
67.5, 85.5, 1.32653E-01 
76.5, 85.5, 1.11842E-01 
85.5, 85.5, -3.57143E-02 
94.5, 85.5, 1.63934E-02 
103.5, 85.5, 0.00000E+00 
112.5, 85.5, 0.00000E+00 
121.5, 85.5, 0.00000E+00 
130.5, 85.5, 0.00000E+00 
139.5, 85.5, 0.00000E+00 
148.5, 85.5, 0.00000E+00 
157.5, 85.5, 0.00000E+00 
166.5, 85.5, 0.00000E+00 
175.5, 85.5, 0.00000E+00 
-175.5, 76.5, 2.53165E-02 
-166.5, 76.5, 7.53968E-02 
-157.5, 76.5, 2.06166E-01 
-148.5, 76.5, 3.03541E-01 
-139.5, 76.5, 5.03472E-01 
-130.5, 76.5, 6.54709E-01 
-121.5, 76.5, 5.73816E-01 
-112.5, 76.5, 5.83086E-01 
-103.5, 76.5, 4.50521E-01 
-94.5, 76.5, 4.69912E-01 
-85.5, 76.5, 3.85017E-01 
-76.5, 76.5, 4.32602E-01 
-67.5, 76.5, 3.65508E-01 
-58.5, 76.5, 2.41935E-01 
-49.5, 76.5, 3.33333E-01 
-40.5, 76.5, 2.50000E-01 
-31.5, 76.5, 0.00000E+00 
-22.5, 76.5, 0.00000E+00 
-13.5, 76.5, 0.00000E+00 
-4.5, 76.5, 0.00000E+00 
4.5, 76.5, 2.00000E-01 
13.5, 76.5, 1.57895E-01 
22.5, 76.5, 1.66667E-01 
31.5, 76.5, 2.99145E-01 
40.5, 76.5, 1.83761E-01 
49.5, 76.5, 1.75190E-01 
58.5, 76.5, 1.13115E-01 
67.5, 76.5, 5.52268E-02 
76.5, 76.5, 3.58744E-02 
85.5, 76.5, 1.94175E-02 
94.5, 76.5, 1.80180E-02 
103.5, 76.5, 0.00000E+00 
112.5, 76.5, 0.00000E+00 
121.5, 76.5, 0.00000E+00 
130.5, 76.5, 0.00000E+00 
139.5, 76.5, 0.00000E+00 
148.5, 76.5, 0.00000E+00 
157.5, 76.5, 0.00000E+00 
166.5, 76.5, 0.00000E+00 
175.5, 76.5, 0.00000E+00 
-175.5, 67.5, 0.00000E+00 
-166.5, 67.5, 6.17761E-02 
-157.5, 67.5, 1.08108E-01 
-148.5, 67.5, 2.50391E-01 
-139.5, 67.5, 4.63790E-01 
-130.5, 67.5, 6.02011E-01 
-121.5, 67.5, 5.48638E-01 
-112.5, 67.5, 5.00000E-01 
-103.5, 67.5, 4.12661E-01 
-94.5, 67.5, 3.44880E-01 
-85.5, 67.5, 3.28649E-01 
-76.5, 67.5, 2.72885E-01 
-67.5, 67.5, 2.58462E-01 
-58.5, 67.5, 2.21311E-01 
-49.5, 67.5, 1.00000E-01 
-40.5, 67.5, 5.00000E-01 
-31.5, 67.5, 0.00000E+00 
-22.5, 67.5, 0.00000E+00 
-13.5, 67.5, 0.00000E+00 
-4.5, 67.5, 0.00000E+00 
4.5, 67.5, 0.00000E+00 
13.5, 67.5, 1.53846E-01 
22.5, 67.5, 6.25000E-02 
31.5, 67.5, 2.07650E-01 
40.5, 67.5, 1.53398E-01 
49.5, 67.5, 1.42546E-01 
58.5, 67.5, 5.38097E-02 
67.5, 67.5, -3.54610E-03 
76.5, 67.5, -2.93255E-03 
85.5, 67.5, -1.83824E-02 
94.5, 67.5, -7.16846E-03 
103.5, 67.5, 0.00000E+00 
112.5, 67.5, 0.00000E+00 
121.5, 67.5, 0.00000E+00 
130.5, 67.5, 0.00000E+00 
139.5, 67.5, 0.00000E+00 
148.5, 67.5, 0.00000E+00 
157.5, 67.5, 0.00000E+00 
166.5, 67.5, 0.00000E+00 
175.5, 67.5, 0.00000E+00 
-175.5, 58.5, 0.00000E+00 
-166.5, 58.5, 5.02092E-02 
-157.5, 58.5, 1.09127E-01 
-148.5, 58.5, 1.60405E-01 
-139.5, 58.5, 3.48361E-01 
-130.5, 58.5, 4.61995E-01 
-121.5, 58.5, 4.24431E-01 
-112.5, 58.5, 4.50654E-01 
-103.5, 58.5, 3.33333E-01 
-94.5, 58.5, 3.12566E-01 
-85.5, 58.5, 2.45789E-01 
-76.5, 58.5, 2.57445E-01 
-67.5, 58.5, 2.15613E-01 
-58.5, 58.5, 1.73469E-01 
-49.5, 58.5, 1.25000E-01 
-40.5, 58.5, 6.66667E-01 
-31.5, 58.5, 0.00000E+00 
-22.5, 58.5, 0.00000E+00 
-13.5, 58.5, 0.00000E+00 
-4.5, 58.5, 0.00000E+00 
4.5, 58.5, 0.00000E+00 
13.5, 58.5, 0.00000E+00 
22.5, 58.5, 2.16216E-01 
31.5, 58.5, 2.08211E-01 
40.5, 58.5, 1.17770E-01 
49.5, 58.5, 9.23126E-02 
58.5, 58.5, 6.46329E-02 
67.5, 58.5, 2.81250E-02 
76.5, 58.5, 2.00401E-03 
85.5, 58.5, -2.88600E-03 
94.5, 58.5, -1.61812E-03 
103.5, 58.5, 0.00000E+00 
112.5, 58.5, 0.00000E+00 
121.5, 58.5, 0.00000E+00 
130.5, 58.5, 0.00000E+00 
139.5, 58.5, 0.00000E+00 
148.5, 58.5, 0.00000E+00 
157.5, 58.5, 0.00000E+00 
166.5, 58.5, 0.00000E+00 
175.5, 58.5, 0.00000E+00 
-175.5, 49.5, 3.57143E-02 
-166.5, 49.5, 3.01205E-02 
-157.5, 49.5, 8.18859E-02 
-148.5, 49.5, 2.16306E-01 
-139.5, 49.5, 4.03712E-01 
-130.5, 49.5, 4.65657E-01 
-121.5, 49.5, 4.56155E-01 
-112.5, 49.5, 4.06250E-01 
-103.5, 49.5, 3.34783E-01 
-94.5, 49.5, 2.80000E-01 
-85.5, 49.5, 2.49745E-01 
-76.5, 49.5, 2.18354E-01 
-67.5, 49.5, 2.43934E-01 
-58.5, 49.5, 1.33858E-01 
-49.5, 49.5, 0.00000E+00 
-40.5, 49.5, 0.00000E+00 
-31.5, 49.5, 0.00000E+00 
-22.5, 49.5, 0.00000E+00 
-13.5, 49.5, 0.00000E+00 
-4.5, 49.5, 0.00000E+00 
4.5, 49.5, 0.00000E+00 
13.5, 49.5, 0.00000E+00 
22.5, 49.5, 2.22222E-01 
31.5, 49.5, 1.36187E-01 
40.5, 49.5, 1.20846E-01 
49.5, 49.5, 9.80392E-02 
58.5, 49.5, 7.96428E-02 
67.5, 49.5, 3.82865E-02 
76.5, 49.5, 1.24740E-02 
85.5, 49.5, 1.55424E-03 
94.5, 49.5, 4.43459E-04 
103.5, 49.5, 0.00000E+00 
112.5, 49.5, 0.00000E+00 
121.5, 49.5, 0.00000E+00 
130.5, 49.5, 0.00000E+00 
139.5, 49.5, 0.00000E+00 
148.5, 49.5, 0.00000E+00 
157.5, 49.5, 0.00000E+00 
166.5, 49.5, 0.00000E+00 
175.5, 49.5, 0.00000E+00 
-175.5, 40.5, 0.00000E+00 
-166.5, 40.5, 7.92079E-02 
-157.5, 40.5, 1.07744E-01 
-148.5, 40.5, 1.81818E-01 
-139.5, 40.5, 4.56621E-01 
-130.5, 40.5, 5.18688E-01 
-121.5, 40.5, 4.87427E-01 
-112.5, 40.5, 4.16609E-01 
-103.5, 40.5, 3.61976E-01 
-94.5, 40.5, 3.05452E-01 
-85.5, 40.5, 2.49861E-01 
-76.5, 40.5, 2.07071E-01 
-67.5, 40.5, 2.05298E-01 
-58.5, 40.5, 1.18110E-01 
-49.5, 40.5, 9.09091E-02 
-40.5, 40.5, 0.00000E+00 
-31.5, 40.5, 0.00000E+00 
-22.5, 40.5, 0.00000E+00 
-13.5, 40.5, 0.00000E+00 
-4.5, 40.5, 0.00000E+00 
4.5, 40.5, 0.00000E+00 
13.5, 40.5, 0.00000E+00 
22.5, 40.5, 0.00000E+00 
31.5, 40.5, 2.00000E-01 
40.5, 40.5, 8.61865E-02 
49.5, 40.5, 1.10816E-01 
58.5, 40.5, 9.84910E-02 
67.5, 40.5, 4.10458E-02 
76.5, 40.5, 1.24504E-02 
85.5, 40.5, 1.04203E-03 
94.5, 40.5, 0.00000E+00 
103.5, 40.5, 0.00000E+00 
112.5, 40.5, 0.00000E+00 
121.5, 40.5, 0.00000E+00 
130.5, 40.5, 0.00000E+00 
139.5, 40.5, 0.00000E+00 
148.5, 40.5, 0.00000E+00 
157.5, 40.5, 0.00000E+00 
166.5, 40.5, 0.00000E+00 
175.5, 40.5, 0.00000E+00 
-175.5, 31.5, 8.00000E-02 
-166.5, 31.5, 5.26316E-02 
-157.5, 31.5, 1.21212E-01 
-148.5, 31.5, 2.57457E-01 
-139.5, 31.5, 4.77204E-01 
-130.5, 31.5, 6.87870E-01 
-121.5, 31.5, 6.02030E-01 
-112.5, 31.5, 5.00500E-01 
-103.5, 31.5, 4.33679E-01 
-94.5, 31.5, 3.39276E-01 
-85.5, 31.5, 2.88839E-01 
-76.5, 31.5, 2.41639E-01 
-67.5, 31.5, 2.52688E-01 
-58.5, 31.5, 1.00592E-01 
-49.5, 31.5, 4.76190E-02 
-40.5, 31.5, 0.00000E+00 
-31.5, 31.5, 0.00000E+00 
-22.5, 31.5, 0.00000E+00 
-13.5, 31.5, 0.00000E+00 
-4.5, 31.5, 0.00000E+00 
4.5, 31.5, 0.00000E+00 
13.5, 31.5, 0.00000E+00 
22.5, 31.5, 0.00000E+00 
31.5, 31.5, 2.22222E-01 
40.5, 31.5, 8.76133E-02 
49.5, 31.5, 1.08798E-01 
58.5, 31.5, 8.48424E-02 
67.5, 31.5, 4.01359E-02 
76.5, 31.5, 1.20553E-02 
85.5, 31.5, 2.05587E-03 
94.5, 31.5, 0.00000E+00 
103.5, 31.5, 0.00000E+00 
112.5, 31.5, 0.00000E+00 
121.5, 31.5, 0.00000E+00 
130.5, 31.5, 0.00000E+00 
139.5, 31.5, 0.00000E+00 
148.5, 31.5, 0.00000E+00 
157.5, 31.5, 0.00000E+00 
166.5, 31.5, 0.00000E+00 
175.5, 31.5, 0.00000E+00 
-175.5, 22.5, 0.00000E+00 
-166.5, 22.5, 1.25000E-01 
-157.5, 22.5, 1.31068E-01 
-148.5, 22.5, 3.11024E-01 
-139.5, 22.5, 5.20653E-01 
-130.5, 22.5, 7.72757E-01 
-121.5, 22.5, 7.51228E-01 
-112.5, 22.5, 6.13610E-01 
-103.5, 22.5, 4.81168E-01 
-94.5, 22.5, 3.95277E-01 
-85.5, 22.5, 3.50293E-01 
-76.5, 22.5, 3.16327E-01 
-67.5, 22.5, 2.41307E-01 
-58.5, 22.5, 1.91011E-01 
-49.5, 22.5, 0.00000E+00 
-40.5, 22.5, 0.00000E+00 
-31.5, 22.5, 0.00000E+00 
-22.5, 22.5, 0.00000E+00 
-13.5, 22.5, 0.00000E+00 
-4.5, 22.5, 0.00000E+00 
4.5, 22.5, 0.00000E+00 
13.5, 22.5, 0.00000E+00 
22.5, 22.5, 0.00000E+00 
31.5, 22.5, 0.00000E+00 
40.5, 22.5, 2.04545E-01 
49.5, 22.5, 1.40417E-01 
58.5, 22.5, 1.34872E-01 
67.5, 22.5, 5.33975E-02 
76.5, 22.5, 1.44398E-02 
85.5, 22.5, 3.89827E-03 
94.5, 22.5, 2.66738E-04 
103.5, 22.5, 0.00000E+00 
112.5, 22.5, 0.00000E+00 
121.5, 22.5, 0.00000E+00 
130.5, 22.5, 0.00000E+00 
139.5, 22.5, 0.00000E+00 
148.5, 22.5, 0.00000E+00 
157.5, 22.5, 0.00000E+00 
166.5, 22.5, 0.00000E+00 
175.5, 22.5, 0.00000E+00 
-175.5, 13.5, 2.22222E-01 
-166.5, 13.5, 4.11765E-01 
-157.5, 13.5, 2.30088E-01 
-148.5, 13.5, 4.11765E-01 
-139.5, 13.5, 7.28535E-01 
-130.5, 13.5, 8.93863E-01 
-121.5, 13.5, 8.50367E-01 
-112.5, 13.5, 6.93608E-01 
-103.5, 13.5, 5.60998E-01 
-94.5, 13.5, 4.47054E-01 
-85.5, 13.5, 3.90810E-01 
-76.5, 13.5, 3.50036E-01 
-67.5, 13.5, 2.79609E-01 
-58.5, 13.5, 2.49012E-01 
-49.5, 13.5, 1.20000E-01 
-40.5, 13.5, 0.00000E+00 
-31.5, 13.5, 0.00000E+00 
-22.5, 13.5, 0.00000E+00 
-13.5, 13.5, 0.00000E+00 
-4.5, 13.5, 0.00000E+00 
4.5, 13.5, 0.00000E+00 
13.5, 13.5, 0.00000E+00 
22.5, 13.5, 0.00000E+00 
31.5, 13.5, 0.00000E+00 
40.5, 13.5, 0.00000E+00 
49.5, 13.5, 2.03947E-01 
58.5, 13.5, 1.20712E-01 
67.5, 13.5, 6.89003E-02 
76.5, 13.5, 1.74547E-02 
85.5, 13.5, 3.79139E-03 
94.5, 13.5, 2.12404E-04 
103.5, 13.5, 3.44471E-04 
112.5, 13.5, 0.00000E+00 
121.5, 13.5, 0.00000E+00 
130.5, 13.5, 0.00000E+00 
139.5, 13.5, 0.00000E+00 
148.5, 13.5, 0.00000E+00 
157.5, 13.5, 0.00000E+00 
166.5, 13.5, 0.00000E+00 
175.5, 13.5, 0.00000E+00 
-175.5, 4.5, 0.00000E+00 
-166.5, 4.5, 2.94118E-01 
-157.5, 4.5, 3.51351E-01 
-148.5, 4.5, 3.76426E-01 
-139.5, 4.5, 7.65152E-01 
-130.5, 4.5, 1.00493E+00 
-121.5, 4.5, 9.83562E-01 
-112.5, 4.5, 7.58081E-01 
-103.5, 4.5, 6.00806E-01 
-94.5, 4.5, 4.73938E-01 
-85.5, 4.5, 3.87287E-01 
-76.5, 4.5, 3.50248E-01 
-67.5, 4.5, 3.13400E-01 
-58.5, 4.5, 2.11215E-01 
-49.5, 4.5, -6.66667E-02 
-40.5, 4.5, 0.00000E+00 
-31.5, 4.5, 0.00000E+00 
-22.5, 4.5, 0.00000E+00 
-13.5, 4.5, 0.00000E+00 
-4.5, 4.5, 0.00000E+00 
4.5, 4.5, 0.00000E+00 
13.5, 4.5, 0.00000E+00 
22.5, 4.5, 0.00000E+00 
31.5, 4.5, 0.00000E+00 
40.5, 4.5, 2.22222E-01 
49.5, 4.5, 1.19266E-01 
58.5, 4.5, 1.31047E-01 
67.5, 4.5, 6.47911E-02 
76.5, 4.5, 1.74135E-02 
85.5, 4.5, 3.56197E-03 
94.5, 4.5, 2.05888E-04 
103.5, 4.5, 0.00000E+00 
112.5, 4.5, 0.00000E+00 
121.5, 4.5, 0.00000E+00 
130.5, 4.5, 0.00000E+00 
139.5, 4.5, 0.00000E+00 
148.5, 4.5, 0.00000E+00 
157.5, 4.5, 0.00000E+00 
166.5, 4.5, 0.00000E+00 
175.5, 4.5, 0.00000E+00 
-175.5, -4.5, 0.00000E+00 
-166.5, -4.5, 2.00000E-01 
-157.5, -4.5, 2.95455E-01 
-148.5, -4.5, 5.43103E-01 
-139.5, -4.5, 7.30408E-01 
-130.5, -4.5, 1.02792E+00 
-121.5, -4.5, 9.42563E-01 
-112.5, -4.5, 7.96552E-01 
-103.5, -4.5, 5.41484E-01 
-94.5, -4.5, 4.46366E-01 
-85.5, -4.5, 3.87707E-01 
-76.5, -4.5, 3.53366E-01 
-67.5, -4.5, 3.49531E-01 
-58.5, -4.5, 3.22779E-01 
-49.5, -4.5, 2.47706E-01 
-40.5, -4.5, 0.00000E+00 
-31.5, -4.5, 0.00000E+00 
-22.5, -4.5, 0.00000E+00 
-13.5, -4.5, 0.00000E+00 
-4.5, -4.5, 0.00000E+00 
4.5, -4.5, 0.00000E+00 
13.5, -4.5, 0.00000E+00 
22.5, -4.5, 0.00000E+00 
31.5, -4.5, 0.00000E+00 
40.5, -4.5, 0.00000E+00 
49.5, -4.5, 6.66667E-02 
58.5, -4.5, 7.28972E-02 
67.5, -4.5, 4.39276E-02 
76.5, -4.5, 1.66642E-02 
85.5, -4.5, 1.36209E-03 
94.5, -4.5, 2.29621E-04 
103.5, -4.5, 0.00000E+00 
112.5, -4.5, 0.00000E+00 
121.5, -4.5, 0.00000E+00 
130.5, -4.5, 0.00000E+00 
139.5, -4.5, 0.00000E+00 
148.5, -4.5, 0.00000E+00 
157.5, -4.5, 0.00000E+00 
166.5, -4.5, 0.00000E+00 
175.5, -4.5, 0.00000E+00 
-175.5, -13.5, 0.00000E+00 
-166.5, -13.5, 0.00000E+00 
-157.5, -13.5, 5.41667E-01 
-148.5, -13.5, 5.25773E-01 
-139.5, -13.5, 5.45455E-01 
-130.5, -13.5, 7.84884E-01 
-121.5, -13.5, 8.18397E-01 
-112.5, -13.5, 7.92370E-01 
-103.5, -13.5, 5.50121E-01 
-94.5, -13.5, 3.99108E-01 
-85.5, -13.5, 3.57317E-01 
-76.5, -13.5, 3.45365E-01 
-67.5, -13.5, 3.54499E-01 
-58.5, -13.5, 3.25709E-01 
-49.5, -13.5, 1.57895E-01 
-40.5, -13.5, 9.52381E-02 
-31.5, -13.5, 0.00000E+00 
-22.5, -13.5, 0.00000E+00 
-13.5, -13.5, 0.00000E+00 
-4.5, -13.5, 0.00000E+00 
4.5, -13.5, 0.00000E+00 
13.5, -13.5, 0.00000E+00 
22.5, -13.5, 0.00000E+00 
31.5, -13.5, 0.00000E+00 
40.5, -13.5, 3.33333E-01 
49.5, -13.5, 1.20000E-01 
58.5, -13.5, -3.95257E-03 
67.5, -13.5, 1.95360E-02 
76.5, -13.5, 1.08408E-02 
85.5, -13.5, -1.46128E-03 
94.5, -13.5, -4.43066E-04 
103.5, -13.5, 0.00000E+00 
112.5, -13.5, 0.00000E+00 
121.5, -13.5, 0.00000E+00 
130.5, -13.5, 0.00000E+00 
139.5, -13.5, 0.00000E+00 
148.5, -13.5, 0.00000E+00 
157.5, -13.5, 0.00000E+00 
166.5, -13.5, 0.00000E+00 
175.5, -13.5, 2.22222E-01 
-175.5, -22.5, 0.00000E+00 
-166.5, -22.5, 6.00000E-01 
-157.5, -22.5, 4.00000E-01 
-148.5, -22.5, 4.17910E-01 
-139.5, -22.5, 5.84795E-01 
-130.5, -22.5, 7.10875E-01 
-121.5, -22.5, 7.21871E-01 
-112.5, -22.5, 7.17989E-01 
-103.5, -22.5, 5.49141E-01 
-94.5, -22.5, 4.43852E-01 
-85.5, -22.5, 4.02079E-01 
-76.5, -22.5, 4.22739E-01 
-67.5, -22.5, 4.28785E-01 
-58.5, -22.5, 3.91981E-01 
-49.5, -22.5, 2.75142E-01 
-40.5, -22.5, 4.54545E-02 
-31.5, -22.5, 0.00000E+00 
-22.5, -22.5, 0.00000E+00 
-13.5, -22.5, 0.00000E+00 
-4.5, -22.5, 0.00000E+00 
4.5, -22.5, 0.00000E+00 
13.5, -22.5, 0.00000E+00 
22.5, -22.5, 0.00000E+00 
31.5, -22.5, 0.00000E+00 
40.5, -22.5, 0.00000E+00 
49.5, -22.5, 1.50000E-01 
58.5, -22.5, 3.37079E-02 
67.5, -22.5, 7.37619E-03 
76.5, -22.5, -2.18659E-03 
85.5, -22.5, -1.80099E-03 
94.5, -22.5, -7.74293E-04 
103.5, -22.5, 0.00000E+00 
112.5, -22.5, 0.00000E+00 
121.5, -22.5, 0.00000E+00 
130.5, -22.5, 0.00000E+00 
139.5, -22.5, 0.00000E+00 
148.5, -22.5, 0.00000E+00 
157.5, -22.5, 0.00000E+00 
166.5, -22.5, 0.00000E+00 
175.5, -22.5, 0.00000E+00 
-175.5, -31.5, 0.00000E+00 
-166.5, -31.5, 1.66667E-01 
-157.5, -31.5, 3.07692E-01 
-148.5, -31.5, 4.02985E-01 
-139.5, -31.5, 4.86301E-01 
-130.5, -31.5, 6.34218E-01 
-121.5, -31.5, 6.08508E-01 
-112.5, -31.5, 7.10125E-01 
-103.5, -31.5, 6.90852E-01 
-94.5, -31.5, 5.24296E-01 
-85.5, -31.5, 5.30778E-01 
-76.5, -31.5, 5.50524E-01 
-67.5, -31.5, 5.97154E-01 
-58.5, -31.5, 4.86922E-01 
-49.5, -31.5, 3.11258E-01 
-40.5, -31.5, 1.66163E-01 
-31.5, -31.5, -1.11111E-01 
-22.5, -31.5, 0.00000E+00 
-13.5, -31.5, 0.00000E+00 
-4.5, -31.5, 0.00000E+00 
4.5, -31.5, 0.00000E+00 
13.5, -31.5, 0.00000E+00 
22.5, -31.5, 0.00000E+00 
31.5, -31.5, 0.00000E+00 
40.5, -31.5, 0.00000E+00 
49.5, -31.5, -4.76190E-02 
58.5, -31.5, 1.36095E-01 
67.5, -31.5, 4.83871E-02 
76.5, -31.5, -7.52508E-03 
85.5, -31.5, -2.24341E-03 
94.5, -31.5, -5.24384E-04 
103.5, -31.5, 0.00000E+00 
112.5, -31.5, 0.00000E+00 
121.5, -31.5, 0.00000E+00 
130.5, -31.5, 0.00000E+00 
139.5, -31.5, 0.00000E+00 
148.5, -31.5, 0.00000E+00 
157.5, -31.5, 0.00000E+00 
166.5, -31.5, 0.00000E+00 
175.5, -31.5, 0.00000E+00 
-175.5, -40.5, 0.00000E+00 
-166.5, -40.5, 1.25000E-01 
-157.5, -40.5, 3.92857E-01 
-148.5, -40.5, 3.87097E-01 
-139.5, -40.5, 7.20588E-01 
-130.5, -40.5, 6.28834E-01 
-121.5, -40.5, 6.16314E-01 
-112.5, -40.5, 6.58524E-01 
-103.5, -40.5, 8.18674E-01 
-94.5, -40.5, 7.26611E-01 
-85.5, -40.5, 7.12400E-01 
-76.5, -40.5, 7.74525E-01 
-67.5, -40.5, 8.18949E-01 
-58.5, -40.5, 6.18043E-01 
-49.5, -40.5, 3.66994E-01 
-40.5, -40.5, 2.63282E-01 
-31.5, -40.5, 2.63158E-01 
-22.5, -40.5, 0.00000E+00 
-13.5, -40.5, 0.00000E+00 
-4.5, -40.5, 0.00000E+00 
4.5, -40.5, 0.00000E+00 
13.5, -40.5, 0.00000E+00 
22.5, -40.5, 0.00000E+00 
31.5, -40.5, 0.00000E+00 
40.5, -40.5, 0.00000E+00 
49.5, -40.5, 0.00000E+00 
58.5, -40.5, 2.91339E-01 
67.5, -40.5, 8.34437E-02 
76.5, -40.5, -2.52525E-03 
85.5, -40.5, -1.66205E-03 
94.5, -40.5, 0.00000E+00 
103.5, -40.5, 0.00000E+00 
112.5, -40.5, 0.00000E+00 
121.5, -40.5, 0.00000E+00 
130.5, -40.5, 0.00000E+00 
139.5, -40.5, 0.00000E+00 
148.5, -40.5, 0.00000E+00 
157.5, -40.5, 0.00000E+00 
166.5, -40.5, 0.00000E+00 
175.5, -40.5, 0.00000E+00 
-175.5, -49.5, 0.00000E+00 
-166.5, -49.5, 5.26316E-01 
-157.5, -49.5, 8.50000E-01 
-148.5, -49.5, 8.52459E-01 
-139.5, -49.5, 9.90476E-01 
-130.5, -49.5, 7.64259E-01 
-121.5, -49.5, 7.98715E-01 
-112.5, -49.5, 6.99656E-01 
-103.5, -49.5, 8.35100E-01 
-94.5, -49.5, 8.63415E-01 
-85.5, -49.5, 8.55145E-01 
-76.5, -49.5, 1.02131E+00 
-67.5, -49.5, 1.13173E+00 
-58.5, -49.5, 5.82650E-01 
-49.5, -49.5, 3.46749E-01 
-40.5, -49.5, 2.06949E-01 
-31.5, -49.5, 9.72763E-02 
-22.5, -49.5, 3.33333E-01 
-13.5, -49.5, 0.00000E+00 
-4.5, -49.5, 0.00000E+00 
4.5, -49.5, 0.00000E+00 
13.5, -49.5, 0.00000E+00 
22.5, -49.5, 0.00000E+00 
31.5, -49.5, 0.00000E+00 
40.5, -49.5, 0.00000E+00 
49.5, -49.5, 1.00000E-01 
58.5, -49.5, 2.12598E-01 
67.5, -49.5, 9.57854E-02 
76.5, -49.5, -1.58228E-03 
85.5, -49.5, 1.02145E-03 
94.5, -49.5, -6.55738E-04 
103.5, -49.5, 0.00000E+00 
112.5, -49.5, 0.00000E+00 
121.5, -49.5, 0.00000E+00 
130.5, -49.5, 0.00000E+00 
139.5, -49.5, 0.00000E+00 
148.5, -49.5, 0.00000E+00 
157.5, -49.5, 0.00000E+00 
166.5, -49.5, 0.00000E+00 
175.5, -49.5, 3.57143E-02 
-175.5, -58.5, 1.11111E-01 
-166.5, -58.5, 4.48276E-01 
-157.5, -58.5, 5.20000E-01 
-148.5, -58.5, 1.01449E+00 
-139.5, -58.5, 9.94819E-01 
-130.5, -58.5, 9.58824E-01 
-121.5, -58.5, 7.25038E-01 
-112.5, -58.5, 8.47059E-01 
-103.5, -58.5, 9.71297E-01 
-94.5, -58.5, 8.93204E-01 
-85.5, -58.5, 1.07215E+00 
-76.5, -58.5, 1.14963E+00 
-67.5, -58.5, 6.94531E-01 
-58.5, -58.5, 3.56256E-01 
-49.5, -58.5, 1.99743E-01 
-40.5, -58.5, 1.45645E-01 
-31.5, -58.5, 1.26100E-01 
-22.5, -58.5, 1.35135E-01 
-13.5, -58.5, 0.00000E+00 
-4.5, -58.5, 0.00000E+00 
4.5, -58.5, 0.00000E+00 
13.5, -58.5, 0.00000E+00 
22.5, -58.5, 0.00000E+00 
31.5, -58.5, 0.00000E+00 
40.5, -58.5, 6.66667E-01 
49.5, -58.5, 3.75000E-01 
58.5, -58.5, 2.04082E-01 
67.5, -58.5, 3.53160E-02 
76.5, -58.5, 1.12508E-02 
85.5, -58.5, 0.00000E+00 
94.5, -58.5, 3.53982E-04 
103.5, -58.5, 0.00000E+00 
112.5, -58.5, 0.00000E+00 
121.5, -58.5, 0.00000E+00 
130.5, -58.5, 0.00000E+00 
139.5, -58.5, 0.00000E+00 
148.5, -58.5, 0.00000E+00 
157.5, -58.5, 0.00000E+00 
166.5, -58.5, 0.00000E+00 
175.5, -58.5, 3.70370E-02 
-175.5, -67.5, 3.12500E-01 
-166.5, -67.5, 5.90909E-01 
-157.5, -67.5, 9.52381E-01 
-148.5, -67.5, 5.52239E-01 
-139.5, -67.5, 1.06849E+00 
-130.5, -67.5, 1.18692E+00 
-121.5, -67.5, 1.11888E+00 
-112.5, -67.5, 1.11050E+00 
-103.5, -67.5, 1.12432E+00 
-94.5, -67.5, 9.13978E-01 
-85.5, -67.5, 1.04044E+00 
-76.5, -67.5, 9.67742E-01 
-67.5, -67.5, 2.86052E-01 
-58.5, -67.5, 1.25269E-01 
-49.5, -67.5, 9.24918E-02 
-40.5, -67.5, 7.57282E-02 
-31.5, -67.5, 6.01093E-02 
-22.5, -67.5, 4.68750E-02 
-13.5, -67.5, 1.53846E-01 
-4.5, -67.5, 0.00000E+00 
4.5, -67.5, 0.00000E+00 
13.5, -67.5, 0.00000E+00 
22.5, -67.5, 0.00000E+00 
31.5, -67.5, 0.00000E+00 
40.5, -67.5, 5.00000E-01 
49.5, -67.5, 2.00000E-01 
58.5, -67.5, 1.63934E-02 
67.5, -67.5, 2.15385E-02 
76.5, -67.5, 5.21437E-03 
85.5, -67.5, 3.24324E-03 
94.5, -67.5, 0.00000E+00 
103.5, -67.5, 0.00000E+00 
112.5, -67.5, 0.00000E+00 
121.5, -67.5, 0.00000E+00 
130.5, -67.5, 0.00000E+00 
139.5, -67.5, 0.00000E+00 
148.5, -67.5, 0.00000E+00 
157.5, -67.5, 0.00000E+00 
166.5, -67.5, 0.00000E+00 
175.5, -67.5, 1.61290E-02 
-175.5, -76.5, 6.25000E-02 
-166.5, -76.5, 2.66667E-01 
-157.5, -76.5, 6.89655E-01 
-148.5, -76.5, 5.00000E-01 
-139.5, -76.5, 7.05882E-01 
-130.5, -76.5, 1.34545E+00 
-121.5, -76.5, 1.55714E+00 
-112.5, -76.5, 1.02041E+00 
-103.5, -76.5, 9.47368E-01 
-94.5, -76.5, 9.90991E-01 
-85.5, -76.5, 1.09709E+00 
-76.5, -76.5, 4.03587E-01 
-67.5, -76.5, 1.20316E-01 
-58.5, -76.5, 6.39344E-02 
-49.5, -76.5, 5.76714E-02 
-40.5, -76.5, 2.56410E-02 
-31.5, -76.5, 4.27350E-02 
-22.5, -76.5, 9.25926E-02 
-13.5, -76.5, 0.00000E+00 
-4.5, -76.5, 0.00000E+00 
4.5, -76.5, 0.00000E+00 
13.5, -76.5, 0.00000E+00 
22.5, -76.5, 0.00000E+00 
31.5, -76.5, 0.00000E+00 
40.5, -76.5, 2.50000E-01 
49.5, -76.5, 4.16667E-02 
58.5, -76.5, 2.68817E-02 
67.5, -76.5, 1.67310E-02 
76.5, -76.5, -6.26959E-04 
85.5, -76.5, 5.80720E-04 
94.5, -76.5, 0.00000E+00 
103.5, -76.5, 0.00000E+00 
112.5, -76.5, 0.00000E+00 
121.5, -76.5, 0.00000E+00 
130.5, -76.5, 0.00000E+00 
139.5, -76.5, 0.00000E+00 
148.5, -76.5, 0.00000E+00 
157.5, -76.5, 0.00000E+00 
166.5, -76.5, 0.00000E+00 
175.5, -76.5, 0.00000E+00 
-175.5, -85.5, 0.00000E+00 
-166.5, -85.5, 1.37931E-01 
-157.5, -85.5, 3.52941E-01 
-148.5, -85.5, 5.00000E-01 
-139.5, -85.5, 9.11765E-01 
-130.5, -85.5, 1.02564E+00 
-121.5, -85.5, 1.61905E+00 
-112.5, -85.5, 1.37255E+00 
-103.5, -85.5, 9.09091E-01 
-94.5, -85.5, 1.13115E+00 
-85.5, -85.5, 9.28571E-01 
-76.5, -85.5, 2.89474E-01 
-67.5, -85.5, 6.46259E-02 
-58.5, -85.5, 1.93322E-02 
-49.5, -85.5, 1.12360E-02 
-40.5, -85.5, 0.00000E+00 
-31.5, -85.5, 0.00000E+00 
-22.5, -85.5, 0.00000E+00 
-13.5, -85.5, 0.00000E+00 
-4.5, -85.5, 0.00000E+00 
4.5, -85.5, 0.00000E+00 
13.5, -85.5, 0.00000E+00 
22.5, -85.5, 0.00000E+00 
31.5, -85.5, 0.00000E+00 
40.5, -85.5, 9.09091E-02 
49.5, -85.5, 9.43396E-02 
58.5, -85.5, -3.66300E-03 
67.5, -85.5, 4.34783E-03 
76.5, -85.5, 6.55308E-04 
85.5, -85.5, 0.00000E+00 
94.5, -85.5, 0.00000E+00 
103.5, -85.5, 0.00000E+00 
112.5, -85.5, 0.00000E+00 
121.5, -85.5, 0.00000E+00 
130.5, -85.5, 0.00000E+00 
139.5, -85.5, 0.00000E+00 
148.5, -85.5, 0.00000E+00 
157.5, -85.5, 0.00000E+00 
166.5, -85.5, 0.00000E+00 
175.5, -85.5, 1.38889E-02 
-175.5, -94.5, 5.40541E-02 
-166.5, -94.5, 2.28571E-01 
-157.5, -94.5, 1.36364E-01 
-148.5, -94.5, 3.33333E-01 
-139.5, -94.5, 8.48485E-01 
-130.5, -94.5, 9.72222E-01 
-121.5, -94.5, 1.44186E+00 
-112.5, -94.5, 1.75000E+00 
-103.5, -94.5, 9.05263E-01 
-94.5, -94.5, 7.73585E-01 
-85.5, -94.5, 6.22951E-01 
-76.5, -94.5, 1.63793E-01 
-67.5, -94.5, 1.25000E-01 
-58.5, -94.5, 1.69492E-02 
-49.5, -94.5, 1.96078E-02 
-40.5, -94.5, 0.00000E+00 
-31.5, -94.5, 4.65116E-02 
-22.5, -94.5, 0.00000E+00 
-13.5, -94.5, 0.00000E+00 
-4.5, -94.5, 0.00000E+00 
4.5, -94.5, 0.00000E+00 
13.5, -94.5, 0.00000E+00 
22.5, -94.5, 0.00000E+00 
31.5, -94.5, 0.00000E+00 
40.5, -94.5, 2.43902E-02 
49.5, -94.5, 2.18978E-02 
58.5, -94.5, 7.35294E-03 
67.5, -94.5, 3.86473E-03 
76.5, -94.5, 1.46413E-03 
85.5, -94.5, 0.00000E+00 
94.5, -94.5, 0.00000E+00 
103.5, -94.5, 0.00000E+00 
112.5, -94.5, 0.00000E+00 
121.5, -94.5, 0.00000E+00 
130.5, -94.5, 0.00000E+00 
139.5, -94.5, 0.00000E+00 
148.5, -94.5, 0.00000E+00 
157.5, -94.5, 0.00000E+00 
166.5, -94.5, 0.00000E+00 
175.5, -94.5, 0.00000E+00 
-175.5, -103.5, 0.00000E+00 
-166.5, -103.5, 0.00000E+00 
-157.5, -103.5, 1.92308E-01 
-148.5, -103.5, 3.93443E-01 
-139.5, -103.5, 7.94118E-01 
-130.5, -103.5, 1.25000E+00 
-121.5, -103.5, 1.97727E+00 
-112.5, -103.5, 1.51515E+00 
-103.5, -103.5, 1.17117E+00 
-94.5, -103.5, 6.91824E-01 
-85.5, -103.5, 4.42424E-01 
-76.5, -103.5, 2.24599E-01 
-67.5, -103.5, 4.23280E-02 
-58.5, -103.5, 0.00000E+00 
-49.5, -103.5, 0.00000E+00 
-40.5, -103.5, 0.00000E+00 
-31.5, -103.5, 0.00000E+00 
-22.5, -103.5, 0.00000E+00 
-13.5, -103.5, 0.00000E+00 
-4.5, -103.5, 0.00000E+00 
4.5, -103.5, 0.00000E+00 
13.5, -103.5, 0.00000E+00 
22.5, -103.5, 0.00000E+00 
31.5, -103.5, 1.12360E-02 
40.5, -103.5, 2.50896E-02 
49.5, -103.5, 2.00803E-02 
58.5, -103.5, 1.76849E-02 
67.5, -103.5, 4.47427E-03 
76.5, -103.5, 1.76757E-03 
85.5, -103.5, 0.00000E+00 
94.5, -103.5, 0.00000E+00 
103.5, -103.5, 0.00000E+00 
112.5, -103.5, 0.00000E+00 
121.5, -103.5, 0.00000E+00 
130.5, -103.5, 0.00000E+00 
139.5, -103.5, 0.00000E+00 
148.5, -103.5, 0.00000E+00 
157.5, -103.5, 0.00000E+00 
166.5, -103.5, 0.00000E+00 
175.5, -103.5, 0.00000E+00 
-175.5, -112.5, 0.00000E+00 
-166.5, -112.5, 2.77778E-02 
-157.5, -112.5, 6.59341E-02 
-148.5, -112.5, 2.38095E-01 
-139.5, -112.5, 4.75610E-01 
-130.5, -112.5, 9.28571E-01 
-121.5, -112.5, 1.76000E+00 
-112.5, -112.5, 1.24444E+00 
-103.5, -112.5, 1.38547E+00 
-94.5, -112.5, 7.53247E-01 
-85.5, -112.5, 3.84615E-01 
-76.5, -112.5, 3.50318E-01 
-67.5, -112.5, 9.21986E-02 
-58.5, -112.5, 5.26316E-02 
-49.5, -112.5, 0.00000E+00 
-40.5, -112.5, 0.00000E+00 
-31.5, -112.5, 0.00000E+00 
-22.5, -112.5, 0.00000E+00 
-13.5, -112.5, 0.00000E+00 
-4.5, -112.5, 0.00000E+00 
4.5, -112.5, 0.00000E+00 
13.5, -112.5, 0.00000E+00 
22.5, -112.5, 0.00000E+00 
31.5, -112.5, 6.84932E-02 
40.5, -112.5, 2.56410E-02 
49.5, -112.5, 2.54507E-02 
58.5, -112.5, 1.44307E-02 
67.5, -112.5, 4.49676E-03 
76.5, -112.5, 1.14116E-03 
85.5, -112.5, 0.00000E+00 
94.5, -112.5, 0.00000E+00 
103.5, -112.5, 0.00000E+00 
112.5, -112.5, 0.00000E+00 
121.5, -112.5, 0.00000E+00 
130.5, -112.5, 0.00000E+00 
139.5, -112.5, 0.00000E+00 
148.5, -112.5, 0.00000E+00 
157.5, -112.5, 0.00000E+00 
166.5, -112.5, 0.00000E+00 
175.5, -112.5, 0.00000E+00 
-175.5, -121.5, 0.00000E+00 
-166.5, -121.5, 2.81690E-02 
-157.5, -121.5, 6.17284E-02 
-148.5, -121.5, 1.35417E-01 
-139.5, -121.5, 4.67290E-01 
-130.5, -121.5, 9.39597E-01 
-121.5, -121.5, 1.11111E+00 
-112.5, -121.5, 1.64463E+00 
-103.5, -121.5, 1.00000E+00 
-94.5, -121.5, 6.32603E-01 
-85.5, -121.5, 3.63636E-01 
-76.5, -121.5, 2.63158E-01 
-67.5, -121.5, 1.17647E-01 
-58.5, -121.5, 0.00000E+00 
-49.5, -121.5, 0.00000E+00 
-40.5, -121.5, 0.00000E+00 
-31.5, -121.5, 0.00000E+00 
-22.5, -121.5, 0.00000E+00 
-13.5, -121.5, 0.00000E+00 
-4.5, -121.5, 0.00000E+00 
4.5, -121.5, 0.00000E+00 
13.5, -121.5, 0.00000E+00 
22.5, -121.5, 0.00000E+00 
31.5, -121.5, 2.40964E-03 
40.5, -121.5, 2.59887E-02 
49.5, -121.5, 3.65419E-02 
58.5, -121.5, 1.44065E-02 
67.5, -121.5, 4.58440E-03 
76.5, -121.5, 1.08622E-03 
85.5, -121.5, -1.70911E-04 
94.5, -121.5, 0.00000E+00 
103.5, -121.5, 0.00000E+00 
112.5, -121.5, 0.00000E+00 
121.5, -121.5, 0.00000E+00 
130.5, -121.5, 0.00000E+00 
139.5, -121.5, 0.00000E+00 
148.5, -121.5, 0.00000E+00 
157.5, -121.5, 0.00000E+00 
166.5, -121.5, 0.00000E+00 
175.5, -121.5, 0.00000E+00 
-175.5, -130.5, 6.84932E-03 
-166.5, -130.5, 2.03390E-02 
-157.5, -130.5, 6.04027E-02 
-148.5, -130.5, 1.13924E-01 
-139.5, -130.5, 4.70588E-01 
-130.5, -130.5, 7.18894E-01 
-121.5, -130.5, 1.08738E+00 
-112.5, -130.5, 9.35065E-01 
-103.5, -130.5, 8.19672E-01 
-94.5, -130.5, 3.01508E-01 
-85.5, -130.5, 2.55539E-01 
-76.5, -130.5, 1.81406E-01 
-67.5, -130.5, 7.24638E-02 
-58.5, -130.5, 1.42857E-01 
-49.5, -130.5, 0.00000E+00 
-40.5, -130.5, 0.00000E+00 
-31.5, -130.5, 0.00000E+00 
-22.5, -130.5, 0.00000E+00 
-13.5, -130.5, 0.00000E+00 
-4.5, -130.5, 0.00000E+00 
4.5, -130.5, 0.00000E+00 
13.5, -130.5, 0.00000E+00 
22.5, -130.5, 0.00000E+00 
31.5, -130.5, 2.34375E-02 
40.5, -130.5, 2.60492E-02 
49.5, -130.5, 2.11168E-02 
58.5, -130.5, 1.37554E-02 
67.5, -130.5, 6.14176E-03 
76.5, -130.5, 1.05396E-03 
85.5, -130.5, 0.00000E+00 
94.5, -130.5, 3.51772E-04 
103.5, -130.5, 0.00000E+00 
112.5, -130.5, 0.00000E+00 
121.5, -130.5, 0.00000E+00 
130.5, -130.5, 0.00000E+00 
139.5, -130.5, 0.00000E+00 
148.5, -130.5, 0.00000E+00 
157.5, -130.5, 0.00000E+00 
166.5, -130.5, 0.00000E+00 
175.5, -130.5, 0.00000E+00 
-175.5, -139.5, 0.00000E+00 
-166.5, -139.5, 1.46252E-02 
-157.5, -139.5, 2.45614E-02 
-148.5, -139.5, 1.07527E-01 
-139.5, -139.5, 2.24561E-01 
-130.5, -139.5, 5.63238E-01 
-121.5, -139.5, 7.09375E-01 
-112.5, -139.5, 6.37865E-01 
-103.5, -139.5, 3.79409E-01 
-94.5, -139.5, 2.31171E-01 
-85.5, -139.5, 1.61946E-01 
-76.5, -139.5, 9.89144E-02 
-67.5, -139.5, 1.10294E-01 
-58.5, -139.5, 2.50000E-02 
-49.5, -139.5, 0.00000E+00 
-40.5, -139.5, 0.00000E+00 
-31.5, -139.5, 0.00000E+00 
-22.5, -139.5, 0.00000E+00 
-13.5, -139.5, 0.00000E+00 
-4.5, -139.5, 0.00000E+00 
4.5, -139.5, 0.00000E+00 
13.5, -139.5, 0.00000E+00 
22.5, -139.5, 0.00000E+00 
31.5, -139.5, 2.60417E-02 
40.5, -139.5, 9.53634E-03 
49.5, -139.5, 1.01062E-02 
58.5, -139.5, 8.02211E-03 
67.5, -139.5, 4.49506E-03 
76.5, -139.5, 1.58030E-03 
85.5, -139.5, 0.00000E+00 
94.5, -139.5, 1.75917E-04 
103.5, -139.5, 0.00000E+00 
112.5, -139.5, 0.00000E+00 
121.5, -139.5, 0.00000E+00 
130.5, -139.5, 0.00000E+00 
139.5, -139.5, 0.00000E+00 
148.5, -139.5, 0.00000E+00 
157.5, -139.5, 0.00000E+00 
166.5, -139.5, 0.00000E+00 
175.5, -139.5, 0.00000E+00 
-175.5, -148.5, 0.00000E+00 
-166.5, -148.5, 4.34783E-03 
-157.5, -148.5, 1.69851E-02 
-148.5, -148.5, 6.32768E-02 
-139.5, -148.5, 1.87364E-01 
-130.5, -148.5, 3.13641E-01 
-121.5, -148.5, 3.88833E-01 
-112.5, -148.5, 4.00947E-01 
-103.5, -148.5, 2.34411E-01 
-94.5, -148.5, 1.53946E-01 
-85.5, -148.5, 7.83158E-02 
-76.5, -148.5, 6.33293E-02 
-67.5, -148.5, 3.71901E-02 
-58.5, -148.5, 1.38889E-02 
-49.5, -148.5, 0.00000E+00 
-40.5, -148.5, 0.00000E+00 
-31.5, -148.5, 0.00000E+00 
-22.5, -148.5, 0.00000E+00 
-13.5, -148.5, 0.00000E+00 
-4.5, -148.5, 0.00000E+00 
4.5, -148.5, 0.00000E+00 
13.5, -148.5, 0.00000E+00 
22.5, -148.5, 0.00000E+00 
31.5, -148.5, 2.22222E-02 
40.5, -148.5, -1.01317E-03 
49.5, -148.5, 7.70142E-03 
58.5, -148.5, 5.01966E-03 
67.5, -148.5, 2.42753E-03 
76.5, -148.5, 1.54719E-03 
85.5, -148.5, 1.45836E-04 
94.5, -148.5, 0.00000E+00 
103.5, -148.5, 0.00000E+00 
112.5, -148.5, 0.00000E+00 
121.5, -148.5, 0.00000E+00 
130.5, -148.5, 0.00000E+00 
139.5, -148.5, 0.00000E+00 
148.5, -148.5, 0.00000E+00 
157.5, -148.5, 0.00000E+00 
166.5, -148.5, 0.00000E+00 
175.5, -148.5, 0.00000E+00 
-175.5, -157.5, 1.36519E-03 
-166.5, -157.5, 1.72662E-02 
-157.5, -157.5, 2.61528E-02 
-148.5, -157.5, 6.51558E-02 
-139.5, -157.5, 1.43173E-01 
-130.5, -157.5, 2.77228E-01 
-121.5, -157.5, 3.33571E-01 
-112.5, -157.5, 2.87486E-01 
-103.5, -157.5, 1.65017E-01 
-94.5, -157.5, 9.94030E-02 
-85.5, -157.5, 8.29517E-02 
-76.5, -157.5, 4.15271E-02 
-67.5, -157.5, 2.81810E-02 
-58.5, -157.5, 1.03627E-02 
-49.5, -157.5, 0.00000E+00 
-40.5, -157.5, 0.00000E+00 
-31.5, -157.5, 0.00000E+00 
-22.5, -157.5, 0.00000E+00 
-13.5, -157.5, 0.00000E+00 
-4.5, -157.5, 0.00000E+00 
4.5, -157.5, 0.00000E+00 
13.5, -157.5, 0.00000E+00 
22.5, -157.5, 0.00000E+00 
31.5, -157.5, 4.34783E-02 
40.5, -157.5, 5.74713E-03 
49.5, -157.5, 2.67789E-03 
58.5, -157.5, 3.24986E-03 
67.5, -157.5, 2.71493E-03 
76.5, -157.5, 1.41120E-03 
85.5, -157.5, 3.00436E-04 
94.5, -157.5, 0.00000E+00 
103.5, -157.5, 0.00000E+00 
112.5, -157.5, 0.00000E+00 
121.5, -157.5, 0.00000E+00 
130.5, -157.5, 0.00000E+00 
139.5, -157.5, 0.00000E+00 
148.5, -157.5, 0.00000E+00 
157.5, -157.5, 0.00000E+00 
166.5, -157.5, 0.00000E+00 
175.5, -157.5, 0.00000E+00 
-175.5, -166.5, 7.61905E-03 
-166.5, -166.5, 4.09956E-02 
-157.5, -166.5, 7.96460E-02 
-148.5, -166.5, 1.49873E-01 
-139.5, -166.5, 2.44094E-01 
-130.5, -166.5, 3.44326E-01 
-121.5, -166.5, 3.79237E-01 
-112.5, -166.5, 3.32215E-01 
-103.5, -166.5, 2.14331E-01 
-94.5, -166.5, 1.30618E-01 
-85.5, -166.5, 1.03442E-01 
-76.5, -166.5, 8.44798E-02 
-67.5, -166.5, 5.25362E-02 
-58.5, -166.5, 3.72093E-02 
-49.5, -166.5, 5.12821E-02 
-40.5, -166.5, 0.00000E+00 
-31.5, -166.5, 0.00000E+00 
-22.5, -166.5, 0.00000E+00 
-13.5, -166.5, 0.00000E+00 
-4.5, -166.5, 0.00000E+00 
4.5, -166.5, 0.00000E+00 
13.5, -166.5, 0.00000E+00 
22.5, -166.5, 0.00000E+00 
31.5, -166.5, 0.00000E+00 
40.5, -166.5, 1.72414E-02 
49.5, -166.5, 1.10041E-02 
58.5, -166.5, 3.27761E-03 
67.5, -166.5, 4.79829E-03 
76.5, -166.5, 1.18143E-03 
85.5, -166.5, 4.08914E-04 
94.5, -166.5, 0.00000E+00 
103.5, -166.5, 0.00000E+00 
112.5, -166.5, 0.00000E+00 
121.5, -166.5, 0.00000E+00 
130.5, -166.5, 0.00000E+00 
139.5, -166.5, 0.00000E+00 
148.5, -166.5, 0.00000E+00 
157.5, -166.5, 0.00000E+00 
166.5, -166.5, 0.00000E+00 
175.5, -166.5, 9.68992E-04 
-175.5, -175.5, 2.62510E-02 
-166.5, -175.5, 1.32809E-01 
-157.5, -175.5, 2.70156E-01 
-148.5, -175.5, 3.92779E-01 
-139.5, -175.5, 5.83746E-01 
-130.5, -175.5, 7.16609E-01 
-121.5, -175.5, 7.15770E-01 
-112.5, -175.5, 5.64345E-01 
-103.5, -175.5, 3.89972E-01 
-94.5, -175.5, 2.58341E-01 
-85.5, -175.5, 1.98515E-01 
-76.5, -175.5, 1.70671E-01 
-67.5, -175.5, 1.64372E-01 
-58.5, -175.5, 1.46368E-01 
-49.5, -175.5, 8.33333E-02 
-40.5, -175.5, 3.33333E-01 
-31.5, -175.5, 0.00000E+00 
-22.5, -175.5, 0.00000E+00 
-13.5, -175.5, 0.00000E+00 
-4.5, -175.5, 0.00000E+00 
4.5, -175.5, 0.00000E+00 
13.5, -175.5, 0.00000E+00 
22.5, -175.5, 0.00000E+00 
31.5, -175.5, 0.00000E+00 
40.5, -175.5, 1.42857E-01 
49.5, -175.5, 3.40557E-02 
58.5, -175.5, 1.47580E-02 
67.5, -175.5, 7.07187E-03 
76.5, -175.5, 1.64975E-03 
85.5, -175.5, 5.27357E-04 
94.5, -175.5, 0.00000E+00 
103.5, -175.5, 0.00000E+00 
112.5, -175.5, 0.00000E+00 
121.5, -175.5, 0.00000E+00 
130.5, -175.5, 0.00000E+00 
139.5, -175.5, 0.00000E+00 
148.5, -175.5, 0.00000E+00 
157.5, -175.5, 0.00000E+00 
166.5, -175.5, 0.00000E+00 
175.5, -175.5, 3.22711E-03 
