x, y, probability density 
-175.5, 175.5, 9.68132E-03 
-166.5, 175.5, 3.21285E-03 
-157.5, 175.5, 0.00000E+00 
-148.5, 175.5, 0.00000E+00 
-139.5, 175.5, 0.00000E+00 
-130.5, 175.5, 0.00000E+00 
-121.5, 175.5, 0.00000E+00 
-112.5, 175.5, 0.00000E+00 
-103.5, 175.5, 0.00000E+00 
-94.5, 175.5, 0.00000E+00 
-85.5, 175.5, 2.37310E-03 
-76.5, 175.5, 1.45939E-02 
-67.5, 175.5, 3.53593E-02 
-58.5, 175.5, 5.60803E-02 
-49.5, 175.5, 1.54799E-02 
-40.5, 175.5, 2.85714E-01 
-31.5, 175.5, 0.00000E+00 
-22.5, 175.5, 0.00000E+00 
-13.5, 175.5, 0.00000E+00 
-4.5, 175.5, 0.00000E+00 
4.5, 175.5, 0.00000E+00 
13.5, 175.5, 0.00000E+00 
22.5, 175.5, 0.00000E+00 
31.5, 175.5, 0.00000E+00 
40.5, 175.5, 0.00000E+00 
49.5, 175.5, 1.04167E-01 
58.5, 175.5, 6.73077E-02 
67.5, 175.5, 1.25275E-01 
76.5, 175.5, 1.30877E-01 
85.5, 175.5, 1.66524E-01 
94.5, 175.5, 2.12116E-01 
103.5, 175.5, 3.04178E-01 
112.5, 175.5, 3.69933E-01 
121.5, 175.5, 4.40982E-01 
130.5, 175.5, 3.71612E-01 
139.5, 175.5, 3.45887E-01 
148.5, 175.5, 2.88860E-01 
157.5, 175.5, 2.31321E-01 
166.5, 175.5, 1.24951E-01 
175.5, 175.5, 3.93765E-02 
-175.5, 166.5, 2.90698E-03 
-166.5, 166.5, 4.53721E-04 
-157.5, 166.5, 0.00000E+00 
-148.5, 166.5, 0.00000E+00 
-139.5, 166.5, 0.00000E+00 
-130.5, 166.5, 0.00000E+00 
-121.5, 166.5, 0.00000E+00 
-112.5, 166.5, 0.00000E+00 
-103.5, 166.5, 0.00000E+00 
-94.5, 166.5, 0.00000E+00 
-85.5, 166.5, 1.22674E-03 
-76.5, 166.5, 4.05063E-03 
-67.5, 166.5, 1.24400E-02 
-58.5, 166.5, 1.73714E-02 
-49.5, 166.5, 1.65062E-02 
-40.5, 166.5, 0.00000E+00 
-31.5, 166.5, 5.00000E-01 
-22.5, 166.5, 0.00000E+00 
-13.5, 166.5, 0.00000E+00 
-4.5, 166.5, 0.00000E+00 
4.5, 166.5, 0.00000E+00 
13.5, 166.5, 0.00000E+00 
22.5, 166.5, 0.00000E+00 
31.5, 166.5, 0.00000E+00 
40.5, 166.5, 0.00000E+00 
49.5, 166.5, 0.00000E+00 
58.5, 166.5, 9.30233E-03 
67.5, 166.5, 4.16667E-02 
76.5, 166.5, 6.64230E-02 
85.5, 166.5, 7.22143E-02 
94.5, 166.5, 1.18220E-01 
103.5, 166.5, 1.31992E-01 
112.5, 166.5, 1.83725E-01 
121.5, 166.5, 2.25636E-01 
130.5, 166.5, 2.01230E-01 
139.5, 166.5, 1.65354E-01 
148.5, 166.5, 1.30633E-01 
157.5, 166.5, 1.06195E-01 
166.5, 166.5, 5.46608E-02 
175.5, 166.5, 2.19048E-02 
-175.5, 157.5, 8.61326E-04 
-166.5, 157.5, 0.00000E+00 
-157.5, 157.5, 0.00000E+00 
-148.5, 157.5, 0.00000E+00 
-139.5, 157.5, 0.00000E+00 
-130.5, 157.5, 0.00000E+00 
-121.5, 157.5, 0.00000E+00 
-112.5, 157.5, 0.00000E+00 
-103.5, 157.5, 0.00000E+00 
-94.5, 157.5, 0.00000E+00 
-85.5, 157.5, 9.01307E-04 
-76.5, 157.5, 2.93096E-03 
-67.5, 157.5, 4.43439E-03 
-58.5, 157.5, 6.43599E-03 
-49.5, 157.5, 6.12089E-03 
-40.5, 157.5, 1.14943E-02 
-31.5, 157.5, 0.00000E+00 
-22.5, 157.5, 0.00000E+00 
-13.5, 157.5, 0.00000E+00 
-4.5, 157.5, 0.00000E+00 
4.5, 157.5, 0.00000E+00 
13.5, 157.5, 0.00000E+00 
22.5, 157.5, 0.00000E+00 
31.5, 157.5, 0.00000E+00 
40.5, 157.5, 0.00000E+00 
49.5, 157.5, 0.00000E+00 
58.5, 157.5, 2.07254E-02 
67.5, 157.5, 1.11016E-02 
76.5, 157.5, 3.34896E-02 
85.5, 157.5, 5.64885E-02 
94.5, 157.5, 8.02985E-02 
103.5, 157.5, 1.07261E-01 
112.5, 157.5, 1.30778E-01 
121.5, 157.5, 1.52530E-01 
130.5, 157.5, 1.14569E-01 
139.5, 157.5, 1.00369E-01 
148.5, 157.5, 7.93201E-02 
157.5, 157.5, 5.50585E-02 
166.5, 157.5, 2.30216E-02 
175.5, 157.5, 1.36519E-02 
-175.5, 148.5, 7.91139E-04 
-166.5, 148.5, 0.00000E+00 
-157.5, 148.5, 0.00000E+00 
-148.5, 148.5, 0.00000E+00 
-139.5, 148.5, 0.00000E+00 
-130.5, 148.5, 0.00000E+00 
-121.5, 148.5, 0.00000E+00 
-112.5, 148.5, 0.00000E+00 
-103.5, 148.5, 0.00000E+00 
-94.5, 148.5, 2.12247E-04 
-85.5, 148.5, 1.16669E-03 
-76.5, 148.5, 2.48488E-03 
-67.5, 148.5, 5.78324E-03 
-58.5, 148.5, 8.61708E-03 
-49.5, 148.5, 8.88626E-03 
-40.5, 148.5, 4.05268E-03 
-31.5, 148.5, 0.00000E+00 
-22.5, 148.5, 0.00000E+00 
-13.5, 148.5, 0.00000E+00 
-4.5, 148.5, 0.00000E+00 
4.5, 148.5, 0.00000E+00 
13.5, 148.5, 0.00000E+00 
22.5, 148.5, 0.00000E+00 
31.5, 148.5, 0.00000E+00 
40.5, 148.5, 0.00000E+00 
49.5, 148.5, 0.00000E+00 
58.5, 148.5, 0.00000E+00 
67.5, 148.5, 4.13223E-03 
76.5, 148.5, 3.19662E-02 
85.5, 148.5, 4.54737E-02 
94.5, 148.5, 8.19601E-02 
103.5, 148.5, 1.10855E-01 
112.5, 148.5, 1.43646E-01 
121.5, 148.5, 1.51545E-01 
130.5, 148.5, 1.24597E-01 
139.5, 148.5, 1.15468E-01 
148.5, 148.5, 8.36158E-02 
157.5, 148.5, 5.52017E-02 
166.5, 148.5, 1.08696E-02 
175.5, 148.5, 4.19727E-03 
-175.5, 139.5, 0.00000E+00 
-166.5, 139.5, 0.00000E+00 
-157.5, 139.5, 0.00000E+00 
-148.5, 139.5, 0.00000E+00 
-139.5, 139.5, 0.00000E+00 
-130.5, 139.5, 0.00000E+00 
-121.5, 139.5, 0.00000E+00 
-112.5, 139.5, 0.00000E+00 
-103.5, 139.5, 0.00000E+00 
-94.5, 139.5, 3.51834E-04 
-85.5, 139.5, 9.44096E-04 
-76.5, 139.5, 3.76001E-03 
-67.5, 139.5, 7.83424E-03 
-58.5, 139.5, 9.35912E-03 
-49.5, 139.5, 1.16348E-02 
-40.5, 139.5, 1.15094E-02 
-31.5, 139.5, 0.00000E+00 
-22.5, 139.5, 0.00000E+00 
-13.5, 139.5, 0.00000E+00 
-4.5, 139.5, 0.00000E+00 
4.5, 139.5, 0.00000E+00 
13.5, 139.5, 0.00000E+00 
22.5, 139.5, 0.00000E+00 
31.5, 139.5, 0.00000E+00 
40.5, 139.5, 0.00000E+00 
49.5, 139.5, 0.00000E+00 
58.5, 139.5, 5.00000E-02 
67.5, 139.5, 2.20588E-02 
76.5, 139.5, 4.58384E-02 
85.5, 139.5, 7.04430E-02 
94.5, 139.5, 1.02908E-01 
103.5, 139.5, 1.27741E-01 
112.5, 139.5, 2.08386E-01 
121.5, 139.5, 2.28125E-01 
130.5, 139.5, 1.51771E-01 
139.5, 139.5, 8.42105E-02 
148.5, 139.5, 1.00358E-01 
157.5, 139.5, 8.42105E-02 
166.5, 139.5, 2.55941E-02 
175.5, 139.5, 0.00000E+00 
-175.5, 130.5, 2.28311E-03 
-166.5, 130.5, 0.00000E+00 
-157.5, 130.5, 0.00000E+00 
-148.5, 130.5, 0.00000E+00 
-139.5, 130.5, 0.00000E+00 
-130.5, 130.5, 0.00000E+00 
-121.5, 130.5, 0.00000E+00 
-112.5, 130.5, 0.00000E+00 
-103.5, 130.5, 0.00000E+00 
-94.5, 130.5, 1.75886E-04 
-85.5, 130.5, 1.32196E-04 
-76.5, 130.5, 3.26728E-03 
-67.5, 130.5, 8.13368E-03 
-58.5, 130.5, 1.80411E-02 
-49.5, 130.5, 1.57203E-02 
-40.5, 130.5, 1.30246E-02 
-31.5, 130.5, 0.00000E+00 
-22.5, 130.5, 0.00000E+00 
-13.5, 130.5, 0.00000E+00 
-4.5, 130.5, 0.00000E+00 
4.5, 130.5, 0.00000E+00 
13.5, 130.5, 0.00000E+00 
22.5, 130.5, 0.00000E+00 
31.5, 130.5, 0.00000E+00 
40.5, 130.5, 0.00000E+00 
49.5, 130.5, 0.00000E+00 
58.5, 130.5, 4.76190E-02 
67.5, 130.5, 4.34783E-02 
76.5, 130.5, 8.61678E-02 
85.5, 130.5, 1.37371E-01 
94.5, 130.5, 1.40704E-01 
103.5, 130.5, 3.24226E-01 
112.5, 130.5, 2.90043E-01 
121.5, 130.5, 2.62136E-01 
130.5, 130.5, 2.02765E-01 
139.5, 130.5, 1.23529E-01 
148.5, 130.5, 5.69620E-02 
157.5, 130.5, 8.05369E-02 
166.5, 130.5, 1.35593E-02 
175.5, 130.5, 6.84932E-03 
-175.5, 121.5, 0.00000E+00 
-166.5, 121.5, 0.00000E+00 
-157.5, 121.5, 0.00000E+00 
-148.5, 121.5, 0.00000E+00 
-139.5, 121.5, 0.00000E+00 
-130.5, 121.5, 0.00000E+00 
-121.5, 121.5, 0.00000E+00 
-112.5, 121.5, 0.00000E+00 
-103.5, 121.5, 0.00000E+00 
-94.5, 121.5, 0.00000E+00 
-85.5, 121.5, 5.12733E-04 
-76.5, 121.5, 2.03666E-03 
-67.5, 121.5, 8.94333E-03 
-58.5, 121.5, 1.72640E-02 
-49.5, 121.5, 2.98574E-02 
-40.5, 121.5, 3.61582E-02 
-31.5, 121.5, 1.20482E-02 
-22.5, 121.5, 3.57143E-02 
-13.5, 121.5, 0.00000E+00 
-4.5, 121.5, 0.00000E+00 
4.5, 121.5, 0.00000E+00 
13.5, 121.5, 0.00000E+00 
22.5, 121.5, 0.00000E+00 
31.5, 121.5, 0.00000E+00 
40.5, 121.5, 0.00000E+00 
49.5, 121.5, 0.00000E+00 
58.5, 121.5, 0.00000E+00 
67.5, 121.5, 6.72269E-02 
76.5, 121.5, 9.64912E-02 
85.5, 121.5, 1.86869E-01 
94.5, 121.5, 1.65450E-01 
103.5, 121.5, 4.20382E-01 
112.5, 121.5, 5.45455E-01 
121.5, 121.5, 2.83951E-01 
130.5, 121.5, 2.21477E-01 
139.5, 121.5, 1.40187E-01 
148.5, 121.5, 1.04167E-01 
157.5, 121.5, 4.93827E-02 
166.5, 121.5, 1.40845E-02 
175.5, 121.5, 0.00000E+00 
-175.5, 112.5, 0.00000E+00 
-166.5, 112.5, 0.00000E+00 
-157.5, 112.5, 0.00000E+00 
-148.5, 112.5, 0.00000E+00 
-139.5, 112.5, 0.00000E+00 
-130.5, 112.5, 0.00000E+00 
-121.5, 112.5, 0.00000E+00 
-112.5, 112.5, 0.00000E+00 
-103.5, 112.5, 0.00000E+00 
-94.5, 112.5, 0.00000E+00 
-85.5, 112.5, 8.06127E-04 
-76.5, 112.5, 3.19525E-03 
-67.5, 112.5, 5.02579E-03 
-58.5, 112.5, 1.57835E-02 
-49.5, 112.5, 3.92365E-02 
-40.5, 112.5, 4.10256E-02 
-31.5, 112.5, 4.10959E-02 
-22.5, 112.5, 0.00000E+00 
-13.5, 112.5, 0.00000E+00 
-4.5, 112.5, 0.00000E+00 
4.5, 112.5, 0.00000E+00 
13.5, 112.5, 0.00000E+00 
22.5, 112.5, 0.00000E+00 
31.5, 112.5, 0.00000E+00 
40.5, 112.5, 0.00000E+00 
49.5, 112.5, 0.00000E+00 
58.5, 112.5, 0.00000E+00 
67.5, 112.5, 3.54610E-02 
76.5, 112.5, 1.33758E-01 
85.5, 112.5, 1.49798E-01 
94.5, 112.5, 1.55844E-01 
103.5, 112.5, 4.58101E-01 
112.5, 112.5, 3.00000E-01 
121.5, 112.5, 3.33333E-01 
130.5, 112.5, 2.24490E-01 
139.5, 112.5, 1.21951E-01 
148.5, 112.5, 9.52381E-02 
157.5, 112.5, 6.59341E-02 
166.5, 112.5, 5.55556E-02 
175.5, 112.5, 2.63158E-02 
-175.5, 103.5, 0.00000E+00 
-166.5, 103.5, 0.00000E+00 
-157.5, 103.5, 0.00000E+00 
-148.5, 103.5, 0.00000E+00 
-139.5, 103.5, 0.00000E+00 
-130.5, 103.5, 0.00000E+00 
-121.5, 103.5, 0.00000E+00 
-112.5, 103.5, 0.00000E+00 
-103.5, 103.5, 0.00000E+00 
-94.5, 103.5, 0.00000E+00 
-85.5, 103.5, 4.94682E-04 
-76.5, 103.5, 3.53513E-03 
-67.5, 103.5, 1.11857E-02 
-58.5, 103.5, 2.19721E-02 
-49.5, 103.5, 2.81124E-02 
-40.5, 103.5, 4.65950E-02 
-31.5, 103.5, 3.37079E-02 
-22.5, 103.5, 9.52381E-02 
-13.5, 103.5, 0.00000E+00 
-4.5, 103.5, 0.00000E+00 
4.5, 103.5, 0.00000E+00 
13.5, 103.5, 0.00000E+00 
22.5, 103.5, 0.00000E+00 
31.5, 103.5, 0.00000E+00 
40.5, 103.5, 0.00000E+00 
49.5, 103.5, 0.00000E+00 
58.5, 103.5, 3.22581E-02 
67.5, 103.5, 5.29101E-02 
76.5, 103.5, 6.41711E-02 
85.5, 103.5, 1.87879E-01 
94.5, 103.5, 2.89308E-01 
103.5, 103.5, 3.96396E-01 
112.5, 103.5, 6.86869E-01 
121.5, 103.5, 6.59091E-01 
130.5, 103.5, 3.65385E-01 
139.5, 103.5, 2.35294E-01 
148.5, 103.5, 1.31148E-01 
157.5, 103.5, 1.92308E-01 
166.5, 103.5, 0.00000E+00 
175.5, 103.5, 8.33333E-02 
-175.5, 94.5, 0.00000E+00 
-166.5, 94.5, 0.00000E+00 
-157.5, 94.5, 0.00000E+00 
-148.5, 94.5, 0.00000E+00 
-139.5, 94.5, 0.00000E+00 
-130.5, 94.5, 0.00000E+00 
-121.5, 94.5, 0.00000E+00 
-112.5, 94.5, 0.00000E+00 
-103.5, 94.5, 0.00000E+00 
-94.5, 94.5, 0.00000E+00 
-85.5, 94.5, 0.00000E+00 
-76.5, 94.5, 3.66032E-03 
-67.5, 94.5, 9.66184E-03 
-58.5, 94.5, 3.67647E-02 
-49.5, 94.5, 3.64964E-02 
-40.5, 94.5, 0.00000E+00 
-31.5, 94.5, 0.00000E+00 
-22.5, 94.5, 0.00000E+00 
-13.5, 94.5, 0.00000E+00 
-4.5, 94.5, 0.00000E+00 
4.5, 94.5, 0.00000E+00 
13.5, 94.5, 0.00000E+00 
22.5, 94.5, 0.00000E+00 
31.5, 94.5, 0.00000E+00 
40.5, 94.5, 0.00000E+00 
49.5, 94.5, 1.96078E-02 
58.5, 94.5, 8.47458E-03 
67.5, 94.5, 1.31579E-02 
76.5, 94.5, 8.62069E-02 
85.5, 94.5, 1.80328E-01 
94.5, 94.5, 3.96226E-01 
103.5, 94.5, 6.52632E-01 
112.5, 94.5, 8.88889E-01 
121.5, 94.5, 4.88372E-01 
130.5, 94.5, 3.33333E-01 
139.5, 94.5, 3.03030E-01 
148.5, 94.5, 2.59259E-01 
157.5, 94.5, 2.27273E-01 
166.5, 94.5, 5.71429E-02 
175.5, 94.5, 5.40541E-02 
-175.5, 85.5, 0.00000E+00 
-166.5, 85.5, 4.90196E-03 
-157.5, 85.5, 0.00000E+00 
-148.5, 85.5, 0.00000E+00 
-139.5, 85.5, 0.00000E+00 
-130.5, 85.5, 0.00000E+00 
-121.5, 85.5, 0.00000E+00 
-112.5, 85.5, 0.00000E+00 
-103.5, 85.5, 0.00000E+00 
-94.5, 85.5, 9.95025E-04 
-85.5, 85.5, 1.31148E-03 
-76.5, 85.5, 6.55308E-03 
-67.5, 85.5, 1.52174E-02 
-58.5, 85.5, 2.93040E-02 
-49.5, 85.5, 1.88679E-02 
-40.5, 85.5, 4.54545E-02 
-31.5, 85.5, 1.66667E-01 
-22.5, 85.5, 0.00000E+00 
-13.5, 85.5, 0.00000E+00 
-4.5, 85.5, 0.00000E+00 
4.5, 85.5, 0.00000E+00 
13.5, 85.5, 0.00000E+00 
22.5, 85.5, 0.00000E+00 
31.5, 85.5, 0.00000E+00 
40.5, 85.5, 1.35135E-02 
49.5, 85.5, 2.24719E-02 
58.5, 85.5, 5.27241E-03 
67.5, 85.5, 1.02041E-02 
76.5, 85.5, 9.21053E-02 
85.5, 85.5, 4.46429E-01 
94.5, 85.5, 6.39344E-01 
103.5, 85.5, 5.00000E-01 
112.5, 85.5, 6.86275E-01 
121.5, 85.5, 7.38095E-01 
130.5, 85.5, 4.61538E-01 
139.5, 85.5, 3.23529E-01 
148.5, 85.5, 4.06250E-01 
157.5, 85.5, 4.11765E-01 
166.5, 85.5, 2.75862E-01 
175.5, 85.5, 0.00000E+00 
-175.5, 76.5, 0.00000E+00 
-166.5, 76.5, 0.00000E+00 
-157.5, 76.5, 0.00000E+00 
-148.5, 76.5, 0.00000E+00 
-139.5, 76.5, 0.00000E+00 
-130.5, 76.5, 0.00000E+00 
-121.5, 76.5, 0.00000E+00 
-112.5, 76.5, 0.00000E+00 
-103.5, 76.5, 0.00000E+00 
-94.5, 76.5, 0.00000E+00 
-85.5, 76.5, 2.90360E-03 
-76.5, 76.5, 6.89655E-03 
-67.5, 76.5, 2.05920E-02 
-58.5, 76.5, 5.37634E-02 
-49.5, 76.5, 1.66667E-01 
-40.5, 76.5, 0.00000E+00 
-31.5, 76.5, 0.00000E+00 
-22.5, 76.5, 0.00000E+00 
-13.5, 76.5, 1.00000E+00 
-4.5, 76.5, 0.00000E+00 
4.5, 76.5, 0.00000E+00 
13.5, 76.5, 0.00000E+00 
22.5, 76.5, 1.85185E-02 
31.5, 76.5, 8.54701E-03 
40.5, 76.5, 1.28205E-02 
49.5, 76.5, 1.08814E-03 
58.5, 76.5, 2.13115E-02 
67.5, 76.5, 3.35306E-02 
76.5, 76.5, 9.86547E-02 
85.5, 76.5, 4.95146E-01 
94.5, 76.5, 6.12613E-01 
103.5, 76.5, 5.68421E-01 
112.5, 76.5, 5.10204E-01 
121.5, 76.5, 5.71429E-01 
130.5, 76.5, 6.54545E-01 
139.5, 76.5, 5.29412E-01 
148.5, 76.5, 3.14815E-01 
157.5, 76.5, 3.10345E-01 
166.5, 76.5, 6.00000E-01 
175.5, 76.5, 1.87500E-01 
-175.5, 67.5, 1.61290E-02 
-166.5, 67.5, 0.00000E+00 
-157.5, 67.5, 0.00000E+00 
-148.5, 67.5, 0.00000E+00 
-139.5, 67.5, 0.00000E+00 
-130.5, 67.5, 0.00000E+00 
-121.5, 67.5, 0.00000E+00 
-112.5, 67.5, 0.00000E+00 
-103.5, 67.5, 1.17233E-03 
-94.5, 67.5, 2.25904E-03 
-85.5, 67.5, 6.48649E-03 
-76.5, 67.5, 2.60718E-02 
-67.5, 67.5, 7.38462E-02 
-58.5, 67.5, 1.06557E-01 
-49.5, 67.5, 2.00000E-01 
-40.5, 67.5, 1.00000E+00 
-31.5, 67.5, 0.00000E+00 
-22.5, 67.5, 0.00000E+00 
-13.5, 67.5, 0.00000E+00 
-4.5, 67.5, 0.00000E+00 
4.5, 67.5, 0.00000E+00 
13.5, 67.5, 0.00000E+00 
22.5, 67.5, 3.12500E-02 
31.5, 67.5, 1.63934E-02 
40.5, 67.5, 5.82524E-03 
49.5, 67.5, 0.00000E+00 
58.5, 67.5, 4.30478E-04 
67.5, 67.5, 4.84634E-02 
76.5, 67.5, 4.63343E-01 
85.5, 67.5, 6.61765E-01 
94.5, 67.5, 6.02151E-01 
103.5, 67.5, 7.08108E-01 
112.5, 67.5, 5.69061E-01 
121.5, 67.5, 5.31469E-01 
130.5, 67.5, 5.32710E-01 
139.5, 67.5, 3.01370E-01 
148.5, 67.5, 3.88060E-01 
157.5, 67.5, 4.28571E-01 
166.5, 67.5, 3.18182E-01 
175.5, 67.5, 1.25000E-01 
-175.5, 58.5, 0.00000E+00 
-166.5, 58.5, 0.00000E+00 
-157.5, 58.5, 0.00000E+00 
-148.5, 58.5, 0.00000E+00 
-139.5, 58.5, 0.00000E+00 
-130.5, 58.5, 0.00000E+00 
-121.5, 58.5, 0.00000E+00 
-112.5, 58.5, 0.00000E+00 
-103.5, 58.5, 0.00000E+00 
-94.5, 58.5, 3.53982E-04 
-85.5, 58.5, 1.31579E-02 
-76.5, 58.5, 4.76506E-02 
-67.5, 58.5, 1.78439E-01 
-58.5, 58.5, 2.44898E-01 
-49.5, 58.5, 5.00000E-01 
-40.5, 58.5, 6.66667E-01 
-31.5, 58.5, 0.00000E+00 
-22.5, 58.5, 0.00000E+00 
-13.5, 58.5, 0.00000E+00 
-4.5, 58.5, 0.00000E+00 
4.5, 58.5, 0.00000E+00 
13.5, 58.5, 0.00000E+00 
22.5, 58.5, 2.70270E-02 
31.5, 58.5, 3.22581E-02 
40.5, 58.5, 2.99652E-02 
49.5, 58.5, 3.05564E-02 
58.5, 58.5, 8.22130E-02 
67.5, 58.5, 2.45313E-01 
76.5, 58.5, 5.85838E-01 
85.5, 58.5, 6.11833E-01 
94.5, 58.5, 6.29450E-01 
103.5, 58.5, 5.60276E-01 
112.5, 58.5, 4.28235E-01 
121.5, 58.5, 4.27035E-01 
130.5, 58.5, 4.41176E-01 
139.5, 58.5, 4.14508E-01 
148.5, 58.5, 4.34783E-01 
157.5, 58.5, 4.00000E-01 
166.5, 58.5, 1.37931E-01 
175.5, 58.5, 0.00000E+00 
-175.5, 49.5, 3.57143E-02 
-166.5, 49.5, 0.00000E+00 
-157.5, 49.5, 0.00000E+00 
-148.5, 49.5, 0.00000E+00 
-139.5, 49.5, 0.00000E+00 
-130.5, 49.5, 0.00000E+00 
-121.5, 49.5, 0.00000E+00 
-112.5, 49.5, 0.00000E+00 
-103.5, 49.5, 0.00000E+00 
-94.5, 49.5, 2.62295E-03 
-85.5, 49.5, 1.37896E-02 
-76.5, 49.5, 8.93987E-02 
-67.5, 49.5, 3.61430E-01 
-58.5, 49.5, 5.90551E-01 
-49.5, 49.5, 8.00000E-01 
-40.5, 49.5, 0.00000E+00 
-31.5, 49.5, 0.00000E+00 
-22.5, 49.5, 0.00000E+00 
-13.5, 49.5, 0.00000E+00 
-4.5, 49.5, 0.00000E+00 
4.5, 49.5, 0.00000E+00 
13.5, 49.5, 0.00000E+00 
22.5, 49.5, 0.00000E+00 
31.5, 49.5, 2.72374E-02 
40.5, 49.5, 3.47432E-02 
49.5, 49.5, 1.08359E-01 
58.5, 49.5, 1.89721E-01 
67.5, 49.5, 4.77912E-01 
76.5, 49.5, 5.31185E-01 
85.5, 49.5, 5.99005E-01 
94.5, 49.5, 6.71840E-01 
103.5, 49.5, 5.79505E-01 
112.5, 49.5, 4.96220E-01 
121.5, 49.5, 4.13276E-01 
130.5, 49.5, 4.41065E-01 
139.5, 49.5, 5.61905E-01 
148.5, 49.5, 3.93443E-01 
157.5, 49.5, 3.75000E-01 
166.5, 49.5, 4.21053E-01 
175.5, 49.5, 3.33333E-01 
-175.5, 40.5, 0.00000E+00 
-166.5, 40.5, 0.00000E+00 
-157.5, 40.5, 0.00000E+00 
-148.5, 40.5, 0.00000E+00 
-139.5, 40.5, 0.00000E+00 
-130.5, 40.5, 0.00000E+00 
-121.5, 40.5, 0.00000E+00 
-112.5, 40.5, 0.00000E+00 
-103.5, 40.5, 0.00000E+00 
-94.5, 40.5, 1.85874E-03 
-85.5, 40.5, 1.82825E-02 
-76.5, 40.5, 1.09428E-01 
-67.5, 40.5, 5.07285E-01 
-58.5, 40.5, 1.00000E+00 
-49.5, 40.5, 3.63636E-01 
-40.5, 40.5, 0.00000E+00 
-31.5, 40.5, 0.00000E+00 
-22.5, 40.5, 0.00000E+00 
-13.5, 40.5, 0.00000E+00 
-4.5, 40.5, 0.00000E+00 
4.5, 40.5, 0.00000E+00 
13.5, 40.5, 0.00000E+00 
22.5, 40.5, 0.00000E+00 
31.5, 40.5, 7.36842E-02 
40.5, 40.5, 7.91027E-02 
49.5, 40.5, 1.49083E-01 
58.5, 40.5, 3.01314E-01 
67.5, 40.5, 4.45319E-01 
76.5, 40.5, 5.10467E-01 
85.5, 40.5, 5.86315E-01 
94.5, 40.5, 6.54366E-01 
103.5, 40.5, 7.12797E-01 
112.5, 40.5, 5.67180E-01 
121.5, 40.5, 4.10876E-01 
130.5, 40.5, 4.01840E-01 
139.5, 40.5, 2.50000E-01 
148.5, 40.5, 3.22581E-01 
157.5, 40.5, 6.07143E-01 
166.5, 40.5, 3.75000E-01 
175.5, 40.5, 1.48148E-01 
-175.5, 31.5, 0.00000E+00 
-166.5, 31.5, 0.00000E+00 
-157.5, 31.5, 0.00000E+00 
-148.5, 31.5, 0.00000E+00 
-139.5, 31.5, 0.00000E+00 
-130.5, 31.5, 0.00000E+00 
-121.5, 31.5, 0.00000E+00 
-112.5, 31.5, 0.00000E+00 
-103.5, 31.5, 1.03627E-03 
-94.5, 31.5, 2.09754E-03 
-85.5, 31.5, 2.63601E-02 
-76.5, 31.5, 1.31271E-01 
-67.5, 31.5, 5.67204E-01 
-58.5, 31.5, 6.92308E-01 
-49.5, 31.5, 3.33333E-01 
-40.5, 31.5, 0.00000E+00 
-31.5, 31.5, 0.00000E+00 
-22.5, 31.5, 0.00000E+00 
-13.5, 31.5, 0.00000E+00 
-4.5, 31.5, 0.00000E+00 
4.5, 31.5, 0.00000E+00 
13.5, 31.5, 0.00000E+00 
22.5, 31.5, 0.00000E+00 
31.5, 31.5, 0.00000E+00 
40.5, 31.5, 7.55287E-02 
49.5, 31.5, 2.03406E-01 
58.5, 31.5, 3.51442E-01 
67.5, 31.5, 4.42344E-01 
76.5, 31.5, 5.02303E-01 
85.5, 31.5, 5.65606E-01 
94.5, 31.5, 6.57394E-01 
103.5, 31.5, 7.75394E-01 
112.5, 31.5, 6.99954E-01 
121.5, 31.5, 5.36410E-01 
130.5, 31.5, 4.63127E-01 
139.5, 31.5, 4.31507E-01 
148.5, 31.5, 3.73134E-01 
157.5, 31.5, 4.61538E-01 
166.5, 31.5, 2.50000E-01 
175.5, 31.5, 1.42857E-01 
-175.5, 22.5, 0.00000E+00 
-166.5, 22.5, 0.00000E+00 
-157.5, 22.5, 0.00000E+00 
-148.5, 22.5, 0.00000E+00 
-139.5, 22.5, 0.00000E+00 
-130.5, 22.5, 0.00000E+00 
-121.5, 22.5, 0.00000E+00 
-112.5, 22.5, 0.00000E+00 
-103.5, 22.5, 0.00000E+00 
-94.5, 22.5, 2.71003E-03 
-85.5, 22.5, 1.57587E-02 
-76.5, 22.5, 1.34111E-01 
-67.5, 22.5, 3.55111E-01 
-58.5, 22.5, 1.00000E+00 
-49.5, 22.5, 3.00000E-01 
-40.5, 22.5, 1.00000E+00 
-31.5, 22.5, 0.00000E+00 
-22.5, 22.5, 0.00000E+00 
-13.5, 22.5, 0.00000E+00 
-4.5, 22.5, 0.00000E+00 
4.5, 22.5, 0.00000E+00 
13.5, 22.5, 0.00000E+00 
22.5, 22.5, 0.00000E+00 
31.5, 22.5, 2.50000E-01 
40.5, 22.5, 4.54545E-02 
49.5, 22.5, 2.06831E-01 
58.5, 22.5, 3.65735E-01 
67.5, 22.5, 4.72445E-01 
76.5, 22.5, 5.18008E-01 
85.5, 22.5, 5.66363E-01 
94.5, 22.5, 6.43638E-01 
103.5, 22.5, 7.59365E-01 
112.5, 22.5, 8.22467E-01 
121.5, 22.5, 6.99115E-01 
130.5, 22.5, 6.55172E-01 
139.5, 22.5, 5.08772E-01 
148.5, 22.5, 4.47761E-01 
157.5, 22.5, 4.80000E-01 
166.5, 22.5, 0.00000E+00 
175.5, 22.5, 1.81818E-01 
-175.5, 13.5, 0.00000E+00 
-166.5, 13.5, 0.00000E+00 
-157.5, 13.5, 0.00000E+00 
-148.5, 13.5, 0.00000E+00 
-139.5, 13.5, 0.00000E+00 
-130.5, 13.5, 0.00000E+00 
-121.5, 13.5, 0.00000E+00 
-112.5, 13.5, 0.00000E+00 
-103.5, 13.5, 0.00000E+00 
-94.5, 13.5, 2.21533E-03 
-85.5, 13.5, 2.71148E-02 
-76.5, 13.5, 1.12985E-01 
-67.5, 13.5, 3.73626E-01 
-58.5, 13.5, 8.26087E-01 
-49.5, 13.5, 6.80000E-01 
-40.5, 13.5, 3.33333E-01 
-31.5, 13.5, 0.00000E+00 
-22.5, 13.5, 0.00000E+00 
-13.5, 13.5, 0.00000E+00 
-4.5, 13.5, 0.00000E+00 
4.5, 13.5, 0.00000E+00 
13.5, 13.5, 0.00000E+00 
22.5, 13.5, 0.00000E+00 
31.5, 13.5, 0.00000E+00 
40.5, 13.5, 4.76190E-02 
49.5, 13.5, 2.82895E-01 
58.5, 13.5, 4.07031E-01 
67.5, 13.5, 4.80681E-01 
76.5, 13.5, 5.36858E-01 
85.5, 13.5, 6.13952E-01 
94.5, 13.5, 6.66100E-01 
103.5, 13.5, 8.17775E-01 
112.5, 13.5, 9.28080E-01 
121.5, 13.5, 7.93741E-01 
130.5, 13.5, 7.63566E-01 
139.5, 13.5, 5.20661E-01 
148.5, 13.5, 5.05155E-01 
157.5, 13.5, 7.50000E-01 
166.5, 13.5, 2.50000E-01 
175.5, 13.5, 1.00000E+00 
-175.5, 4.5, 0.00000E+00 
-166.5, 4.5, 0.00000E+00 
-157.5, 4.5, 0.00000E+00 
-148.5, 4.5, 0.00000E+00 
-139.5, 4.5, 0.00000E+00 
-130.5, 4.5, 0.00000E+00 
-121.5, 4.5, 0.00000E+00 
-112.5, 4.5, 0.00000E+00 
-103.5, 4.5, 0.00000E+00 
-94.5, 4.5, 3.67394E-03 
-85.5, 4.5, 2.83768E-02 
-76.5, 4.5, 1.37667E-01 
-67.5, 4.5, 3.80583E-01 
-58.5, 4.5, 7.27103E-01 
-49.5, 4.5, 9.55556E-01 
-40.5, 4.5, 1.66667E-01 
-31.5, 4.5, 0.00000E+00 
-22.5, 4.5, 0.00000E+00 
-13.5, 4.5, 0.00000E+00 
-4.5, 4.5, 0.00000E+00 
4.5, 4.5, 0.00000E+00 
13.5, 4.5, 0.00000E+00 
22.5, 4.5, 0.00000E+00 
31.5, 4.5, 0.00000E+00 
40.5, 4.5, 1.11111E-01 
49.5, 4.5, 4.49541E-01 
58.5, 4.5, 5.00440E-01 
67.5, 4.5, 5.51151E-01 
76.5, 4.5, 6.38140E-01 
85.5, 4.5, 7.05179E-01 
94.5, 4.5, 7.81964E-01 
103.5, 4.5, 8.59341E-01 
112.5, 4.5, 9.24569E-01 
121.5, 4.5, 9.44772E-01 
130.5, 4.5, 9.78113E-01 
139.5, 4.5, 7.83699E-01 
148.5, 4.5, 7.67241E-01 
157.5, 4.5, 6.81818E-01 
166.5, 4.5, 1.00000E+00 
175.5, 4.5, 2.50000E-01 
-175.5, -4.5, 0.00000E+00 
-166.5, -4.5, 0.00000E+00 
-157.5, -4.5, 0.00000E+00 
-148.5, -4.5, 0.00000E+00 
-139.5, -4.5, 0.00000E+00 
-130.5, -4.5, 0.00000E+00 
-121.5, -4.5, 0.00000E+00 
-112.5, -4.5, 0.00000E+00 
-103.5, -4.5, 5.49451E-04 
-94.5, -4.5, 3.50010E-03 
-85.5, -4.5, 3.40670E-02 
-76.5, -4.5, 1.49501E-01 
-67.5, -4.5, 4.11338E-01 
-58.5, -4.5, 7.18558E-01 
-49.5, -4.5, 1.00000E+00 
-40.5, -4.5, 2.22222E-01 
-31.5, -4.5, 0.00000E+00 
-22.5, -4.5, 0.00000E+00 
-13.5, -4.5, 0.00000E+00 
-4.5, -4.5, 0.00000E+00 
4.5, -4.5, 0.00000E+00 
13.5, -4.5, 0.00000E+00 
22.5, -4.5, 0.00000E+00 
31.5, -4.5, 0.00000E+00 
40.5, -4.5, 0.00000E+00 
49.5, -4.5, 1.11111E-01 
58.5, -4.5, 4.99065E-01 
67.5, -4.5, 6.33813E-01 
76.5, -4.5, 7.01546E-01 
85.5, -4.5, 8.13394E-01 
94.5, -4.5, 8.63375E-01 
103.5, -4.5, 9.23387E-01 
112.5, -4.5, 1.00000E+00 
121.5, -4.5, 1.00000E+00 
130.5, -4.5, 9.70443E-01 
139.5, -4.5, 8.10606E-01 
148.5, -4.5, 6.46388E-01 
157.5, -4.5, 7.16216E-01 
166.5, -4.5, 1.00000E+00 
175.5, -4.5, 0.00000E+00 
-175.5, -13.5, 0.00000E+00 
-166.5, -13.5, 0.00000E+00 
-157.5, -13.5, 0.00000E+00 
-148.5, -13.5, 0.00000E+00 
-139.5, -13.5, 0.00000E+00 
-130.5, -13.5, 0.00000E+00 
-121.5, -13.5, 0.00000E+00 
-112.5, -13.5, 0.00000E+00 
-103.5, -13.5, 3.44471E-04 
-94.5, -13.5, 4.67290E-03 
-85.5, -13.5, 3.85037E-02 
-76.5, -13.5, 1.66243E-01 
-67.5, -13.5, 4.55553E-01 
-58.5, -13.5, 8.32274E-01 
-49.5, -13.5, 9.93421E-01 
-40.5, -13.5, 1.00000E+00 
-31.5, -13.5, 5.00000E-01 
-22.5, -13.5, 0.00000E+00 
-13.5, -13.5, 0.00000E+00 
-4.5, -13.5, 0.00000E+00 
4.5, -13.5, 0.00000E+00 
13.5, -13.5, 0.00000E+00 
22.5, -13.5, 0.00000E+00 
31.5, -13.5, 0.00000E+00 
40.5, -13.5, 0.00000E+00 
49.5, -13.5, 2.80000E-01 
58.5, -13.5, 5.65217E-01 
67.5, -13.5, 6.73993E-01 
76.5, -13.5, 8.27511E-01 
85.5, -13.5, 9.12973E-01 
94.5, -13.5, 1.00000E+00 
103.5, -13.5, 1.00000E+00 
112.5, -13.5, 1.00000E+00 
121.5, -13.5, 1.00000E+00 
130.5, -13.5, 1.00000E+00 
139.5, -13.5, 8.21970E-01 
148.5, -13.5, 8.36898E-01 
157.5, -13.5, 7.07965E-01 
166.5, -13.5, 7.05882E-01 
175.5, -13.5, 6.66667E-01 
-175.5, -22.5, 0.00000E+00 
-166.5, -22.5, 0.00000E+00 
-157.5, -22.5, 0.00000E+00 
-148.5, -22.5, 0.00000E+00 
-139.5, -22.5, 0.00000E+00 
-130.5, -22.5, 0.00000E+00 
-121.5, -22.5, 0.00000E+00 
-112.5, -22.5, 0.00000E+00 
-103.5, -22.5, 1.32217E-03 
-94.5, -22.5, 6.93518E-03 
-85.5, -22.5, 4.41804E-02 
-76.5, -22.5, 1.79751E-01 
-67.5, -22.5, 4.88283E-01 
-58.5, -22.5, 9.20778E-01 
-49.5, -22.5, 1.00000E+00 
-40.5, -22.5, 1.00000E+00 
-31.5, -22.5, 7.50000E-01 
-22.5, -22.5, 0.00000E+00 
-13.5, -22.5, 0.00000E+00 
-4.5, -22.5, 0.00000E+00 
4.5, -22.5, 0.00000E+00 
13.5, -22.5, 0.00000E+00 
22.5, -22.5, 0.00000E+00 
31.5, -22.5, 0.00000E+00 
40.5, -22.5, 0.00000E+00 
49.5, -22.5, 2.00000E-01 
58.5, -22.5, 4.94382E-01 
67.5, -22.5, 8.33509E-01 
76.5, -22.5, 9.65743E-01 
85.5, -22.5, 1.00000E+00 
94.5, -22.5, 1.00000E+00 
103.5, -22.5, 1.00000E+00 
112.5, -22.5, 1.00000E+00 
121.5, -22.5, 1.00000E+00 
130.5, -22.5, 1.00000E+00 
139.5, -22.5, 7.74256E-01 
148.5, -22.5, 8.12992E-01 
157.5, -22.5, 6.89320E-01 
166.5, -22.5, 8.12500E-01 
175.5, -22.5, 2.22222E-01 
-175.5, -31.5, 0.00000E+00 
-166.5, -31.5, 0.00000E+00 
-157.5, -31.5, 0.00000E+00 
-148.5, -31.5, 0.00000E+00 
-139.5, -31.5, 0.00000E+00 
-130.5, -31.5, 0.00000E+00 
-121.5, -31.5, 0.00000E+00 
-112.5, -31.5, 0.00000E+00 
-103.5, -31.5, 1.26183E-03 
-94.5, -31.5, 1.12676E-02 
-85.5, -31.5, 5.09130E-02 
-76.5, -31.5, 1.96315E-01 
-67.5, -31.5, 5.51072E-01 
-58.5, -31.5, 9.53052E-01 
-49.5, -31.5, 1.00000E+00 
-40.5, -31.5, 1.00000E+00 
-31.5, -31.5, 8.88889E-01 
-22.5, -31.5, 1.00000E+00 
-13.5, -31.5, 0.00000E+00 
-4.5, -31.5, 0.00000E+00 
4.5, -31.5, 0.00000E+00 
13.5, -31.5, 0.00000E+00 
22.5, -31.5, 0.00000E+00 
31.5, -31.5, 0.00000E+00 
40.5, -31.5, 0.00000E+00 
49.5, -31.5, 4.76190E-02 
58.5, -31.5, 5.02959E-01 
67.5, -31.5, 9.97312E-01 
76.5, -31.5, 9.59030E-01 
85.5, -31.5, 1.00000E+00 
94.5, -31.5, 1.00000E+00 
103.5, -31.5, 1.00000E+00 
112.5, -31.5, 1.00000E+00 
121.5, -31.5, 1.00000E+00 
130.5, -31.5, 1.00000E+00 
139.5, -31.5, 9.22999E-01 
148.5, -31.5, 7.37834E-01 
157.5, -31.5, 7.68939E-01 
166.5, -31.5, 7.19298E-01 
175.5, -31.5, 1.60000E-01 
-175.5, -40.5, 0.00000E+00 
-166.5, -40.5, 0.00000E+00 
-157.5, -40.5, 0.00000E+00 
-148.5, -40.5, 0.00000E+00 
-139.5, -40.5, 0.00000E+00 
-130.5, -40.5, 0.00000E+00 
-121.5, -40.5, 0.00000E+00 
-112.5, -40.5, 0.00000E+00 
-103.5, -40.5, 0.00000E+00 
-94.5, -40.5, 1.14345E-02 
-85.5, -40.5, 5.73116E-02 
-76.5, -40.5, 2.31632E-01 
-67.5, -40.5, 6.42676E-01 
-58.5, -40.5, 1.00000E+00 
-49.5, -40.5, 1.00000E+00 
-40.5, -40.5, 1.00000E+00 
-31.5, -40.5, 1.00000E+00 
-22.5, -40.5, 6.66667E-01 
-13.5, -40.5, 0.00000E+00 
-4.5, -40.5, 0.00000E+00 
4.5, -40.5, 0.00000E+00 
13.5, -40.5, 0.00000E+00 
22.5, -40.5, 0.00000E+00 
31.5, -40.5, 0.00000E+00 
40.5, -40.5, 0.00000E+00 
49.5, -40.5, 1.81818E-01 
58.5, -40.5, 5.11811E-01 
67.5, -40.5, 8.59603E-01 
76.5, -40.5, 9.65488E-01 
85.5, -40.5, 1.00000E+00 
94.5, -40.5, 1.00000E+00 
103.5, -40.5, 1.00000E+00 
112.5, -40.5, 1.00000E+00 
121.5, -40.5, 1.00000E+00 
130.5, -40.5, 1.00000E+00 
139.5, -40.5, 1.00000E+00 
148.5, -40.5, 8.04545E-01 
157.5, -40.5, 8.72054E-01 
166.5, -40.5, 7.62376E-01 
175.5, -40.5, 1.50000E-01 
-175.5, -49.5, 2.50000E-01 
-166.5, -49.5, 0.00000E+00 
-157.5, -49.5, 0.00000E+00 
-148.5, -49.5, 0.00000E+00 
-139.5, -49.5, 0.00000E+00 
-130.5, -49.5, 0.00000E+00 
-121.5, -49.5, 0.00000E+00 
-112.5, -49.5, 0.00000E+00 
-103.5, -49.5, 0.00000E+00 
-94.5, -49.5, 1.19734E-02 
-85.5, -49.5, 8.36183E-02 
-76.5, -49.5, 3.59148E-01 
-67.5, -49.5, 9.73226E-01 
-58.5, -49.5, 1.00000E+00 
-49.5, -49.5, 1.00000E+00 
-40.5, -49.5, 1.00000E+00 
-31.5, -49.5, 1.00000E+00 
-22.5, -49.5, 1.00000E+00 
-13.5, -49.5, 0.00000E+00 
-4.5, -49.5, 0.00000E+00 
4.5, -49.5, 0.00000E+00 
13.5, -49.5, 0.00000E+00 
22.5, -49.5, 0.00000E+00 
31.5, -49.5, 0.00000E+00 
40.5, -49.5, 0.00000E+00 
49.5, -49.5, 2.00000E-01 
58.5, -49.5, 5.43307E-01 
67.5, -49.5, 9.23372E-01 
76.5, -49.5, 8.80538E-01 
85.5, -49.5, 1.00000E+00 
94.5, -49.5, 1.00000E+00 
103.5, -49.5, 1.00000E+00 
112.5, -49.5, 1.00000E+00 
121.5, -49.5, 1.00000E+00 
130.5, -49.5, 1.00000E+00 
139.5, -49.5, 1.00000E+00 
148.5, -49.5, 9.40100E-01 
157.5, -49.5, 7.99007E-01 
166.5, -49.5, 6.68675E-01 
175.5, -49.5, 4.64286E-01 
-175.5, -58.5, 1.11111E-01 
-166.5, -58.5, 0.00000E+00 
-157.5, -58.5, 0.00000E+00 
-148.5, -58.5, 0.00000E+00 
-139.5, -58.5, 0.00000E+00 
-130.5, -58.5, 0.00000E+00 
-121.5, -58.5, 0.00000E+00 
-112.5, -58.5, 0.00000E+00 
-103.5, -58.5, 4.59242E-03 
-94.5, -58.5, 3.39806E-02 
-85.5, -58.5, 1.37085E-01 
-76.5, -58.5, 6.13894E-01 
-67.5, -58.5, 1.00000E+00 
-58.5, -58.5, 1.00000E+00 
-49.5, -58.5, 1.00000E+00 
-40.5, -58.5, 1.00000E+00 
-31.5, -58.5, 1.00000E+00 
-22.5, -58.5, 8.64865E-01 
-13.5, -58.5, 4.28571E-01 
-4.5, -58.5, 0.00000E+00 
4.5, -58.5, 0.00000E+00 
13.5, -58.5, 0.00000E+00 
22.5, -58.5, 0.00000E+00 
31.5, -58.5, 0.00000E+00 
40.5, -58.5, 0.00000E+00 
49.5, -58.5, 5.00000E-01 
58.5, -58.5, 4.18367E-01 
67.5, -58.5, 7.08178E-01 
76.5, -58.5, 9.17273E-01 
85.5, -58.5, 9.98947E-01 
94.5, -58.5, 1.00000E+00 
103.5, -58.5, 1.00000E+00 
112.5, -58.5, 1.00000E+00 
121.5, -58.5, 1.00000E+00 
130.5, -58.5, 1.00000E+00 
139.5, -58.5, 1.00000E+00 
148.5, -58.5, 8.03468E-01 
157.5, -58.5, 7.30159E-01 
166.5, -58.5, 4.97908E-01 
175.5, -58.5, 4.07407E-01 
-175.5, -67.5, 1.87500E-01 
-166.5, -67.5, 0.00000E+00 
-157.5, -67.5, 0.00000E+00 
-148.5, -67.5, 0.00000E+00 
-139.5, -67.5, 0.00000E+00 
-130.5, -67.5, 0.00000E+00 
-121.5, -67.5, 0.00000E+00 
-112.5, -67.5, 0.00000E+00 
-103.5, -67.5, 1.08108E-02 
-94.5, -67.5, 6.09319E-02 
-85.5, -67.5, 2.20588E-01 
-76.5, -67.5, 1.00000E+00 
-67.5, -67.5, 1.00000E+00 
-58.5, -67.5, 1.00000E+00 
-49.5, -67.5, 1.00000E+00 
-40.5, -67.5, 1.00000E+00 
-31.5, -67.5, 1.00000E+00 
-22.5, -67.5, 6.71875E-01 
-13.5, -67.5, 5.38462E-01 
-4.5, -67.5, 0.00000E+00 
4.5, -67.5, 0.00000E+00 
13.5, -67.5, 0.00000E+00 
22.5, -67.5, 0.00000E+00 
31.5, -67.5, 0.00000E+00 
40.5, -67.5, 0.00000E+00 
49.5, -67.5, 4.00000E-01 
58.5, -67.5, 5.65574E-01 
67.5, -67.5, 7.10769E-01 
76.5, -67.5, 7.92005E-01 
85.5, -67.5, 1.00000E+00 
94.5, -67.5, 1.00000E+00 
103.5, -67.5, 1.00000E+00 
112.5, -67.5, 1.00000E+00 
121.5, -67.5, 1.00000E+00 
130.5, -67.5, 1.00000E+00 
139.5, -67.5, 1.00000E+00 
148.5, -67.5, 8.56025E-01 
157.5, -67.5, 7.72201E-01 
166.5, -67.5, 7.41313E-01 
175.5, -67.5, 5.80645E-01 
-175.5, -76.5, 6.87500E-01 
-166.5, -76.5, 1.33333E-01 
-157.5, -76.5, 0.00000E+00 
-148.5, -76.5, 0.00000E+00 
-139.5, -76.5, 0.00000E+00 
-130.5, -76.5, 0.00000E+00 
-121.5, -76.5, 0.00000E+00 
-112.5, -76.5, 0.00000E+00 
-103.5, -76.5, 2.10526E-02 
-94.5, -76.5, 1.08108E-01 
-85.5, -76.5, 6.11650E-01 
-76.5, -76.5, 1.00000E+00 
-67.5, -76.5, 1.00000E+00 
-58.5, -76.5, 1.00000E+00 
-49.5, -76.5, 1.00000E+00 
-40.5, -76.5, 1.00000E+00 
-31.5, -76.5, 1.00000E+00 
-22.5, -76.5, 5.92593E-01 
-13.5, -76.5, 1.00000E+00 
-4.5, -76.5, 1.00000E+00 
4.5, -76.5, 1.00000E+00 
13.5, -76.5, 1.00000E+00 
22.5, -76.5, 0.00000E+00 
31.5, -76.5, 0.00000E+00 
40.5, -76.5, 5.00000E-01 
49.5, -76.5, 5.83333E-01 
58.5, -76.5, 5.48387E-01 
67.5, -76.5, 6.24196E-01 
76.5, -76.5, 8.26959E-01 
85.5, -76.5, 8.65273E-01 
94.5, -76.5, 9.63717E-01 
103.5, -76.5, 1.00000E+00 
112.5, -76.5, 1.00000E+00 
121.5, -76.5, 1.00000E+00 
130.5, -76.5, 1.00000E+00 
139.5, -76.5, 9.86111E-01 
148.5, -76.5, 8.02698E-01 
157.5, -76.5, 7.45665E-01 
166.5, -76.5, 7.65873E-01 
175.5, -76.5, 6.83544E-01 
-175.5, -85.5, 4.44444E-01 
-166.5, -85.5, 6.89655E-02 
-157.5, -85.5, 0.00000E+00 
-148.5, -85.5, 0.00000E+00 
-139.5, -85.5, 0.00000E+00 
-130.5, -85.5, 0.00000E+00 
-121.5, -85.5, 0.00000E+00 
-112.5, -85.5, 0.00000E+00 
-103.5, -85.5, 7.57576E-02 
-94.5, -85.5, 1.14754E-01 
-85.5, -85.5, 7.14286E-01 
-76.5, -85.5, 1.00000E+00 
-67.5, -85.5, 1.00000E+00 
-58.5, -85.5, 1.00000E+00 
-49.5, -85.5, 1.00000E+00 
-40.5, -85.5, 1.00000E+00 
-31.5, -85.5, 8.88889E-01 
-22.5, -85.5, 4.77612E-01 
-13.5, -85.5, 3.33333E-01 
-4.5, -85.5, 7.50000E-01 
4.5, -85.5, 1.00000E+00 
13.5, -85.5, 0.00000E+00 
22.5, -85.5, 1.00000E+00 
31.5, -85.5, 3.33333E-01 
40.5, -85.5, 2.27273E-01 
49.5, -85.5, 7.16981E-01 
58.5, -85.5, 5.09158E-01 
67.5, -85.5, 6.54348E-01 
76.5, -85.5, 7.52949E-01 
85.5, -85.5, 8.44590E-01 
94.5, -85.5, 9.84080E-01 
103.5, -85.5, 1.00000E+00 
112.5, -85.5, 9.89318E-01 
121.5, -85.5, 8.39852E-01 
130.5, -85.5, 7.32759E-01 
139.5, -85.5, 9.00552E-01 
148.5, -85.5, 9.83299E-01 
157.5, -85.5, 9.23684E-01 
166.5, -85.5, 9.80392E-01 
175.5, -85.5, 6.25000E-01 
-175.5, -94.5, 2.70270E-01 
-166.5, -94.5, 0.00000E+00 
-157.5, -94.5, 0.00000E+00 
-148.5, -94.5, 0.00000E+00 
-139.5, -94.5, 0.00000E+00 
-130.5, -94.5, 0.00000E+00 
-121.5, -94.5, 0.00000E+00 
-112.5, -94.5, 0.00000E+00 
-103.5, -94.5, 0.00000E+00 
-94.5, -94.5, 1.13208E-01 
-85.5, -94.5, 4.42623E-01 
-76.5, -94.5, 1.00000E+00 
-67.5, -94.5, 1.00000E+00 
-58.5, -94.5, 1.00000E+00 
-49.5, -94.5, 1.00000E+00 
-40.5, -94.5, 1.00000E+00 
-31.5, -94.5, 6.51163E-01 
-22.5, -94.5, 4.00000E-01 
-13.5, -94.5, 3.84615E-01 
-4.5, -94.5, 3.75000E-01 
4.5, -94.5, 1.00000E+00 
13.5, -94.5, 1.00000E+00 
22.5, -94.5, 1.00000E+00 
31.5, -94.5, 7.05882E-01 
40.5, -94.5, 7.56098E-01 
49.5, -94.5, 5.76642E-01 
58.5, -94.5, 7.67157E-01 
67.5, -94.5, 7.06280E-01 
76.5, -94.5, 8.77745E-01 
85.5, -94.5, 9.60857E-01 
94.5, -94.5, 9.86211E-01 
103.5, -94.5, 7.71697E-01 
112.5, -94.5, 5.59118E-01 
121.5, -94.5, 5.02275E-01 
130.5, -94.5, 4.82793E-01 
139.5, -94.5, 6.51806E-01 
148.5, -94.5, 7.25212E-01 
157.5, -94.5, 8.07487E-01 
166.5, -94.5, 1.00000E+00 
175.5, -94.5, 1.00000E+00 
-175.5, -103.5, 5.83333E-01 
-166.5, -103.5, 3.84615E-02 
-157.5, -103.5, 0.00000E+00 
-148.5, -103.5, 0.00000E+00 
-139.5, -103.5, 0.00000E+00 
-130.5, -103.5, 0.00000E+00 
-121.5, -103.5, 0.00000E+00 
-112.5, -103.5, 0.00000E+00 
-103.5, -103.5, 0.00000E+00 
-94.5, -103.5, 7.54717E-02 
-85.5, -103.5, 2.84848E-01 
-76.5, -103.5, 6.31016E-01 
-67.5, -103.5, 8.67725E-01 
-58.5, -103.5, 1.00000E+00 
-49.5, -103.5, 9.09091E-01 
-40.5, -103.5, 9.23077E-01 
-31.5, -103.5, 2.50000E-01 
-22.5, -103.5, 0.00000E+00 
-13.5, -103.5, 0.00000E+00 
-4.5, -103.5, 1.00000E+00 
4.5, -103.5, 5.71429E-01 
13.5, -103.5, 1.00000E+00 
22.5, -103.5, 3.80952E-01 
31.5, -103.5, 5.50562E-01 
40.5, -103.5, 4.83871E-01 
49.5, -103.5, 5.26104E-01 
58.5, -103.5, 5.60021E-01 
67.5, -103.5, 5.53691E-01 
76.5, -103.5, 5.89925E-01 
85.5, -103.5, 6.75241E-01 
94.5, -103.5, 6.02230E-01 
103.5, -103.5, 4.74192E-01 
112.5, -103.5, 3.57683E-01 
121.5, -103.5, 3.37722E-01 
130.5, -103.5, 3.39207E-01 
139.5, -103.5, 3.92157E-01 
148.5, -103.5, 6.41480E-01 
157.5, -103.5, 6.88427E-01 
166.5, -103.5, 6.66667E-01 
175.5, -103.5, 8.28947E-01 
-175.5, -112.5, 4.21053E-01 
-166.5, -112.5, 5.55556E-02 
-157.5, -112.5, 0.00000E+00 
-148.5, -112.5, 0.00000E+00 
-139.5, -112.5, 0.00000E+00 
-130.5, -112.5, 0.00000E+00 
-121.5, -112.5, 0.00000E+00 
-112.5, -112.5, 0.00000E+00 
-103.5, -112.5, 1.11732E-02 
-94.5, -112.5, 5.19481E-02 
-85.5, -112.5, 1.57895E-01 
-76.5, -112.5, 4.26752E-01 
-67.5, -112.5, 1.00000E+00 
-58.5, -112.5, 1.00000E+00 
-49.5, -112.5, 9.00000E-01 
-40.5, -112.5, 3.33333E-01 
-31.5, -112.5, 0.00000E+00 
-22.5, -112.5, 0.00000E+00 
-13.5, -112.5, 0.00000E+00 
-4.5, -112.5, 0.00000E+00 
4.5, -112.5, 7.50000E-01 
13.5, -112.5, 5.83333E-01 
22.5, -112.5, 8.80000E-01 
31.5, -112.5, 5.43379E-01 
40.5, -112.5, 3.87179E-01 
49.5, -112.5, 4.35843E-01 
58.5, -112.5, 3.97294E-01 
67.5, -112.5, 3.85134E-01 
76.5, -112.5, 3.76355E-01 
85.5, -112.5, 4.18917E-01 
94.5, -112.5, 3.95833E-01 
103.5, -112.5, 3.21105E-01 
112.5, -112.5, 2.80729E-01 
121.5, -112.5, 2.19622E-01 
130.5, -112.5, 2.27744E-01 
139.5, -112.5, 2.75429E-01 
148.5, -112.5, 4.60874E-01 
157.5, -112.5, 4.79781E-01 
166.5, -112.5, 5.00582E-01 
175.5, -112.5, 5.61538E-01 
-175.5, -121.5, 2.62774E-01 
-166.5, -121.5, 4.22535E-02 
-157.5, -121.5, 0.00000E+00 
-148.5, -121.5, 0.00000E+00 
-139.5, -121.5, 0.00000E+00 
-130.5, -121.5, 0.00000E+00 
-121.5, -121.5, 0.00000E+00 
-112.5, -121.5, 0.00000E+00 
-103.5, -121.5, 0.00000E+00 
-94.5, -121.5, 1.45985E-02 
-85.5, -121.5, 1.06061E-01 
-76.5, -121.5, 3.59649E-01 
-67.5, -121.5, 7.89916E-01 
-58.5, -121.5, 3.40426E-01 
-49.5, -121.5, 4.28571E-01 
-40.5, -121.5, 0.00000E+00 
-31.5, -121.5, 0.00000E+00 
-22.5, -121.5, 0.00000E+00 
-13.5, -121.5, 0.00000E+00 
-4.5, -121.5, 0.00000E+00 
4.5, -121.5, 6.66667E-01 
13.5, -121.5, 3.07692E-01 
22.5, -121.5, 3.57143E-01 
31.5, -121.5, 3.68675E-01 
40.5, -121.5, 2.29379E-01 
49.5, -121.5, 2.99911E-01 
58.5, -121.5, 3.24443E-01 
67.5, -121.5, 3.02194E-01 
76.5, -121.5, 3.05092E-01 
85.5, -121.5, 3.28662E-01 
94.5, -121.5, 3.37500E-01 
103.5, -121.5, 2.90851E-01 
112.5, -121.5, 2.48934E-01 
121.5, -121.5, 2.12938E-01 
130.5, -121.5, 1.83963E-01 
139.5, -121.5, 2.25975E-01 
148.5, -121.5, 4.06683E-01 
157.5, -121.5, 3.72524E-01 
166.5, -121.5, 3.34066E-01 
175.5, -121.5, 3.03965E-01 
-175.5, -130.5, 1.50685E-01 
-166.5, -130.5, 1.35593E-02 
-157.5, -130.5, 0.00000E+00 
-148.5, -130.5, 0.00000E+00 
-139.5, -130.5, 0.00000E+00 
-130.5, -130.5, 0.00000E+00 
-121.5, -130.5, 0.00000E+00 
-112.5, -130.5, 0.00000E+00 
-103.5, -130.5, 7.28597E-03 
-94.5, -130.5, 7.53769E-03 
-85.5, -130.5, 9.30576E-02 
-76.5, -130.5, 2.90249E-01 
-67.5, -130.5, 7.97101E-01 
-58.5, -130.5, 9.04762E-01 
-49.5, -130.5, 0.00000E+00 
-40.5, -130.5, 0.00000E+00 
-31.5, -130.5, 0.00000E+00 
-22.5, -130.5, 0.00000E+00 
-13.5, -130.5, 0.00000E+00 
-4.5, -130.5, 0.00000E+00 
4.5, -130.5, 0.00000E+00 
13.5, -130.5, 0.00000E+00 
22.5, -130.5, 2.28571E-01 
31.5, -130.5, 2.18750E-01 
40.5, -130.5, 2.02605E-01 
49.5, -130.5, 2.04364E-01 
58.5, -130.5, 2.71169E-01 
67.5, -130.5, 3.09578E-01 
76.5, -130.5, 3.11762E-01 
85.5, -130.5, 3.59707E-01 
94.5, -130.5, 3.73582E-01 
103.5, -130.5, 3.26774E-01 
112.5, -130.5, 2.64320E-01 
121.5, -130.5, 2.09620E-01 
130.5, -130.5, 1.94894E-01 
139.5, -130.5, 2.15807E-01 
148.5, -130.5, 3.33180E-01 
157.5, -130.5, 3.32950E-01 
166.5, -130.5, 2.73113E-01 
175.5, -130.5, 2.23744E-01 
-175.5, -139.5, 1.18081E-01 
-166.5, -139.5, 1.46252E-02 
-157.5, -139.5, 0.00000E+00 
-148.5, -139.5, 0.00000E+00 
-139.5, -139.5, 0.00000E+00 
-130.5, -139.5, 0.00000E+00 
-121.5, -139.5, 0.00000E+00 
-112.5, -139.5, 0.00000E+00 
-103.5, -139.5, 3.81316E-03 
-94.5, -139.5, 4.47427E-03 
-85.5, -139.5, 6.60857E-02 
-76.5, -139.5, 2.24367E-01 
-67.5, -139.5, 7.86765E-01 
-58.5, -139.5, 6.25000E-01 
-49.5, -139.5, 1.00000E+00 
-40.5, -139.5, 0.00000E+00 
-31.5, -139.5, 0.00000E+00 
-22.5, -139.5, 0.00000E+00 
-13.5, -139.5, 0.00000E+00 
-4.5, -139.5, 0.00000E+00 
4.5, -139.5, 0.00000E+00 
13.5, -139.5, 0.00000E+00 
22.5, -139.5, 2.00000E-01 
31.5, -139.5, 1.71875E-01 
40.5, -139.5, 1.56199E-01 
49.5, -139.5, 1.65520E-01 
58.5, -139.5, 2.20073E-01 
67.5, -139.5, 3.26855E-01 
76.5, -139.5, 4.50275E-01 
85.5, -139.5, 4.82028E-01 
94.5, -139.5, 5.23529E-01 
103.5, -139.5, 4.35373E-01 
112.5, -139.5, 3.47083E-01 
121.5, -139.5, 2.94218E-01 
130.5, -139.5, 2.69884E-01 
139.5, -139.5, 2.79247E-01 
148.5, -139.5, 3.67599E-01 
157.5, -139.5, 2.43094E-01 
166.5, -139.5, 1.81859E-01 
175.5, -139.5, 1.53935E-01 
-175.5, -148.5, 6.92550E-02 
-166.5, -148.5, 6.52174E-03 
-157.5, -148.5, 0.00000E+00 
-148.5, -148.5, 0.00000E+00 
-139.5, -148.5, 0.00000E+00 
-130.5, -148.5, 0.00000E+00 
-121.5, -148.5, 0.00000E+00 
-112.5, -148.5, 0.00000E+00 
-103.5, -148.5, 1.15473E-03 
-94.5, -148.5, 6.50477E-03 
-85.5, -148.5, 3.45263E-02 
-76.5, -148.5, 1.81544E-01 
-67.5, -148.5, 6.15702E-01 
-58.5, -148.5, 4.58333E-01 
-49.5, -148.5, 2.00000E-01 
-40.5, -148.5, 1.00000E+00 
-31.5, -148.5, 0.00000E+00 
-22.5, -148.5, 0.00000E+00 
-13.5, -148.5, 0.00000E+00 
-4.5, -148.5, 0.00000E+00 
4.5, -148.5, 0.00000E+00 
13.5, -148.5, 0.00000E+00 
22.5, -148.5, 0.00000E+00 
31.5, -148.5, 1.44444E-01 
40.5, -148.5, 1.32725E-01 
49.5, -148.5, 1.52646E-01 
58.5, -148.5, 2.03464E-01 
67.5, -148.5, 3.08582E-01 
76.5, -148.5, 4.66923E-01 
85.5, -148.5, 6.45180E-01 
94.5, -148.5, 8.33280E-01 
103.5, -148.5, 7.32041E-01 
112.5, -148.5, 5.66572E-01 
121.5, -148.5, 4.56207E-01 
130.5, -148.5, 4.04224E-01 
139.5, -148.5, 3.50490E-01 
148.5, -148.5, 3.36661E-01 
157.5, -148.5, 2.47198E-01 
166.5, -148.5, 1.72278E-01 
175.5, -148.5, 1.32120E-01 
-175.5, -157.5, 5.46075E-02 
-166.5, -157.5, 2.87770E-03 
-157.5, -157.5, 2.75292E-03 
-148.5, -157.5, 0.00000E+00 
-139.5, -157.5, 0.00000E+00 
-130.5, -157.5, 0.00000E+00 
-121.5, -157.5, 0.00000E+00 
-112.5, -157.5, 0.00000E+00 
-103.5, -157.5, 1.65017E-03 
-94.5, -157.5, 3.28358E-03 
-85.5, -157.5, 2.90076E-02 
-76.5, -157.5, 8.17147E-02 
-67.5, -157.5, 3.08284E-01 
-58.5, -157.5, 6.42487E-01 
-49.5, -157.5, 8.46154E-01 
-40.5, -157.5, 0.00000E+00 
-31.5, -157.5, 0.00000E+00 
-22.5, -157.5, 0.00000E+00 
-13.5, -157.5, 0.00000E+00 
-4.5, -157.5, 0.00000E+00 
4.5, -157.5, 0.00000E+00 
13.5, -157.5, 0.00000E+00 
22.5, -157.5, 1.00000E+00 
31.5, -157.5, 2.17391E-01 
40.5, -157.5, 1.35057E-01 
49.5, -157.5, 1.71767E-01 
58.5, -157.5, 2.07162E-01 
67.5, -157.5, 3.18371E-01 
76.5, -157.5, 4.77964E-01 
85.5, -157.5, 6.69220E-01 
94.5, -157.5, 8.31068E-01 
103.5, -157.5, 9.21490E-01 
112.5, -157.5, 7.31433E-01 
121.5, -157.5, 5.77759E-01 
130.5, -157.5, 5.33500E-01 
139.5, -157.5, 4.08946E-01 
148.5, -157.5, 3.56070E-01 
157.5, -157.5, 2.79648E-01 
166.5, -157.5, 2.26931E-01 
175.5, -157.5, 2.04996E-01 
-175.5, -166.5, 3.80952E-02 
-166.5, -166.5, 7.80869E-03 
-157.5, -166.5, 0.00000E+00 
-148.5, -166.5, 0.00000E+00 
-139.5, -166.5, 0.00000E+00 
-130.5, -166.5, 0.00000E+00 
-121.5, -166.5, 0.00000E+00 
-112.5, -166.5, 0.00000E+00 
-103.5, -166.5, 0.00000E+00 
-94.5, -166.5, 1.77109E-03 
-85.5, -166.5, 1.54365E-02 
-76.5, -166.5, 5.30954E-02 
-67.5, -166.5, 1.21377E-01 
-58.5, -166.5, 3.06977E-01 
-49.5, -166.5, 3.58974E-01 
-40.5, -166.5, 0.00000E+00 
-31.5, -166.5, 0.00000E+00 
-22.5, -166.5, 0.00000E+00 
-13.5, -166.5, 0.00000E+00 
-4.5, -166.5, 0.00000E+00 
4.5, -166.5, 0.00000E+00 
13.5, -166.5, 0.00000E+00 
22.5, -166.5, 0.00000E+00 
31.5, -166.5, 0.00000E+00 
40.5, -166.5, 5.17241E-02 
49.5, -166.5, 2.00825E-01 
58.5, -166.5, 2.47460E-01 
67.5, -166.5, 3.46543E-01 
76.5, -166.5, 4.83376E-01 
85.5, -166.5, 6.31364E-01 
94.5, -166.5, 7.99584E-01 
103.5, -166.5, 9.24095E-01 
112.5, -166.5, 8.89980E-01 
121.5, -166.5, 6.69568E-01 
130.5, -166.5, 5.73867E-01 
139.5, -166.5, 4.47624E-01 
148.5, -166.5, 3.56466E-01 
157.5, -166.5, 3.41487E-01 
166.5, -166.5, 2.69510E-01 
175.5, -166.5, 2.04457E-01 
-175.5, -175.5, 1.55865E-02 
-166.5, -175.5, 1.57171E-03 
-157.5, -175.5, 0.00000E+00 
-148.5, -175.5, 0.00000E+00 
-139.5, -175.5, 0.00000E+00 
-130.5, -175.5, 0.00000E+00 
-121.5, -175.5, 0.00000E+00 
-112.5, -175.5, 0.00000E+00 
-103.5, -175.5, 5.57103E-04 
-94.5, -175.5, 2.60951E-03 
-85.5, -175.5, 5.71265E-03 
-76.5, -175.5, 2.53500E-02 
-67.5, -175.5, 7.57159E-02 
-58.5, -175.5, 1.74145E-01 
-49.5, -175.5, 3.12500E-01 
-40.5, -175.5, 0.00000E+00 
-31.5, -175.5, 0.00000E+00 
-22.5, -175.5, 0.00000E+00 
-13.5, -175.5, 0.00000E+00 
-4.5, -175.5, 0.00000E+00 
4.5, -175.5, 0.00000E+00 
13.5, -175.5, 0.00000E+00 
22.5, -175.5, 0.00000E+00 
31.5, -175.5, 0.00000E+00 
40.5, -175.5, 5.71429E-01 
49.5, -175.5, 1.51703E-01 
58.5, -175.5, 2.23731E-01 
67.5, -175.5, 2.97592E-01 
76.5, -175.5, 3.13071E-01 
85.5, -175.5, 3.83125E-01 
94.5, -175.5, 4.66727E-01 
103.5, -175.5, 6.84970E-01 
112.5, -175.5, 8.23789E-01 
121.5, -175.5, 7.29952E-01 
130.5, -175.5, 5.74733E-01 
139.5, -175.5, 4.43878E-01 
148.5, -175.5, 3.57245E-01 
157.5, -175.5, 4.34978E-01 
166.5, -175.5, 2.89157E-01 
175.5, -175.5, 9.51997E-02 
