x, y, probability density 
-175.5, 175.5, 7.26099E-03 
-166.5, 175.5, 8.03213E-04 
-157.5, 175.5, 0.00000E+00 
-148.5, 175.5, 0.00000E+00 
-139.5, 175.5, 0.00000E+00 
-130.5, 175.5, 0.00000E+00 
-121.5, 175.5, 0.00000E+00 
-112.5, 175.5, 0.00000E+00 
-103.5, 175.5, 0.00000E+00 
-94.5, 175.5, 7.29262E-04 
-85.5, 175.5, 1.58207E-03 
-76.5, 175.5, 3.17259E-03 
-67.5, 175.5, 8.98318E-03 
-58.5, 175.5, 2.30224E-02 
-49.5, 175.5, 2.16718E-02 
-40.5, 175.5, 1.42857E-01 
-31.5, 175.5, 0.00000E+00 
-22.5, 175.5, 0.00000E+00 
-13.5, 175.5, 0.00000E+00 
-4.5, 175.5, 0.00000E+00 
4.5, 175.5, 0.00000E+00 
13.5, 175.5, 0.00000E+00 
22.5, 175.5, 0.00000E+00 
31.5, 175.5, 0.00000E+00 
40.5, 175.5, 0.00000E+00 
49.5, 175.5, 1.45833E-01 
58.5, 175.5, 1.14316E-01 
67.5, 175.5, 1.14262E-01 
76.5, 175.5, 1.33530E-01 
85.5, 175.5, 1.74522E-01 
94.5, 175.5, 2.02423E-01 
103.5, 175.5, 2.52368E-01 
112.5, 175.5, 3.26643E-01 
121.5, 175.5, 3.76771E-01 
130.5, 175.5, 3.80483E-01 
139.5, 175.5, 4.42022E-01 
148.5, 175.5, 4.45619E-01 
157.5, 175.5, 3.54580E-01 
166.5, 175.5, 1.72102E-01 
175.5, 175.5, 4.51189E-02 
-175.5, 166.5, 5.81395E-03 
-166.5, 166.5, 0.00000E+00 
-157.5, 166.5, 0.00000E+00 
-148.5, 166.5, 0.00000E+00 
-139.5, 166.5, 0.00000E+00 
-130.5, 166.5, 0.00000E+00 
-121.5, 166.5, 0.00000E+00 
-112.5, 166.5, 0.00000E+00 
-103.5, 166.5, 0.00000E+00 
-94.5, 166.5, 2.96912E-04 
-85.5, 166.5, 6.13371E-04 
-76.5, 166.5, 2.19409E-03 
-67.5, 166.5, 3.90972E-03 
-58.5, 166.5, 7.86627E-03 
-49.5, 166.5, 0.00000E+00 
-40.5, 166.5, 0.00000E+00 
-31.5, 166.5, 0.00000E+00 
-22.5, 166.5, 0.00000E+00 
-13.5, 166.5, 0.00000E+00 
-4.5, 166.5, 0.00000E+00 
4.5, 166.5, 0.00000E+00 
13.5, 166.5, 0.00000E+00 
22.5, 166.5, 0.00000E+00 
31.5, 166.5, 0.00000E+00 
40.5, 166.5, 0.00000E+00 
49.5, 166.5, 0.00000E+00 
58.5, 166.5, 2.32558E-02 
67.5, 166.5, 4.80072E-02 
76.5, 166.5, 6.42734E-02 
85.5, 166.5, 6.26331E-02 
94.5, 166.5, 8.50122E-02 
103.5, 166.5, 1.30735E-01 
112.5, 166.5, 1.63591E-01 
121.5, 166.5, 1.91737E-01 
130.5, 166.5, 2.03466E-01 
139.5, 166.5, 2.63217E-01 
148.5, 166.5, 1.95443E-01 
157.5, 166.5, 1.89774E-01 
166.5, 166.5, 8.97999E-02 
175.5, 166.5, 2.47619E-02 
-175.5, 157.5, 1.72265E-03 
-166.5, 157.5, 0.00000E+00 
-157.5, 157.5, 0.00000E+00 
-148.5, 157.5, 0.00000E+00 
-139.5, 157.5, 0.00000E+00 
-130.5, 157.5, 0.00000E+00 
-121.5, 157.5, 0.00000E+00 
-112.5, 157.5, 0.00000E+00 
-103.5, 157.5, 0.00000E+00 
-94.5, 157.5, 0.00000E+00 
-85.5, 157.5, 3.00436E-04 
-76.5, 157.5, 8.68432E-04 
-67.5, 157.5, 2.53394E-03 
-58.5, 157.5, 4.52431E-03 
-49.5, 157.5, 2.67789E-03 
-40.5, 157.5, 0.00000E+00 
-31.5, 157.5, 0.00000E+00 
-22.5, 157.5, 0.00000E+00 
-13.5, 157.5, 0.00000E+00 
-4.5, 157.5, 0.00000E+00 
4.5, 157.5, 0.00000E+00 
13.5, 157.5, 0.00000E+00 
22.5, 157.5, 0.00000E+00 
31.5, 157.5, 0.00000E+00 
40.5, 157.5, 0.00000E+00 
49.5, 157.5, 0.00000E+00 
58.5, 157.5, 0.00000E+00 
67.5, 157.5, 2.64731E-02 
76.5, 157.5, 3.81782E-02 
85.5, 157.5, 4.17303E-02 
94.5, 157.5, 7.37313E-02 
103.5, 157.5, 8.08581E-02 
112.5, 157.5, 1.16122E-01 
121.5, 157.5, 1.68211E-01 
130.5, 157.5, 1.34371E-01 
139.5, 157.5, 2.08118E-01 
148.5, 157.5, 1.67139E-01 
157.5, 157.5, 1.25258E-01 
166.5, 157.5, 6.47482E-02 
175.5, 157.5, 9.55631E-03 
-175.5, 148.5, 7.91139E-04 
-166.5, 148.5, 0.00000E+00 
-157.5, 148.5, 0.00000E+00 
-148.5, 148.5, 0.00000E+00 
-139.5, 148.5, 0.00000E+00 
-130.5, 148.5, 0.00000E+00 
-121.5, 148.5, 0.00000E+00 
-112.5, 148.5, 0.00000E+00 
-103.5, 148.5, 0.00000E+00 
-94.5, 148.5, 0.00000E+00 
-85.5, 148.5, 1.45836E-04 
-76.5, 148.5, 1.17211E-03 
-67.5, 148.5, 3.07011E-03 
-58.5, 148.5, 4.51769E-03 
-49.5, 148.5, 4.34439E-03 
-40.5, 148.5, 0.00000E+00 
-31.5, 148.5, 2.22222E-02 
-22.5, 148.5, 0.00000E+00 
-13.5, 148.5, 0.00000E+00 
-4.5, 148.5, 0.00000E+00 
4.5, 148.5, 0.00000E+00 
13.5, 148.5, 0.00000E+00 
22.5, 148.5, 0.00000E+00 
31.5, 148.5, 0.00000E+00 
40.5, 148.5, 0.00000E+00 
49.5, 148.5, 0.00000E+00 
58.5, 148.5, 1.38889E-02 
67.5, 148.5, 4.13223E-02 
76.5, 148.5, 2.95537E-02 
85.5, 148.5, 4.96842E-02 
94.5, 148.5, 5.76756E-02 
103.5, 148.5, 9.12240E-02 
112.5, 148.5, 1.53118E-01 
121.5, 148.5, 1.59521E-01 
130.5, 148.5, 1.63265E-01 
139.5, 148.5, 1.76471E-01 
148.5, 148.5, 1.83051E-01 
157.5, 148.5, 1.12527E-01 
166.5, 148.5, 4.56522E-02 
175.5, 148.5, 1.04932E-02 
-175.5, 139.5, 0.00000E+00 
-166.5, 139.5, 0.00000E+00 
-157.5, 139.5, 0.00000E+00 
-148.5, 139.5, 0.00000E+00 
-139.5, 139.5, 0.00000E+00 
-130.5, 139.5, 0.00000E+00 
-121.5, 139.5, 0.00000E+00 
-112.5, 139.5, 0.00000E+00 
-103.5, 139.5, 0.00000E+00 
-94.5, 139.5, 0.00000E+00 
-85.5, 139.5, 4.04613E-04 
-76.5, 139.5, 2.12522E-03 
-67.5, 139.5, 5.00878E-03 
-58.5, 139.5, 4.63499E-03 
-49.5, 139.5, 1.04459E-02 
-40.5, 139.5, 1.15094E-02 
-31.5, 139.5, 1.56250E-02 
-22.5, 139.5, 0.00000E+00 
-13.5, 139.5, 0.00000E+00 
-4.5, 139.5, 0.00000E+00 
4.5, 139.5, 0.00000E+00 
13.5, 139.5, 0.00000E+00 
22.5, 139.5, 0.00000E+00 
31.5, 139.5, 0.00000E+00 
40.5, 139.5, 0.00000E+00 
49.5, 139.5, 0.00000E+00 
58.5, 139.5, 2.50000E-02 
67.5, 139.5, 3.67647E-02 
76.5, 139.5, 5.06634E-02 
85.5, 139.5, 6.46333E-02 
94.5, 139.5, 9.84340E-02 
103.5, 139.5, 1.35367E-01 
112.5, 139.5, 1.52478E-01 
121.5, 139.5, 1.81250E-01 
130.5, 139.5, 2.59696E-01 
139.5, 139.5, 2.03509E-01 
148.5, 139.5, 1.86380E-01 
157.5, 139.5, 1.15789E-01 
166.5, 139.5, 3.29068E-02 
175.5, 139.5, 7.38007E-03 
-175.5, 130.5, 2.28311E-03 
-166.5, 130.5, 0.00000E+00 
-157.5, 130.5, 0.00000E+00 
-148.5, 130.5, 0.00000E+00 
-139.5, 130.5, 0.00000E+00 
-130.5, 130.5, 0.00000E+00 
-121.5, 130.5, 0.00000E+00 
-112.5, 130.5, 0.00000E+00 
-103.5, 130.5, 0.00000E+00 
-94.5, 130.5, 0.00000E+00 
-85.5, 130.5, 3.96589E-04 
-76.5, 130.5, 1.79174E-03 
-67.5, 130.5, 5.92043E-03 
-58.5, 130.5, 1.37554E-02 
-49.5, 130.5, 1.75974E-02 
-40.5, 130.5, 2.74964E-02 
-31.5, 130.5, 3.90625E-02 
-22.5, 130.5, 5.71429E-02 
-13.5, 130.5, 0.00000E+00 
-4.5, 130.5, 0.00000E+00 
4.5, 130.5, 0.00000E+00 
13.5, 130.5, 0.00000E+00 
22.5, 130.5, 0.00000E+00 
31.5, 130.5, 0.00000E+00 
40.5, 130.5, 0.00000E+00 
49.5, 130.5, 0.00000E+00 
58.5, 130.5, 4.76190E-02 
67.5, 130.5, 1.44928E-02 
76.5, 130.5, 9.97732E-02 
85.5, 130.5, 1.22600E-01 
94.5, 130.5, 1.65829E-01 
103.5, 130.5, 2.44080E-01 
112.5, 130.5, 2.81385E-01 
121.5, 130.5, 2.47573E-01 
130.5, 130.5, 2.39631E-01 
139.5, 130.5, 2.94118E-01 
148.5, 130.5, 2.08861E-01 
157.5, 130.5, 1.87919E-01 
166.5, 130.5, 8.13559E-02 
175.5, 130.5, 1.36986E-02 
-175.5, 121.5, 4.40529E-03 
-166.5, 121.5, 0.00000E+00 
-157.5, 121.5, 0.00000E+00 
-148.5, 121.5, 0.00000E+00 
-139.5, 121.5, 0.00000E+00 
-130.5, 121.5, 0.00000E+00 
-121.5, 121.5, 0.00000E+00 
-112.5, 121.5, 0.00000E+00 
-103.5, 121.5, 2.66347E-04 
-94.5, 121.5, 0.00000E+00 
-85.5, 121.5, 5.12733E-04 
-76.5, 121.5, 1.35777E-03 
-67.5, 121.5, 6.38810E-03 
-58.5, 121.5, 1.65496E-02 
-49.5, 121.5, 3.69875E-02 
-40.5, 121.5, 5.76271E-02 
-31.5, 121.5, 5.54217E-02 
-22.5, 121.5, 3.57143E-02 
-13.5, 121.5, 0.00000E+00 
-4.5, 121.5, 0.00000E+00 
4.5, 121.5, 0.00000E+00 
13.5, 121.5, 0.00000E+00 
22.5, 121.5, 0.00000E+00 
31.5, 121.5, 0.00000E+00 
40.5, 121.5, 0.00000E+00 
49.5, 121.5, 0.00000E+00 
58.5, 121.5, 4.25532E-02 
67.5, 121.5, 6.72269E-02 
76.5, 121.5, 2.10526E-01 
85.5, 121.5, 1.71717E-01 
94.5, 121.5, 2.87105E-01 
103.5, 121.5, 3.50318E-01 
112.5, 121.5, 4.46281E-01 
121.5, 121.5, 2.90123E-01 
130.5, 121.5, 1.81208E-01 
139.5, 121.5, 3.64486E-01 
148.5, 121.5, 4.27083E-01 
157.5, 121.5, 1.72840E-01 
166.5, 121.5, 1.40845E-01 
175.5, 121.5, 1.45985E-02 
-175.5, 112.5, 7.69231E-03 
-166.5, 112.5, 0.00000E+00 
-157.5, 112.5, 0.00000E+00 
-148.5, 112.5, 0.00000E+00 
-139.5, 112.5, 0.00000E+00 
-130.5, 112.5, 0.00000E+00 
-121.5, 112.5, 0.00000E+00 
-112.5, 112.5, 0.00000E+00 
-103.5, 112.5, 0.00000E+00 
-94.5, 112.5, 0.00000E+00 
-85.5, 112.5, 0.00000E+00 
-76.5, 112.5, 2.96702E-03 
-67.5, 112.5, 4.76127E-03 
-58.5, 112.5, 2.48027E-02 
-49.5, 112.5, 5.83245E-02 
-40.5, 112.5, 7.17949E-02 
-31.5, 112.5, 1.50685E-01 
-22.5, 112.5, 4.00000E-02 
-13.5, 112.5, 0.00000E+00 
-4.5, 112.5, 0.00000E+00 
4.5, 112.5, 0.00000E+00 
13.5, 112.5, 0.00000E+00 
22.5, 112.5, 0.00000E+00 
31.5, 112.5, 0.00000E+00 
40.5, 112.5, 0.00000E+00 
49.5, 112.5, 1.00000E-01 
58.5, 112.5, 0.00000E+00 
67.5, 112.5, 7.80142E-02 
76.5, 112.5, 2.22930E-01 
85.5, 112.5, 2.95547E-01 
94.5, 112.5, 4.67532E-01 
103.5, 112.5, 3.91061E-01 
112.5, 112.5, 4.33333E-01 
121.5, 112.5, 3.46667E-01 
130.5, 112.5, 2.85714E-01 
139.5, 112.5, 3.41463E-01 
148.5, 112.5, 4.28571E-01 
157.5, 112.5, 3.51648E-01 
166.5, 112.5, 1.94444E-01 
175.5, 112.5, 2.63158E-02 
-175.5, 103.5, 0.00000E+00 
-166.5, 103.5, 0.00000E+00 
-157.5, 103.5, 0.00000E+00 
-148.5, 103.5, 0.00000E+00 
-139.5, 103.5, 0.00000E+00 
-130.5, 103.5, 0.00000E+00 
-121.5, 103.5, 0.00000E+00 
-112.5, 103.5, 0.00000E+00 
-103.5, 103.5, 0.00000E+00 
-94.5, 103.5, 6.19579E-04 
-85.5, 103.5, 9.89364E-04 
-76.5, 103.5, 3.09324E-03 
-67.5, 103.5, 8.94855E-03 
-58.5, 103.5, 4.44802E-02 
-49.5, 103.5, 6.29183E-02 
-40.5, 103.5, 1.46953E-01 
-31.5, 103.5, 3.37079E-02 
-22.5, 103.5, 2.38095E-01 
-13.5, 103.5, 2.50000E-01 
-4.5, 103.5, 1.42857E-01 
4.5, 103.5, 0.00000E+00 
13.5, 103.5, 0.00000E+00 
22.5, 103.5, 0.00000E+00 
31.5, 103.5, 0.00000E+00 
40.5, 103.5, 0.00000E+00 
49.5, 103.5, 0.00000E+00 
58.5, 103.5, 0.00000E+00 
67.5, 103.5, 5.29101E-02 
76.5, 103.5, 1.28342E-01 
85.5, 103.5, 4.06061E-01 
94.5, 103.5, 5.03145E-01 
103.5, 103.5, 7.56757E-01 
112.5, 103.5, 7.27273E-01 
121.5, 103.5, 7.95455E-01 
130.5, 103.5, 5.00000E-01 
139.5, 103.5, 7.64706E-01 
148.5, 103.5, 7.54098E-01 
157.5, 103.5, 6.53846E-01 
166.5, 103.5, 7.69231E-02 
175.5, 103.5, 8.33333E-02 
-175.5, 94.5, 0.00000E+00 
-166.5, 94.5, 0.00000E+00 
-157.5, 94.5, 0.00000E+00 
-148.5, 94.5, 0.00000E+00 
-139.5, 94.5, 0.00000E+00 
-130.5, 94.5, 0.00000E+00 
-121.5, 94.5, 0.00000E+00 
-112.5, 94.5, 0.00000E+00 
-103.5, 94.5, 0.00000E+00 
-94.5, 94.5, 0.00000E+00 
-85.5, 94.5, 8.24063E-04 
-76.5, 94.5, 2.92826E-03 
-67.5, 94.5, 9.66184E-03 
-58.5, 94.5, 2.94118E-02 
-49.5, 94.5, 5.10949E-02 
-40.5, 94.5, 7.31707E-02 
-31.5, 94.5, 1.76471E-01 
-22.5, 94.5, 1.11111E-01 
-13.5, 94.5, 2.00000E-01 
-4.5, 94.5, 0.00000E+00 
4.5, 94.5, 0.00000E+00 
13.5, 94.5, 0.00000E+00 
22.5, 94.5, 0.00000E+00 
31.5, 94.5, 0.00000E+00 
40.5, 94.5, 3.44828E-02 
49.5, 94.5, 0.00000E+00 
58.5, 94.5, 1.69492E-02 
67.5, 94.5, 7.23684E-02 
76.5, 94.5, 1.63793E-01 
85.5, 94.5, 5.08197E-01 
94.5, 94.5, 8.11321E-01 
103.5, 94.5, 7.78947E-01 
112.5, 94.5, 1.00000E+00 
121.5, 94.5, 6.97674E-01 
130.5, 94.5, 8.88889E-01 
139.5, 94.5, 9.39394E-01 
148.5, 94.5, 1.00000E+00 
157.5, 94.5, 1.00000E+00 
166.5, 94.5, 5.71429E-02 
175.5, 94.5, 5.40541E-02 
-175.5, 85.5, 0.00000E+00 
-166.5, 85.5, 0.00000E+00 
-157.5, 85.5, 0.00000E+00 
-148.5, 85.5, 0.00000E+00 
-139.5, 85.5, 0.00000E+00 
-130.5, 85.5, 0.00000E+00 
-121.5, 85.5, 0.00000E+00 
-112.5, 85.5, 0.00000E+00 
-103.5, 85.5, 0.00000E+00 
-94.5, 85.5, 9.95025E-04 
-85.5, 85.5, 2.62295E-03 
-76.5, 85.5, 4.58716E-03 
-67.5, 85.5, 1.73913E-02 
-58.5, 85.5, 5.86081E-02 
-49.5, 85.5, 9.43396E-02 
-40.5, 85.5, 9.09091E-02 
-31.5, 85.5, 1.66667E-01 
-22.5, 85.5, 0.00000E+00 
-13.5, 85.5, 2.50000E-01 
-4.5, 85.5, 2.50000E-01 
4.5, 85.5, 3.75000E-01 
13.5, 85.5, 0.00000E+00 
22.5, 85.5, 0.00000E+00 
31.5, 85.5, 2.46914E-02 
40.5, 85.5, 0.00000E+00 
49.5, 85.5, 2.24719E-02 
58.5, 85.5, 5.44815E-02 
67.5, 85.5, 1.05442E-01 
76.5, 85.5, 3.02632E-01 
85.5, 85.5, 1.00000E+00 
94.5, 85.5, 9.01639E-01 
103.5, 85.5, 1.00000E+00 
112.5, 85.5, 1.00000E+00 
121.5, 85.5, 1.00000E+00 
130.5, 85.5, 1.00000E+00 
139.5, 85.5, 9.41176E-01 
148.5, 85.5, 1.00000E+00 
157.5, 85.5, 8.23529E-01 
166.5, 85.5, 8.27586E-01 
175.5, 85.5, 4.44444E-01 
-175.5, 76.5, 1.26582E-02 
-166.5, 76.5, 0.00000E+00 
-157.5, 76.5, 0.00000E+00 
-148.5, 76.5, 0.00000E+00 
-139.5, 76.5, 0.00000E+00 
-130.5, 76.5, 0.00000E+00 
-121.5, 76.5, 0.00000E+00 
-112.5, 76.5, 0.00000E+00 
-103.5, 76.5, 0.00000E+00 
-94.5, 76.5, 8.84956E-04 
-85.5, 76.5, 2.32288E-03 
-76.5, 76.5, 0.00000E+00 
-67.5, 76.5, 2.18790E-02 
-58.5, 76.5, 4.30108E-02 
-49.5, 76.5, 1.66667E-01 
-40.5, 76.5, 5.00000E-01 
-31.5, 76.5, 2.50000E-01 
-22.5, 76.5, 0.00000E+00 
-13.5, 76.5, 0.00000E+00 
-4.5, 76.5, 0.00000E+00 
4.5, 76.5, 0.00000E+00 
13.5, 76.5, 5.26316E-02 
22.5, 76.5, 5.55556E-02 
31.5, 76.5, 3.41880E-02 
40.5, 76.5, 1.28205E-02 
49.5, 76.5, 3.37323E-02 
58.5, 76.5, 4.26230E-02 
67.5, 76.5, 1.43984E-01 
76.5, 76.5, 4.12556E-01 
85.5, 76.5, 1.00000E+00 
94.5, 76.5, 1.00000E+00 
103.5, 76.5, 1.00000E+00 
112.5, 76.5, 1.00000E+00 
121.5, 76.5, 1.00000E+00 
130.5, 76.5, 1.00000E+00 
139.5, 76.5, 1.00000E+00 
148.5, 76.5, 1.00000E+00 
157.5, 76.5, 1.00000E+00 
166.5, 76.5, 1.00000E+00 
175.5, 76.5, 4.37500E-01 
-175.5, 67.5, 1.61290E-02 
-166.5, 67.5, 0.00000E+00 
-157.5, 67.5, 0.00000E+00 
-148.5, 67.5, 0.00000E+00 
-139.5, 67.5, 0.00000E+00 
-130.5, 67.5, 0.00000E+00 
-121.5, 67.5, 0.00000E+00 
-112.5, 67.5, 0.00000E+00 
-103.5, 67.5, 0.00000E+00 
-94.5, 67.5, 7.53012E-04 
-85.5, 67.5, 4.86486E-03 
-76.5, 67.5, 2.66512E-02 
-67.5, 67.5, 5.84615E-02 
-58.5, 67.5, 8.19672E-02 
-49.5, 67.5, 3.00000E-01 
-40.5, 67.5, 0.00000E+00 
-31.5, 67.5, 0.00000E+00 
-22.5, 67.5, 0.00000E+00 
-13.5, 67.5, 0.00000E+00 
-4.5, 67.5, 0.00000E+00 
4.5, 67.5, 0.00000E+00 
13.5, 67.5, 0.00000E+00 
22.5, 67.5, 6.25000E-02 
31.5, 67.5, 6.01093E-02 
40.5, 67.5, 5.43689E-02 
49.5, 67.5, 5.87595E-02 
58.5, 67.5, 8.22213E-02 
67.5, 67.5, 2.09220E-01 
76.5, 67.5, 8.15249E-01 
85.5, 67.5, 1.00000E+00 
94.5, 67.5, 1.00000E+00 
103.5, 67.5, 1.00000E+00 
112.5, 67.5, 1.00000E+00 
121.5, 67.5, 7.69231E-01 
130.5, 67.5, 8.22430E-01 
139.5, 67.5, 1.00000E+00 
148.5, 67.5, 1.00000E+00 
157.5, 67.5, 1.00000E+00 
166.5, 67.5, 1.00000E+00 
175.5, 67.5, 2.50000E-01 
-175.5, 58.5, 1.85185E-02 
-166.5, 58.5, 0.00000E+00 
-157.5, 58.5, 0.00000E+00 
-148.5, 58.5, 0.00000E+00 
-139.5, 58.5, 0.00000E+00 
-130.5, 58.5, 0.00000E+00 
-121.5, 58.5, 0.00000E+00 
-112.5, 58.5, 0.00000E+00 
-103.5, 58.5, 0.00000E+00 
-94.5, 58.5, 1.76991E-03 
-85.5, 58.5, 9.47368E-03 
-76.5, 58.5, 3.30907E-02 
-67.5, 58.5, 9.66543E-02 
-58.5, 58.5, 2.85714E-01 
-49.5, 58.5, 3.75000E-01 
-40.5, 58.5, 0.00000E+00 
-31.5, 58.5, 0.00000E+00 
-22.5, 58.5, 0.00000E+00 
-13.5, 58.5, 0.00000E+00 
-4.5, 58.5, 0.00000E+00 
4.5, 58.5, 0.00000E+00 
13.5, 58.5, 2.85714E-01 
22.5, 58.5, 2.16216E-01 
31.5, 58.5, 1.78886E-01 
40.5, 58.5, 1.20557E-01 
49.5, 58.5, 1.40560E-01 
58.5, 58.5, 2.51810E-01 
67.5, 58.5, 5.64844E-01 
76.5, 58.5, 1.00000E+00 
85.5, 58.5, 1.00000E+00 
94.5, 58.5, 1.00000E+00 
103.5, 58.5, 8.28932E-01 
112.5, 58.5, 6.25882E-01 
121.5, 58.5, 5.59140E-01 
130.5, 58.5, 6.64706E-01 
139.5, 58.5, 8.49741E-01 
148.5, 58.5, 1.00000E+00 
157.5, 58.5, 1.00000E+00 
166.5, 58.5, 1.00000E+00 
175.5, 58.5, 3.33333E-01 
-175.5, 49.5, 7.14286E-02 
-166.5, 49.5, 0.00000E+00 
-157.5, 49.5, 0.00000E+00 
-148.5, 49.5, 0.00000E+00 
-139.5, 49.5, 0.00000E+00 
-130.5, 49.5, 0.00000E+00 
-121.5, 49.5, 0.00000E+00 
-112.5, 49.5, 0.00000E+00 
-103.5, 49.5, 0.00000E+00 
-94.5, 49.5, 2.62295E-03 
-85.5, 49.5, 1.17467E-02 
-76.5, 49.5, 4.98418E-02 
-67.5, 49.5, 3.35888E-01 
-58.5, 49.5, 6.22047E-01 
-49.5, 49.5, 2.00000E-01 
-40.5, 49.5, 1.00000E+00 
-31.5, 49.5, 0.00000E+00 
-22.5, 49.5, 0.00000E+00 
-13.5, 49.5, 0.00000E+00 
-4.5, 49.5, 0.00000E+00 
4.5, 49.5, 0.00000E+00 
13.5, 49.5, 0.00000E+00 
22.5, 49.5, 2.22222E-01 
31.5, 49.5, 1.51751E-01 
40.5, 49.5, 2.14502E-01 
49.5, 49.5, 3.05986E-01 
58.5, 49.5, 5.11573E-01 
67.5, 49.5, 1.00000E+00 
76.5, 49.5, 1.00000E+00 
85.5, 49.5, 1.00000E+00 
94.5, 49.5, 1.00000E+00 
103.5, 49.5, 8.57479E-01 
112.5, 49.5, 5.75945E-01 
121.5, 49.5, 4.49679E-01 
130.5, 49.5, 4.86692E-01 
139.5, 49.5, 8.00000E-01 
148.5, 49.5, 1.00000E+00 
157.5, 49.5, 1.00000E+00 
166.5, 49.5, 1.00000E+00 
175.5, 49.5, 5.83333E-01 
-175.5, 40.5, 0.00000E+00 
-166.5, 40.5, 0.00000E+00 
-157.5, 40.5, 0.00000E+00 
-148.5, 40.5, 0.00000E+00 
-139.5, 40.5, 0.00000E+00 
-130.5, 40.5, 0.00000E+00 
-121.5, 40.5, 0.00000E+00 
-112.5, 40.5, 6.86342E-04 
-103.5, 40.5, 6.76590E-04 
-94.5, 40.5, 1.23916E-03 
-85.5, 40.5, 1.10803E-02 
-76.5, 40.5, 6.06061E-02 
-67.5, 40.5, 3.00662E-01 
-58.5, 40.5, 7.00787E-01 
-49.5, 40.5, 4.54545E-01 
-40.5, 40.5, 0.00000E+00 
-31.5, 40.5, 0.00000E+00 
-22.5, 40.5, 0.00000E+00 
-13.5, 40.5, 0.00000E+00 
-4.5, 40.5, 0.00000E+00 
4.5, 40.5, 0.00000E+00 
13.5, 40.5, 1.00000E+00 
22.5, 40.5, 3.33333E-01 
31.5, 40.5, 5.57895E-01 
40.5, 40.5, 3.74262E-01 
49.5, 40.5, 4.38746E-01 
58.5, 40.5, 7.30002E-01 
67.5, 40.5, 1.00000E+00 
76.5, 40.5, 1.00000E+00 
85.5, 40.5, 1.00000E+00 
94.5, 40.5, 1.00000E+00 
103.5, 40.5, 9.67903E-01 
112.5, 40.5, 6.41529E-01 
121.5, 40.5, 4.38066E-01 
130.5, 40.5, 4.53988E-01 
139.5, 40.5, 5.51471E-01 
148.5, 40.5, 5.96774E-01 
157.5, 40.5, 7.14286E-01 
166.5, 40.5, 8.75000E-01 
175.5, 40.5, 7.40741E-02 
-175.5, 31.5, 0.00000E+00 
-166.5, 31.5, 0.00000E+00 
-157.5, 31.5, 0.00000E+00 
-148.5, 31.5, 0.00000E+00 
-139.5, 31.5, 0.00000E+00 
-130.5, 31.5, 0.00000E+00 
-121.5, 31.5, 0.00000E+00 
-112.5, 31.5, 0.00000E+00 
-103.5, 31.5, 0.00000E+00 
-94.5, 31.5, 2.62192E-03 
-85.5, 31.5, 8.41279E-03 
-76.5, 31.5, 6.10368E-02 
-67.5, 31.5, 3.60215E-01 
-58.5, 31.5, 5.97633E-01 
-49.5, 31.5, 8.09524E-01 
-40.5, 31.5, 1.00000E+00 
-31.5, 31.5, 0.00000E+00 
-22.5, 31.5, 0.00000E+00 
-13.5, 31.5, 0.00000E+00 
-4.5, 31.5, 0.00000E+00 
4.5, 31.5, 0.00000E+00 
13.5, 31.5, 0.00000E+00 
22.5, 31.5, 0.00000E+00 
31.5, 31.5, 7.77778E-01 
40.5, 31.5, 4.32024E-01 
49.5, 31.5, 6.67928E-01 
58.5, 31.5, 8.66533E-01 
67.5, 31.5, 1.00000E+00 
76.5, 31.5, 1.00000E+00 
85.5, 31.5, 1.00000E+00 
94.5, 31.5, 1.00000E+00 
103.5, 31.5, 1.00000E+00 
112.5, 31.5, 7.63754E-01 
121.5, 31.5, 5.37851E-01 
130.5, 31.5, 4.24779E-01 
139.5, 31.5, 4.79452E-01 
148.5, 31.5, 6.56716E-01 
157.5, 31.5, 6.15385E-01 
166.5, 31.5, 5.00000E-01 
175.5, 31.5, 1.42857E-01 
-175.5, 22.5, 0.00000E+00 
-166.5, 22.5, 3.12500E-02 
-157.5, 22.5, 0.00000E+00 
-148.5, 22.5, 0.00000E+00 
-139.5, 22.5, 0.00000E+00 
-130.5, 22.5, 0.00000E+00 
-121.5, 22.5, 0.00000E+00 
-112.5, 22.5, 0.00000E+00 
-103.5, 22.5, 7.68640E-04 
-94.5, 22.5, 2.32288E-03 
-85.5, 22.5, 1.44079E-02 
-76.5, 22.5, 7.50729E-02 
-67.5, 22.5, 3.06639E-01 
-58.5, 22.5, 5.73034E-01 
-49.5, 22.5, 6.50000E-01 
-40.5, 22.5, 0.00000E+00 
-31.5, 22.5, 0.00000E+00 
-22.5, 22.5, 0.00000E+00 
-13.5, 22.5, 0.00000E+00 
-4.5, 22.5, 0.00000E+00 
4.5, 22.5, 0.00000E+00 
13.5, 22.5, 0.00000E+00 
22.5, 22.5, 0.00000E+00 
31.5, 22.5, 2.50000E-01 
40.5, 22.5, 5.00000E-01 
49.5, 22.5, 6.96395E-01 
58.5, 22.5, 9.36330E-01 
67.5, 22.5, 1.00000E+00 
76.5, 22.5, 1.00000E+00 
85.5, 22.5, 1.00000E+00 
94.5, 22.5, 1.00000E+00 
103.5, 22.5, 1.00000E+00 
112.5, 22.5, 8.71170E-01 
121.5, 22.5, 6.83944E-01 
130.5, 22.5, 5.62334E-01 
139.5, 22.5, 5.96491E-01 
148.5, 22.5, 6.41791E-01 
157.5, 22.5, 5.60000E-01 
166.5, 22.5, 8.00000E-01 
175.5, 22.5, 0.00000E+00 
-175.5, 13.5, 0.00000E+00 
-166.5, 13.5, 0.00000E+00 
-157.5, 13.5, 0.00000E+00 
-148.5, 13.5, 0.00000E+00 
-139.5, 13.5, 0.00000E+00 
-130.5, 13.5, 0.00000E+00 
-121.5, 13.5, 0.00000E+00 
-112.5, 13.5, 0.00000E+00 
-103.5, 13.5, 0.00000E+00 
-94.5, 13.5, 1.91995E-03 
-85.5, 13.5, 1.18526E-02 
-76.5, 13.5, 5.17947E-02 
-67.5, 13.5, 1.90476E-01 
-58.5, 13.5, 5.57312E-01 
-49.5, 13.5, 8.40000E-01 
-40.5, 13.5, 1.00000E+00 
-31.5, 13.5, 0.00000E+00 
-22.5, 13.5, 0.00000E+00 
-13.5, 13.5, 0.00000E+00 
-4.5, 13.5, 0.00000E+00 
4.5, 13.5, 0.00000E+00 
13.5, 13.5, 0.00000E+00 
22.5, 13.5, 0.00000E+00 
31.5, 13.5, 0.00000E+00 
40.5, 13.5, 2.85714E-01 
49.5, 13.5, 1.00000E+00 
58.5, 13.5, 1.00000E+00 
67.5, 13.5, 1.00000E+00 
76.5, 13.5, 9.80003E-01 
85.5, 13.5, 1.00000E+00 
94.5, 13.5, 1.00000E+00 
103.5, 13.5, 1.00000E+00 
112.5, 13.5, 1.00000E+00 
121.5, 13.5, 7.52015E-01 
130.5, 13.5, 7.34496E-01 
139.5, 13.5, 6.48760E-01 
148.5, 13.5, 8.35052E-01 
157.5, 13.5, 9.58333E-01 
166.5, 13.5, 5.00000E-01 
175.5, 13.5, 0.00000E+00 
-175.5, 4.5, 8.00000E-01 
-166.5, 4.5, 0.00000E+00 
-157.5, 4.5, 0.00000E+00 
-148.5, 4.5, 0.00000E+00 
-139.5, 4.5, 0.00000E+00 
-130.5, 4.5, 0.00000E+00 
-121.5, 4.5, 0.00000E+00 
-112.5, 4.5, 0.00000E+00 
-103.5, 4.5, 5.37634E-04 
-94.5, 4.5, 2.06659E-03 
-85.5, 4.5, 1.40749E-02 
-76.5, 4.5, 5.38958E-02 
-67.5, 4.5, 2.10041E-01 
-58.5, 4.5, 5.32710E-01 
-49.5, 4.5, 1.00000E+00 
-40.5, 4.5, 3.33333E-01 
-31.5, 4.5, 0.00000E+00 
-22.5, 4.5, 0.00000E+00 
-13.5, 4.5, 0.00000E+00 
-4.5, 4.5, 0.00000E+00 
4.5, 4.5, 0.00000E+00 
13.5, 4.5, 0.00000E+00 
22.5, 4.5, 0.00000E+00 
31.5, 4.5, 0.00000E+00 
40.5, 4.5, 1.00000E+00 
49.5, 4.5, 8.53211E-01 
58.5, 4.5, 1.00000E+00 
67.5, 4.5, 1.00000E+00 
76.5, 4.5, 1.00000E+00 
85.5, 4.5, 1.00000E+00 
94.5, 4.5, 1.00000E+00 
103.5, 4.5, 1.00000E+00 
112.5, 4.5, 1.00000E+00 
121.5, 4.5, 9.52135E-01 
130.5, 4.5, 9.52453E-01 
139.5, 4.5, 1.00000E+00 
148.5, 4.5, 1.00000E+00 
157.5, 4.5, 8.86364E-01 
166.5, 4.5, 5.00000E-01 
175.5, 4.5, 0.00000E+00 
-175.5, -4.5, 0.00000E+00 
-166.5, -4.5, 0.00000E+00 
-157.5, -4.5, 0.00000E+00 
-148.5, -4.5, 0.00000E+00 
-139.5, -4.5, 0.00000E+00 
-130.5, -4.5, 0.00000E+00 
-121.5, -4.5, 0.00000E+00 
-112.5, -4.5, 0.00000E+00 
-103.5, -4.5, 8.24176E-04 
-94.5, -4.5, 1.44122E-03 
-85.5, -4.5, 1.30606E-02 
-76.5, -4.5, 4.79932E-02 
-67.5, -4.5, 1.50895E-01 
-58.5, -4.5, 3.91381E-01 
-49.5, -4.5, 5.96330E-01 
-40.5, -4.5, 3.33333E-01 
-31.5, -4.5, 1.00000E+00 
-22.5, -4.5, 0.00000E+00 
-13.5, -4.5, 0.00000E+00 
-4.5, -4.5, 0.00000E+00 
4.5, -4.5, 0.00000E+00 
13.5, -4.5, 0.00000E+00 
22.5, -4.5, 0.00000E+00 
31.5, -4.5, 0.00000E+00 
40.5, -4.5, 0.00000E+00 
49.5, -4.5, 6.44444E-01 
58.5, -4.5, 1.00000E+00 
67.5, -4.5, 1.00000E+00 
76.5, -4.5, 1.00000E+00 
85.5, -4.5, 1.00000E+00 
94.5, -4.5, 1.00000E+00 
103.5, -4.5, 1.00000E+00 
112.5, -4.5, 9.44734E-01 
121.5, -4.5, 9.29315E-01 
130.5, -4.5, 1.00000E+00 
139.5, -4.5, 1.00000E+00 
148.5, -4.5, 1.00000E+00 
157.5, -4.5, 1.00000E+00 
166.5, -4.5, 7.64706E-01 
175.5, -4.5, 4.00000E-01 
-175.5, -13.5, 0.00000E+00 
-166.5, -13.5, 0.00000E+00 
-157.5, -13.5, 0.00000E+00 
-148.5, -13.5, 0.00000E+00 
-139.5, -13.5, 0.00000E+00 
-130.5, -13.5, 0.00000E+00 
-121.5, -13.5, 0.00000E+00 
-112.5, -13.5, 0.00000E+00 
-103.5, -13.5, 3.44471E-04 
-94.5, -13.5, 3.39847E-03 
-85.5, -13.5, 1.32277E-02 
-76.5, -13.5, 4.50771E-02 
-67.5, -13.5, 1.42394E-01 
-58.5, -13.5, 2.98602E-01 
-49.5, -13.5, 5.98684E-01 
-40.5, -13.5, 3.33333E-01 
-31.5, -13.5, 5.00000E-01 
-22.5, -13.5, 0.00000E+00 
-13.5, -13.5, 0.00000E+00 
-4.5, -13.5, 0.00000E+00 
4.5, -13.5, 0.00000E+00 
13.5, -13.5, 0.00000E+00 
22.5, -13.5, 0.00000E+00 
31.5, -13.5, 0.00000E+00 
40.5, -13.5, 0.00000E+00 
49.5, -13.5, 7.60000E-01 
58.5, -13.5, 1.00000E+00 
67.5, -13.5, 1.00000E+00 
76.5, -13.5, 1.00000E+00 
85.5, -13.5, 1.00000E+00 
94.5, -13.5, 9.69281E-01 
103.5, -13.5, 9.74141E-01 
112.5, -13.5, 8.61346E-01 
121.5, -13.5, 8.51660E-01 
130.5, -13.5, 9.71841E-01 
139.5, -13.5, 1.00000E+00 
148.5, -13.5, 1.00000E+00 
157.5, -13.5, 1.00000E+00 
166.5, -13.5, 1.00000E+00 
175.5, -13.5, 2.22222E-01 
-175.5, -22.5, 0.00000E+00 
-166.5, -22.5, 0.00000E+00 
-157.5, -22.5, 0.00000E+00 
-148.5, -22.5, 0.00000E+00 
-139.5, -22.5, 0.00000E+00 
-130.5, -22.5, 0.00000E+00 
-121.5, -22.5, 0.00000E+00 
-112.5, -22.5, 0.00000E+00 
-103.5, -22.5, 4.40723E-04 
-94.5, -22.5, 1.33369E-03 
-85.5, -22.5, 1.07667E-02 
-76.5, -22.5, 4.49793E-02 
-67.5, -22.5, 1.39433E-01 
-58.5, -22.5, 3.19563E-01 
-49.5, -22.5, 4.81973E-01 
-40.5, -22.5, 7.72727E-01 
-31.5, -22.5, 7.50000E-01 
-22.5, -22.5, 0.00000E+00 
-13.5, -22.5, 0.00000E+00 
-4.5, -22.5, 0.00000E+00 
4.5, -22.5, 0.00000E+00 
13.5, -22.5, 0.00000E+00 
22.5, -22.5, 0.00000E+00 
31.5, -22.5, 0.00000E+00 
40.5, -22.5, 2.50000E-01 
49.5, -22.5, 3.00000E-01 
58.5, -22.5, 7.30337E-01 
67.5, -22.5, 1.00000E+00 
76.5, -22.5, 1.00000E+00 
85.5, -22.5, 9.62179E-01 
94.5, -22.5, 9.27991E-01 
103.5, -22.5, 8.97771E-01 
112.5, -22.5, 8.38524E-01 
121.5, -22.5, 8.45913E-01 
130.5, -22.5, 9.06352E-01 
139.5, -22.5, 1.00000E+00 
148.5, -22.5, 1.00000E+00 
157.5, -22.5, 1.00000E+00 
166.5, -22.5, 1.00000E+00 
175.5, -22.5, 1.11111E-01 
-175.5, -31.5, 1.42857E-01 
-166.5, -31.5, 0.00000E+00 
-157.5, -31.5, 0.00000E+00 
-148.5, -31.5, 0.00000E+00 
-139.5, -31.5, 0.00000E+00 
-130.5, -31.5, 0.00000E+00 
-121.5, -31.5, 0.00000E+00 
-112.5, -31.5, 0.00000E+00 
-103.5, -31.5, 1.89274E-03 
-94.5, -31.5, 2.11268E-03 
-85.5, -31.5, 1.10050E-02 
-76.5, -31.5, 4.87112E-02 
-67.5, -31.5, 1.29114E-01 
-58.5, -31.5, 2.75319E-01 
-49.5, -31.5, 4.33302E-01 
-40.5, -31.5, 4.38066E-01 
-31.5, -31.5, 1.00000E+00 
-22.5, -31.5, 0.00000E+00 
-13.5, -31.5, 0.00000E+00 
-4.5, -31.5, 0.00000E+00 
4.5, -31.5, 0.00000E+00 
13.5, -31.5, 0.00000E+00 
22.5, -31.5, 0.00000E+00 
31.5, -31.5, 0.00000E+00 
40.5, -31.5, 0.00000E+00 
49.5, -31.5, 3.33333E-01 
58.5, -31.5, 5.97633E-01 
67.5, -31.5, 1.00000E+00 
76.5, -31.5, 1.00000E+00 
85.5, -31.5, 9.53449E-01 
94.5, -31.5, 9.12952E-01 
103.5, -31.5, 8.81865E-01 
112.5, -31.5, 8.14685E-01 
121.5, -31.5, 7.50761E-01 
130.5, -31.5, 9.30473E-01 
139.5, -31.5, 1.00000E+00 
148.5, -31.5, 1.00000E+00 
157.5, -31.5, 1.00000E+00 
166.5, -31.5, 1.00000E+00 
175.5, -31.5, 4.00000E-01 
-175.5, -40.5, 0.00000E+00 
-166.5, -40.5, 0.00000E+00 
-157.5, -40.5, 0.00000E+00 
-148.5, -40.5, 0.00000E+00 
-139.5, -40.5, 0.00000E+00 
-130.5, -40.5, 0.00000E+00 
-121.5, -40.5, 0.00000E+00 
-112.5, -40.5, 0.00000E+00 
-103.5, -40.5, 0.00000E+00 
-94.5, -40.5, 2.07900E-03 
-85.5, -40.5, 1.63251E-02 
-76.5, -40.5, 5.15802E-02 
-67.5, -40.5, 1.54062E-01 
-58.5, -40.5, 2.77300E-01 
-49.5, -40.5, 3.56365E-01 
-40.5, -40.5, 4.00236E-01 
-31.5, -40.5, 4.94737E-01 
-22.5, -40.5, 6.66667E-01 
-13.5, -40.5, 0.00000E+00 
-4.5, -40.5, 0.00000E+00 
4.5, -40.5, 0.00000E+00 
13.5, -40.5, 0.00000E+00 
22.5, -40.5, 0.00000E+00 
31.5, -40.5, 0.00000E+00 
40.5, -40.5, 0.00000E+00 
49.5, -40.5, 2.72727E-01 
58.5, -40.5, 8.26772E-01 
67.5, -40.5, 1.00000E+00 
76.5, -40.5, 1.00000E+00 
85.5, -40.5, 9.06371E-01 
94.5, -40.5, 8.02354E-01 
103.5, -40.5, 7.42219E-01 
112.5, -40.5, 7.40563E-01 
121.5, -40.5, 6.62153E-01 
130.5, -40.5, 7.77269E-01 
139.5, -40.5, 9.58904E-01 
148.5, -40.5, 1.00000E+00 
157.5, -40.5, 1.00000E+00 
166.5, -40.5, 8.31683E-01 
175.5, -40.5, 3.00000E-01 
-175.5, -49.5, 0.00000E+00 
-166.5, -49.5, 0.00000E+00 
-157.5, -49.5, 0.00000E+00 
-148.5, -49.5, 0.00000E+00 
-139.5, -49.5, 0.00000E+00 
-130.5, -49.5, 0.00000E+00 
-121.5, -49.5, 0.00000E+00 
-112.5, -49.5, 0.00000E+00 
-103.5, -49.5, 2.35571E-03 
-94.5, -49.5, 5.76497E-03 
-85.5, -49.5, 1.95835E-02 
-76.5, -49.5, 6.75676E-02 
-67.5, -49.5, 2.12851E-01 
-58.5, -49.5, 2.81210E-01 
-49.5, -49.5, 3.74613E-01 
-40.5, -49.5, 4.35045E-01 
-31.5, -49.5, 5.17510E-01 
-22.5, -49.5, 1.00000E+00 
-13.5, -49.5, 0.00000E+00 
-4.5, -49.5, 0.00000E+00 
4.5, -49.5, 0.00000E+00 
13.5, -49.5, 0.00000E+00 
22.5, -49.5, 0.00000E+00 
31.5, -49.5, 0.00000E+00 
40.5, -49.5, 0.00000E+00 
49.5, -49.5, 3.00000E-01 
58.5, -49.5, 1.00000E+00 
67.5, -49.5, 1.00000E+00 
76.5, -49.5, 1.00000E+00 
85.5, -49.5, 8.45250E-01 
94.5, -49.5, 8.29508E-01 
103.5, -49.5, 8.06957E-01 
112.5, -49.5, 7.02206E-01 
121.5, -49.5, 6.66948E-01 
130.5, -49.5, 8.09091E-01 
139.5, -49.5, 8.83991E-01 
148.5, -49.5, 1.00000E+00 
157.5, -49.5, 8.98263E-01 
166.5, -49.5, 8.49398E-01 
175.5, -49.5, 5.00000E-01 
-175.5, -58.5, 2.77778E-01 
-166.5, -58.5, 0.00000E+00 
-157.5, -58.5, 0.00000E+00 
-148.5, -58.5, 0.00000E+00 
-139.5, -58.5, 0.00000E+00 
-130.5, -58.5, 0.00000E+00 
-121.5, -58.5, 0.00000E+00 
-112.5, -58.5, 0.00000E+00 
-103.5, -58.5, 2.29621E-03 
-94.5, -58.5, 4.85437E-03 
-85.5, -58.5, 3.75180E-02 
-76.5, -58.5, 1.73013E-01 
-67.5, -58.5, 2.46094E-01 
-58.5, -58.5, 2.89038E-01 
-49.5, -58.5, 3.94661E-01 
-40.5, -58.5, 5.12195E-01 
-31.5, -58.5, 7.71261E-01 
-22.5, -58.5, 8.37838E-01 
-13.5, -58.5, 1.42857E-01 
-4.5, -58.5, 0.00000E+00 
4.5, -58.5, 0.00000E+00 
13.5, -58.5, 0.00000E+00 
22.5, -58.5, 0.00000E+00 
31.5, -58.5, 0.00000E+00 
40.5, -58.5, 6.66667E-01 
49.5, -58.5, 1.00000E+00 
58.5, -58.5, 7.04082E-01 
67.5, -58.5, 1.00000E+00 
76.5, -58.5, 1.00000E+00 
85.5, -58.5, 1.00000E+00 
94.5, -58.5, 8.88142E-01 
103.5, -58.5, 8.06452E-01 
112.5, -58.5, 7.46730E-01 
121.5, -58.5, 6.52174E-01 
130.5, -58.5, 7.80285E-01 
139.5, -58.5, 9.91803E-01 
148.5, -58.5, 1.00000E+00 
157.5, -58.5, 8.82937E-01 
166.5, -58.5, 7.82427E-01 
175.5, -58.5, 6.85185E-01 
-175.5, -67.5, 1.87500E-01 
-166.5, -67.5, 0.00000E+00 
-157.5, -67.5, 0.00000E+00 
-148.5, -67.5, 0.00000E+00 
-139.5, -67.5, 0.00000E+00 
-130.5, -67.5, 0.00000E+00 
-121.5, -67.5, 0.00000E+00 
-112.5, -67.5, 0.00000E+00 
-103.5, -67.5, 5.40541E-03 
-94.5, -67.5, 3.94265E-02 
-85.5, -67.5, 7.72059E-02 
-76.5, -67.5, 2.75660E-01 
-67.5, -67.5, 2.74232E-01 
-58.5, -67.5, 3.07792E-01 
-49.5, -67.5, 5.09249E-01 
-40.5, -67.5, 6.13592E-01 
-31.5, -67.5, 8.25137E-01 
-22.5, -67.5, 6.25000E-01 
-13.5, -67.5, 1.00000E+00 
-4.5, -67.5, 1.00000E+00 
4.5, -67.5, 0.00000E+00 
13.5, -67.5, 0.00000E+00 
22.5, -67.5, 0.00000E+00 
31.5, -67.5, 1.00000E+00 
40.5, -67.5, 1.00000E+00 
49.5, -67.5, 1.00000E+00 
58.5, -67.5, 1.00000E+00 
67.5, -67.5, 1.00000E+00 
76.5, -67.5, 1.00000E+00 
85.5, -67.5, 9.79459E-01 
94.5, -67.5, 9.81175E-01 
103.5, -67.5, 8.80422E-01 
112.5, -67.5, 7.64000E-01 
121.5, -67.5, 7.26329E-01 
130.5, -67.5, 7.80172E-01 
139.5, -67.5, 9.35285E-01 
148.5, -67.5, 1.00000E+00 
157.5, -67.5, 1.00000E+00 
166.5, -67.5, 8.18533E-01 
175.5, -67.5, 9.19355E-01 
-175.5, -76.5, 9.37500E-01 
-166.5, -76.5, 1.33333E-01 
-157.5, -76.5, 0.00000E+00 
-148.5, -76.5, 0.00000E+00 
-139.5, -76.5, 0.00000E+00 
-130.5, -76.5, 0.00000E+00 
-121.5, -76.5, 0.00000E+00 
-112.5, -76.5, 1.02041E-02 
-103.5, -76.5, 2.10526E-02 
-94.5, -76.5, 4.50450E-02 
-85.5, -76.5, 1.74757E-01 
-76.5, -76.5, 2.42152E-01 
-67.5, -76.5, 3.25444E-01 
-58.5, -76.5, 3.93443E-01 
-49.5, -76.5, 5.05985E-01 
-40.5, -76.5, 8.46154E-01 
-31.5, -76.5, 8.20513E-01 
-22.5, -76.5, 6.48148E-01 
-13.5, -76.5, 7.89474E-01 
-4.5, -76.5, 1.00000E+00 
4.5, -76.5, 5.00000E-01 
13.5, -76.5, 0.00000E+00 
22.5, -76.5, 0.00000E+00 
31.5, -76.5, 2.50000E-01 
40.5, -76.5, 5.00000E-01 
49.5, -76.5, 1.00000E+00 
58.5, -76.5, 1.00000E+00 
67.5, -76.5, 1.00000E+00 
76.5, -76.5, 1.00000E+00 
85.5, -76.5, 1.00000E+00 
94.5, -76.5, 1.00000E+00 
103.5, -76.5, 9.72656E-01 
112.5, -76.5, 8.08605E-01 
121.5, -76.5, 7.24234E-01 
130.5, -76.5, 6.93572E-01 
139.5, -76.5, 1.00000E+00 
148.5, -76.5, 1.00000E+00 
157.5, -76.5, 1.00000E+00 
166.5, -76.5, 1.00000E+00 
175.5, -76.5, 1.00000E+00 
-175.5, -85.5, 8.88889E-01 
-166.5, -85.5, 6.89655E-02 
-157.5, -85.5, 0.00000E+00 
-148.5, -85.5, 0.00000E+00 
-139.5, -85.5, 0.00000E+00 
-130.5, -85.5, 0.00000E+00 
-121.5, -85.5, 2.38095E-02 
-112.5, -85.5, 0.00000E+00 
-103.5, -85.5, 0.00000E+00 
-94.5, -85.5, 3.27869E-02 
-85.5, -85.5, 1.60714E-01 
-76.5, -85.5, 2.96053E-01 
-67.5, -85.5, 3.12925E-01 
-58.5, -85.5, 3.84886E-01 
-49.5, -85.5, 4.94382E-01 
-40.5, -85.5, 6.62162E-01 
-31.5, -85.5, 7.16049E-01 
-22.5, -85.5, 7.76119E-01 
-13.5, -85.5, 2.85714E-01 
-4.5, -85.5, 1.00000E+00 
4.5, -85.5, 1.00000E+00 
13.5, -85.5, 0.00000E+00 
22.5, -85.5, 7.50000E-01 
31.5, -85.5, 1.00000E+00 
40.5, -85.5, 1.00000E+00 
49.5, -85.5, 1.00000E+00 
58.5, -85.5, 1.00000E+00 
67.5, -85.5, 1.00000E+00 
76.5, -85.5, 1.00000E+00 
85.5, -85.5, 1.00000E+00 
94.5, -85.5, 1.00000E+00 
103.5, -85.5, 8.65090E-01 
112.5, -85.5, 7.88825E-01 
121.5, -85.5, 6.09594E-01 
130.5, -85.5, 5.43103E-01 
139.5, -85.5, 8.63720E-01 
148.5, -85.5, 1.00000E+00 
157.5, -85.5, 1.00000E+00 
166.5, -85.5, 1.00000E+00 
175.5, -85.5, 1.00000E+00 
-175.5, -94.5, 5.40541E-01 
-166.5, -94.5, 1.14286E-01 
-157.5, -94.5, 0.00000E+00 
-148.5, -94.5, 0.00000E+00 
-139.5, -94.5, 0.00000E+00 
-130.5, -94.5, 0.00000E+00 
-121.5, -94.5, 0.00000E+00 
-112.5, -94.5, 2.77778E-02 
-103.5, -94.5, 0.00000E+00 
-94.5, -94.5, 1.13208E-01 
-85.5, -94.5, 8.19672E-02 
-76.5, -94.5, 1.81034E-01 
-67.5, -94.5, 2.76316E-01 
-58.5, -94.5, 3.98305E-01 
-49.5, -94.5, 5.09804E-01 
-40.5, -94.5, 3.44828E-01 
-31.5, -94.5, 3.25581E-01 
-22.5, -94.5, 3.42857E-01 
-13.5, -94.5, 2.30769E-01 
-4.5, -94.5, 2.50000E-01 
4.5, -94.5, 7.50000E-01 
13.5, -94.5, 8.00000E-01 
22.5, -94.5, 5.55556E-01 
31.5, -94.5, 1.00000E+00 
40.5, -94.5, 6.09756E-01 
49.5, -94.5, 1.00000E+00 
58.5, -94.5, 9.97549E-01 
67.5, -94.5, 1.00000E+00 
76.5, -94.5, 1.00000E+00 
85.5, -94.5, 9.95468E-01 
94.5, -94.5, 9.27744E-01 
103.5, -94.5, 6.61139E-01 
112.5, -94.5, 4.74950E-01 
121.5, -94.5, 3.41219E-01 
130.5, -94.5, 3.20551E-01 
139.5, -94.5, 5.30361E-01 
148.5, -94.5, 6.72332E-01 
157.5, -94.5, 8.36898E-01 
166.5, -94.5, 9.23469E-01 
175.5, -94.5, 7.02703E-01 
-175.5, -103.5, 4.58333E-01 
-166.5, -103.5, 0.00000E+00 
-157.5, -103.5, 0.00000E+00 
-148.5, -103.5, 0.00000E+00 
-139.5, -103.5, 0.00000E+00 
-130.5, -103.5, 0.00000E+00 
-121.5, -103.5, 0.00000E+00 
-112.5, -103.5, 0.00000E+00 
-103.5, -103.5, 1.80180E-02 
-94.5, -103.5, 1.25786E-02 
-85.5, -103.5, 1.81818E-02 
-76.5, -103.5, 1.71123E-01 
-67.5, -103.5, 2.22222E-01 
-58.5, -103.5, 1.77419E-01 
-49.5, -103.5, 3.18182E-01 
-40.5, -103.5, 3.84615E-01 
-31.5, -103.5, 0.00000E+00 
-22.5, -103.5, 6.00000E-01 
-13.5, -103.5, 1.42857E-01 
-4.5, -103.5, 3.33333E-01 
4.5, -103.5, 4.28571E-01 
13.5, -103.5, 6.25000E-01 
22.5, -103.5, 1.00000E+00 
31.5, -103.5, 5.50562E-01 
40.5, -103.5, 6.84588E-01 
49.5, -103.5, 7.16198E-01 
58.5, -103.5, 7.48660E-01 
67.5, -103.5, 6.22483E-01 
76.5, -103.5, 5.89483E-01 
85.5, -103.5, 5.42666E-01 
94.5, -103.5, 4.73358E-01 
103.5, -103.5, 3.80952E-01 
112.5, -103.5, 2.22292E-01 
121.5, -103.5, 1.64282E-01 
130.5, -103.5, 1.70548E-01 
139.5, -103.5, 2.56769E-01 
148.5, -103.5, 4.54896E-01 
157.5, -103.5, 4.70821E-01 
166.5, -103.5, 5.07407E-01 
175.5, -103.5, 3.68421E-01 
-175.5, -112.5, 2.36842E-01 
-166.5, -112.5, 5.55556E-02 
-157.5, -112.5, 0.00000E+00 
-148.5, -112.5, 0.00000E+00 
-139.5, -112.5, 0.00000E+00 
-130.5, -112.5, 0.00000E+00 
-121.5, -112.5, 0.00000E+00 
-112.5, -112.5, 0.00000E+00 
-103.5, -112.5, 0.00000E+00 
-94.5, -112.5, 3.46320E-02 
-85.5, -112.5, 4.45344E-02 
-76.5, -112.5, 1.59236E-01 
-67.5, -112.5, 2.19858E-01 
-58.5, -112.5, 1.31579E-01 
-49.5, -112.5, 2.00000E-01 
-40.5, -112.5, 1.66667E-01 
-31.5, -112.5, 0.00000E+00 
-22.5, -112.5, 0.00000E+00 
-13.5, -112.5, 0.00000E+00 
-4.5, -112.5, 6.66667E-01 
4.5, -112.5, 2.50000E-01 
13.5, -112.5, 5.83333E-01 
22.5, -112.5, 6.40000E-01 
31.5, -112.5, 4.61187E-01 
40.5, -112.5, 3.53846E-01 
49.5, -112.5, 4.78261E-01 
58.5, -112.5, 4.45096E-01 
67.5, -112.5, 3.63709E-01 
76.5, -112.5, 3.24090E-01 
85.5, -112.5, 2.89937E-01 
94.5, -112.5, 2.88793E-01 
103.5, -112.5, 2.16963E-01 
112.5, -112.5, 1.34612E-01 
121.5, -112.5, 1.13051E-01 
130.5, -112.5, 8.06104E-02 
139.5, -112.5, 1.32000E-01 
148.5, -112.5, 2.91419E-01 
157.5, -112.5, 2.79644E-01 
166.5, -112.5, 3.02678E-01 
175.5, -112.5, 2.76923E-01 
-175.5, -121.5, 1.89781E-01 
-166.5, -121.5, 5.63380E-02 
-157.5, -121.5, 0.00000E+00 
-148.5, -121.5, 1.04167E-02 
-139.5, -121.5, 0.00000E+00 
-130.5, -121.5, 0.00000E+00 
-121.5, -121.5, 0.00000E+00 
-112.5, -121.5, 8.26446E-03 
-103.5, -121.5, 0.00000E+00 
-94.5, -121.5, 0.00000E+00 
-85.5, -121.5, 4.54545E-02 
-76.5, -121.5, 8.77193E-02 
-67.5, -121.5, 1.84874E-01 
-58.5, -121.5, 1.70213E-01 
-49.5, -121.5, 2.85714E-01 
-40.5, -121.5, 0.00000E+00 
-31.5, -121.5, 0.00000E+00 
-22.5, -121.5, 0.00000E+00 
-13.5, -121.5, 0.00000E+00 
-4.5, -121.5, 0.00000E+00 
4.5, -121.5, 6.66667E-01 
13.5, -121.5, 0.00000E+00 
22.5, -121.5, 5.00000E-01 
31.5, -121.5, 2.77108E-01 
40.5, -121.5, 2.47458E-01 
49.5, -121.5, 3.20856E-01 
58.5, -121.5, 3.15633E-01 
67.5, -121.5, 2.73486E-01 
76.5, -121.5, 2.25119E-01 
85.5, -121.5, 2.33806E-01 
94.5, -121.5, 2.15682E-01 
103.5, -121.5, 1.82714E-01 
112.5, -121.5, 9.53576E-02 
121.5, -121.5, 7.62018E-02 
130.5, -121.5, 7.02723E-02 
139.5, -121.5, 9.29666E-02 
148.5, -121.5, 2.00498E-01 
157.5, -121.5, 2.14075E-01 
166.5, -121.5, 2.31502E-01 
175.5, -121.5, 1.54185E-01 
-175.5, -130.5, 1.02740E-01 
-166.5, -130.5, 6.77966E-03 
-157.5, -130.5, 0.00000E+00 
-148.5, -130.5, 0.00000E+00 
-139.5, -130.5, 0.00000E+00 
-130.5, -130.5, 0.00000E+00 
-121.5, -130.5, 0.00000E+00 
-112.5, -130.5, 4.32900E-03 
-103.5, -130.5, 0.00000E+00 
-94.5, -130.5, 0.00000E+00 
-85.5, -130.5, 2.21566E-02 
-76.5, -130.5, 5.44218E-02 
-67.5, -130.5, 4.34783E-02 
-58.5, -130.5, 2.38095E-01 
-49.5, -130.5, 0.00000E+00 
-40.5, -130.5, 0.00000E+00 
-31.5, -130.5, 0.00000E+00 
-22.5, -130.5, 0.00000E+00 
-13.5, -130.5, 0.00000E+00 
-4.5, -130.5, 0.00000E+00 
4.5, -130.5, 0.00000E+00 
13.5, -130.5, 0.00000E+00 
22.5, -130.5, 2.85714E-01 
31.5, -130.5, 1.91406E-01 
40.5, -130.5, 2.16353E-01 
49.5, -130.5, 2.17738E-01 
58.5, -130.5, 2.82643E-01 
67.5, -130.5, 2.94528E-01 
76.5, -130.5, 2.72133E-01 
85.5, -130.5, 2.69416E-01 
94.5, -130.5, 2.62598E-01 
103.5, -130.5, 1.89426E-01 
112.5, -130.5, 1.17724E-01 
121.5, -130.5, 7.94937E-02 
130.5, -130.5, 6.73302E-02 
139.5, -130.5, 8.77899E-02 
148.5, -130.5, 1.83824E-01 
157.5, -130.5, 2.11616E-01 
166.5, -130.5, 1.87447E-01 
175.5, -130.5, 1.43836E-01 
-175.5, -139.5, 5.90406E-02 
-166.5, -139.5, 7.31261E-03 
-157.5, -139.5, 0.00000E+00 
-148.5, -139.5, 0.00000E+00 
-139.5, -139.5, 0.00000E+00 
-130.5, -139.5, 0.00000E+00 
-121.5, -139.5, 0.00000E+00 
-112.5, -139.5, 0.00000E+00 
-103.5, -139.5, 1.90658E-03 
-94.5, -139.5, 5.96570E-03 
-85.5, -139.5, 2.10603E-02 
-76.5, -139.5, 3.37756E-02 
-67.5, -139.5, 1.47059E-01 
-58.5, -139.5, 5.00000E-02 
-49.5, -139.5, 0.00000E+00 
-40.5, -139.5, 0.00000E+00 
-31.5, -139.5, 0.00000E+00 
-22.5, -139.5, 0.00000E+00 
-13.5, -139.5, 0.00000E+00 
-4.5, -139.5, 0.00000E+00 
4.5, -139.5, 0.00000E+00 
13.5, -139.5, 0.00000E+00 
22.5, -139.5, 2.00000E-01 
31.5, -139.5, 2.23958E-01 
40.5, -139.5, 1.90398E-01 
49.5, -139.5, 1.99490E-01 
58.5, -139.5, 2.48329E-01 
67.5, -139.5, 3.40725E-01 
76.5, -139.5, 4.27497E-01 
85.5, -139.5, 4.24843E-01 
94.5, -139.5, 4.09007E-01 
103.5, -139.5, 3.08536E-01 
112.5, -139.5, 1.78936E-01 
121.5, -139.5, 1.18756E-01 
130.5, -139.5, 1.01338E-01 
139.5, -139.5, 1.22596E-01 
148.5, -139.5, 2.16981E-01 
157.5, -139.5, 1.96945E-01 
166.5, -139.5, 1.51623E-01 
175.5, -139.5, 1.51620E-01 
-175.5, -148.5, 6.50577E-02 
-166.5, -148.5, 4.34783E-03 
-157.5, -148.5, 0.00000E+00 
-148.5, -148.5, 0.00000E+00 
-139.5, -148.5, 0.00000E+00 
-130.5, -148.5, 0.00000E+00 
-121.5, -148.5, 0.00000E+00 
-112.5, -148.5, 0.00000E+00 
-103.5, -148.5, 4.61894E-03 
-94.5, -148.5, 4.33651E-04 
-85.5, -148.5, 0.00000E+00 
-76.5, -148.5, 3.55850E-02 
-67.5, -148.5, 1.11570E-01 
-58.5, -148.5, 8.33333E-02 
-49.5, -148.5, 4.00000E-01 
-40.5, -148.5, 0.00000E+00 
-31.5, -148.5, 0.00000E+00 
-22.5, -148.5, 0.00000E+00 
-13.5, -148.5, 0.00000E+00 
-4.5, -148.5, 0.00000E+00 
4.5, -148.5, 0.00000E+00 
13.5, -148.5, 0.00000E+00 
22.5, -148.5, 2.00000E-01 
31.5, -148.5, 2.44444E-01 
40.5, -148.5, 2.14792E-01 
49.5, -148.5, 2.11295E-01 
58.5, -148.5, 2.71647E-01 
67.5, -148.5, 3.81694E-01 
76.5, -148.5, 5.13995E-01 
85.5, -148.5, 6.74639E-01 
94.5, -148.5, 7.56022E-01 
103.5, -148.5, 5.88836E-01 
112.5, -148.5, 3.49907E-01 
121.5, -148.5, 2.28600E-01 
130.5, -148.5, 1.97492E-01 
139.5, -148.5, 2.46015E-01 
148.5, -148.5, 2.88832E-01 
157.5, -148.5, 2.44122E-01 
166.5, -148.5, 1.89566E-01 
175.5, -148.5, 1.66139E-01 
-175.5, -157.5, 4.91468E-02 
-166.5, -157.5, 7.19424E-03 
-157.5, -157.5, 0.00000E+00 
-148.5, -157.5, 0.00000E+00 
-139.5, -157.5, 0.00000E+00 
-130.5, -157.5, 0.00000E+00 
-121.5, -157.5, 0.00000E+00 
-112.5, -157.5, 1.12740E-03 
-103.5, -157.5, 8.25083E-04 
-94.5, -157.5, 1.49254E-03 
-85.5, -157.5, 6.61578E-03 
-76.5, -157.5, 1.60750E-02 
-67.5, -157.5, 5.38002E-02 
-58.5, -157.5, 1.34715E-01 
-49.5, -157.5, 1.53846E-01 
-40.5, -157.5, 0.00000E+00 
-31.5, -157.5, 0.00000E+00 
-22.5, -157.5, 0.00000E+00 
-13.5, -157.5, 0.00000E+00 
-4.5, -157.5, 0.00000E+00 
4.5, -157.5, 0.00000E+00 
13.5, -157.5, 0.00000E+00 
22.5, -157.5, 0.00000E+00 
31.5, -157.5, 4.34783E-02 
40.5, -157.5, 2.32759E-01 
49.5, -157.5, 2.37567E-01 
58.5, -157.5, 3.21099E-01 
67.5, -157.5, 4.50860E-01 
76.5, -157.5, 6.31568E-01 
85.5, -157.5, 7.87292E-01 
94.5, -157.5, 9.03499E-01 
103.5, -157.5, 8.77650E-01 
112.5, -157.5, 5.52729E-01 
121.5, -157.5, 3.78344E-01 
130.5, -157.5, 3.36464E-01 
139.5, -157.5, 3.23260E-01 
148.5, -157.5, 3.85273E-01 
157.5, -157.5, 3.56436E-01 
166.5, -157.5, 3.09288E-01 
175.5, -157.5, 2.39449E-01 
-175.5, -166.5, 3.61905E-02 
-166.5, -166.5, 0.00000E+00 
-157.5, -166.5, 9.83284E-04 
-148.5, -166.5, 0.00000E+00 
-139.5, -166.5, 0.00000E+00 
-130.5, -166.5, 0.00000E+00 
-121.5, -166.5, 0.00000E+00 
-112.5, -166.5, 0.00000E+00 
-103.5, -166.5, 0.00000E+00 
-94.5, -166.5, 4.42772E-04 
-85.5, -166.5, 3.37119E-03 
-76.5, -166.5, 1.44024E-02 
-67.5, -166.5, 2.53623E-02 
-58.5, -166.5, 1.67442E-01 
-49.5, -166.5, 1.53846E-01 
-40.5, -166.5, 1.00000E+00 
-31.5, -166.5, 0.00000E+00 
-22.5, -166.5, 0.00000E+00 
-13.5, -166.5, 0.00000E+00 
-4.5, -166.5, 0.00000E+00 
4.5, -166.5, 0.00000E+00 
13.5, -166.5, 0.00000E+00 
22.5, -166.5, 0.00000E+00 
31.5, -166.5, 0.00000E+00 
40.5, -166.5, 2.58621E-01 
49.5, -166.5, 3.35626E-01 
58.5, -166.5, 3.86758E-01 
67.5, -166.5, 4.87471E-01 
76.5, -166.5, 6.46920E-01 
85.5, -166.5, 7.51993E-01 
94.5, -166.5, 8.69952E-01 
103.5, -166.5, 8.96069E-01 
112.5, -166.5, 7.25562E-01 
121.5, -166.5, 4.91941E-01 
130.5, -166.5, 4.24271E-01 
139.5, -166.5, 4.38175E-01 
148.5, -166.5, 4.63252E-01 
157.5, -166.5, 5.13659E-01 
166.5, -166.5, 4.10617E-01 
175.5, -166.5, 2.36434E-01 
-175.5, -175.5, 1.64069E-02 
-166.5, -175.5, 1.57171E-03 
-157.5, -175.5, 0.00000E+00 
-148.5, -175.5, 0.00000E+00 
-139.5, -175.5, 0.00000E+00 
-130.5, -175.5, 0.00000E+00 
-121.5, -175.5, 0.00000E+00 
-112.5, -175.5, 0.00000E+00 
-103.5, -175.5, 0.00000E+00 
-94.5, -175.5, 3.72787E-04 
-85.5, -175.5, 1.71380E-03 
-76.5, -175.5, 8.25350E-03 
-67.5, -175.5, 1.95485E-02 
-58.5, -175.5, 5.87607E-02 
-49.5, -175.5, 1.87500E-01 
-40.5, -175.5, 0.00000E+00 
-31.5, -175.5, 0.00000E+00 
-22.5, -175.5, 0.00000E+00 
-13.5, -175.5, 0.00000E+00 
-4.5, -175.5, 0.00000E+00 
4.5, -175.5, 0.00000E+00 
13.5, -175.5, 0.00000E+00 
22.5, -175.5, 0.00000E+00 
31.5, -175.5, 0.00000E+00 
40.5, -175.5, 5.71429E-01 
49.5, -175.5, 2.94118E-01 
58.5, -175.5, 3.20543E-01 
67.5, -175.5, 3.72133E-01 
76.5, -175.5, 3.76523E-01 
85.5, -175.5, 4.56427E-01 
94.5, -175.5, 5.37101E-01 
103.5, -175.5, 6.60062E-01 
112.5, -175.5, 7.07783E-01 
121.5, -175.5, 5.75737E-01 
130.5, -175.5, 5.07711E-01 
139.5, -175.5, 4.85204E-01 
148.5, -175.5, 5.25586E-01 
157.5, -175.5, 6.32287E-01 
166.5, -175.5, 4.14458E-01 
175.5, -175.5, 1.12142E-01 
