x, y, probability density 
-175.5, 175.5, 1.49254E-01 
-166.5, 175.5, 4.47791E-01 
-157.5, 175.5, 5.84241E-01 
-148.5, 175.5, 4.82544E-01 
-139.5, 175.5, 5.43112E-01 
-130.5, 175.5, 6.39680E-01 
-121.5, 175.5, 6.88143E-01 
-112.5, 175.5, 6.86123E-01 
-103.5, 175.5, 4.99858E-01 
-94.5, 175.5, 3.50957E-01 
-85.5, 175.5, 2.69347E-01 
-76.5, 175.5, 2.53807E-01 
-67.5, 175.5, 2.33180E-01 
-58.5, 175.5, 2.29044E-01 
-49.5, 175.5, 1.98142E-01 
-40.5, 175.5, 2.85714E-01 
-31.5, 175.5, 0.00000E+00 
-22.5, 175.5, 0.00000E+00 
-13.5, 175.5, 0.00000E+00 
-4.5, 175.5, 0.00000E+00 
4.5, 175.5, 0.00000E+00 
13.5, 175.5, 0.00000E+00 
22.5, 175.5, 0.00000E+00 
31.5, 175.5, 0.00000E+00 
40.5, 175.5, 0.00000E+00 
49.5, 175.5, 1.14583E-01 
58.5, 175.5, 6.83761E-02 
67.5, 175.5, 2.45044E-02 
76.5, 175.5, 8.69565E-03 
85.5, 175.5, 2.14225E-03 
94.5, 175.5, 0.00000E+00 
103.5, 175.5, 0.00000E+00 
112.5, 175.5, 0.00000E+00 
121.5, 175.5, 0.00000E+00 
130.5, 175.5, 0.00000E+00 
139.5, 175.5, 0.00000E+00 
148.5, 175.5, 0.00000E+00 
157.5, 175.5, 0.00000E+00 
166.5, 175.5, 1.96464E-03 
175.5, 175.5, 2.21493E-02 
-175.5, 166.5, 4.55426E-01 
-166.5, 166.5, 6.16379E-01 
-157.5, 166.5, 7.00762E-01 
-148.5, 166.5, 6.13828E-01 
-139.5, 166.5, 6.73326E-01 
-130.5, 166.5, 7.96555E-01 
-121.5, 166.5, 7.52740E-01 
-112.5, 166.5, 8.68098E-01 
-103.5, 166.5, 8.16466E-01 
-94.5, 166.5, 6.70131E-01 
-85.5, 166.5, 5.33838E-01 
-76.5, 166.5, 4.60928E-01 
-67.5, 166.5, 3.75511E-01 
-58.5, 166.5, 2.84169E-01 
-49.5, 166.5, 2.17331E-01 
-40.5, 166.5, 2.24138E-01 
-31.5, 166.5, 0.00000E+00 
-22.5, 166.5, 0.00000E+00 
-13.5, 166.5, 0.00000E+00 
-4.5, 166.5, 0.00000E+00 
4.5, 166.5, 0.00000E+00 
13.5, 166.5, 0.00000E+00 
22.5, 166.5, 0.00000E+00 
31.5, 166.5, 0.00000E+00 
40.5, 166.5, 5.00000E-01 
49.5, 166.5, 2.05128E-01 
58.5, 166.5, 1.65116E-01 
67.5, 166.5, 6.34058E-02 
76.5, 166.5, 2.17111E-02 
85.5, 166.5, 4.61320E-03 
94.5, 166.5, 6.64158E-04 
103.5, 166.5, 0.00000E+00 
112.5, 166.5, 0.00000E+00 
121.5, 166.5, 0.00000E+00 
130.5, 166.5, 0.00000E+00 
139.5, 166.5, 0.00000E+00 
148.5, 166.5, 0.00000E+00 
157.5, 166.5, 0.00000E+00 
166.5, 166.5, 3.41630E-03 
175.5, 166.5, 6.76190E-02 
-175.5, 157.5, 5.28854E-01 
-166.5, 157.5, 5.95281E-01 
-157.5, 157.5, 6.92409E-01 
-148.5, 157.5, 7.65645E-01 
-139.5, 157.5, 7.75050E-01 
-130.5, 157.5, 8.44604E-01 
-121.5, 157.5, 8.06647E-01 
-112.5, 157.5, 8.71533E-01 
-103.5, 157.5, 9.74355E-01 
-94.5, 157.5, 8.58926E-01 
-85.5, 157.5, 7.11131E-01 
-76.5, 157.5, 5.96722E-01 
-67.5, 157.5, 4.30226E-01 
-58.5, 157.5, 3.07717E-01 
-49.5, 157.5, 2.46940E-01 
-40.5, 157.5, 2.05460E-01 
-31.5, 157.5, 1.52174E-01 
-22.5, 157.5, 0.00000E+00 
-13.5, 157.5, 0.00000E+00 
-4.5, 157.5, 0.00000E+00 
4.5, 157.5, 0.00000E+00 
13.5, 157.5, 0.00000E+00 
22.5, 157.5, 0.00000E+00 
31.5, 157.5, 0.00000E+00 
40.5, 157.5, 0.00000E+00 
49.5, 157.5, 5.00000E-01 
58.5, 157.5, 3.21244E-01 
67.5, 157.5, 1.49445E-01 
76.5, 157.5, 4.01875E-02 
85.5, 157.5, 8.14249E-03 
94.5, 157.5, 8.95522E-04 
103.5, 157.5, 0.00000E+00 
112.5, 157.5, 0.00000E+00 
121.5, 157.5, 0.00000E+00 
130.5, 157.5, 0.00000E+00 
139.5, 157.5, 0.00000E+00 
148.5, 157.5, 0.00000E+00 
157.5, 157.5, 0.00000E+00 
166.5, 157.5, 7.91367E-03 
175.5, 157.5, 1.34471E-01 
-175.5, 148.5, 4.79826E-01 
-166.5, 148.5, 5.67334E-01 
-157.5, 148.5, 6.84465E-01 
-148.5, 148.5, 9.00859E-01 
-139.5, 148.5, 8.09487E-01 
-130.5, 148.5, 7.10196E-01 
-121.5, 148.5, 6.70085E-01 
-112.5, 148.5, 7.67901E-01 
-103.5, 148.5, 9.22943E-01 
-94.5, 148.5, 1.00000E+00 
-85.5, 148.5, 9.05644E-01 
-76.5, 148.5, 7.18365E-01 
-67.5, 148.5, 5.28381E-01 
-58.5, 148.5, 3.76767E-01 
-49.5, 148.5, 2.94826E-01 
-40.5, 148.5, 2.38095E-01 
-31.5, 148.5, 1.77778E-01 
-22.5, 148.5, 1.00000E-01 
-13.5, 148.5, 1.00000E+00 
-4.5, 148.5, 0.00000E+00 
4.5, 148.5, 0.00000E+00 
13.5, 148.5, 0.00000E+00 
22.5, 148.5, 0.00000E+00 
31.5, 148.5, 0.00000E+00 
40.5, 148.5, 0.00000E+00 
49.5, 148.5, 5.00000E-01 
58.5, 148.5, 3.47222E-01 
67.5, 148.5, 3.03719E-01 
76.5, 148.5, 9.16767E-02 
85.5, 148.5, 1.13684E-02 
94.5, 148.5, 4.33651E-04 
103.5, 148.5, 0.00000E+00 
112.5, 148.5, 0.00000E+00 
121.5, 148.5, 0.00000E+00 
130.5, 148.5, 0.00000E+00 
139.5, 148.5, 0.00000E+00 
148.5, 148.5, 0.00000E+00 
157.5, 148.5, 0.00000E+00 
166.5, 148.5, 1.30435E-02 
175.5, 148.5, 1.86779E-01 
-175.5, 139.5, 5.34722E-01 
-166.5, 139.5, 6.71854E-01 
-157.5, 139.5, 8.19630E-01 
-148.5, 139.5, 9.89753E-01 
-139.5, 139.5, 7.12540E-01 
-130.5, 139.5, 5.37438E-01 
-121.5, 139.5, 5.02338E-01 
-112.5, 139.5, 5.56727E-01 
-103.5, 139.5, 6.49433E-01 
-94.5, 139.5, 7.78433E-01 
-85.5, 139.5, 8.16306E-01 
-76.5, 139.5, 8.58918E-01 
-67.5, 139.5, 6.98874E-01 
-58.5, 139.5, 5.03031E-01 
-49.5, 139.5, 3.85648E-01 
-40.5, 139.5, 3.49556E-01 
-31.5, 139.5, 3.20312E-01 
-22.5, 139.5, 1.75000E-01 
-13.5, 139.5, 2.50000E-01 
-4.5, 139.5, 0.00000E+00 
4.5, 139.5, 0.00000E+00 
13.5, 139.5, 0.00000E+00 
22.5, 139.5, 0.00000E+00 
31.5, 139.5, 0.00000E+00 
40.5, 139.5, 0.00000E+00 
49.5, 139.5, 1.00000E+00 
58.5, 139.5, 6.12500E-01 
67.5, 139.5, 4.00735E-01 
76.5, 139.5, 1.47165E-01 
85.5, 139.5, 2.83224E-02 
94.5, 139.5, 0.00000E+00 
103.5, 139.5, 9.53289E-04 
112.5, 139.5, 0.00000E+00 
121.5, 139.5, 0.00000E+00 
130.5, 139.5, 0.00000E+00 
139.5, 139.5, 0.00000E+00 
148.5, 139.5, 0.00000E+00 
157.5, 139.5, 1.75439E-03 
166.5, 139.5, 2.19378E-02 
175.5, 139.5, 2.80443E-01 
-175.5, 130.5, 7.48858E-01 
-166.5, 130.5, 8.95674E-01 
-157.5, 130.5, 1.00000E+00 
-148.5, 130.5, 9.91958E-01 
-139.5, 130.5, 5.82702E-01 
-130.5, 130.5, 4.28473E-01 
-121.5, 130.5, 4.10211E-01 
-112.5, 130.5, 4.41930E-01 
-103.5, 130.5, 5.08945E-01 
-94.5, 130.5, 5.86492E-01 
-85.5, 130.5, 6.18349E-01 
-76.5, 130.5, 6.74747E-01 
-67.5, 130.5, 7.52725E-01 
-58.5, 130.5, 7.07265E-01 
-49.5, 130.5, 5.46692E-01 
-40.5, 130.5, 4.60203E-01 
-31.5, 130.5, 4.55078E-01 
-22.5, 130.5, 4.71429E-01 
-13.5, 130.5, 5.00000E-01 
-4.5, 130.5, 0.00000E+00 
4.5, 130.5, 0.00000E+00 
13.5, 130.5, 0.00000E+00 
22.5, 130.5, 0.00000E+00 
31.5, 130.5, 0.00000E+00 
40.5, 130.5, 2.50000E-01 
49.5, 130.5, 7.50000E-01 
58.5, 130.5, 5.71429E-01 
67.5, 130.5, 7.10145E-01 
76.5, 130.5, 1.74603E-01 
85.5, 130.5, 4.72674E-02 
94.5, 130.5, 2.51256E-03 
103.5, 130.5, 0.00000E+00 
112.5, 130.5, 0.00000E+00 
121.5, 130.5, 0.00000E+00 
130.5, 130.5, 0.00000E+00 
139.5, 130.5, 0.00000E+00 
148.5, 130.5, 0.00000E+00 
157.5, 130.5, 3.35570E-03 
166.5, 130.5, 2.37288E-02 
175.5, 130.5, 3.97260E-01 
-175.5, 121.5, 1.00000E+00 
-166.5, 121.5, 1.00000E+00 
-157.5, 121.5, 1.00000E+00 
-148.5, 121.5, 1.00000E+00 
-139.5, 121.5, 5.48398E-01 
-130.5, 121.5, 4.15485E-01 
-121.5, 121.5, 3.79466E-01 
-112.5, 121.5, 4.12422E-01 
-103.5, 121.5, 4.68504E-01 
-94.5, 121.5, 5.33068E-01 
-85.5, 121.5, 5.75457E-01 
-76.5, 121.5, 6.13442E-01 
-67.5, 121.5, 7.22531E-01 
-58.5, 121.5, 8.54149E-01 
-49.5, 121.5, 7.62255E-01 
-40.5, 121.5, 6.23729E-01 
-31.5, 121.5, 5.34940E-01 
-22.5, 121.5, 5.53571E-01 
-13.5, 121.5, 6.92308E-01 
-4.5, 121.5, 6.66667E-01 
4.5, 121.5, 1.00000E+00 
13.5, 121.5, 1.00000E+00 
22.5, 121.5, 0.00000E+00 
31.5, 121.5, 0.00000E+00 
40.5, 121.5, 2.50000E-01 
49.5, 121.5, 1.00000E+00 
58.5, 121.5, 7.02128E-01 
67.5, 121.5, 5.04202E-01 
76.5, 121.5, 2.58772E-01 
85.5, 121.5, 5.80808E-02 
94.5, 121.5, 0.00000E+00 
103.5, 121.5, 0.00000E+00 
112.5, 121.5, 0.00000E+00 
121.5, 121.5, 0.00000E+00 
130.5, 121.5, 0.00000E+00 
139.5, 121.5, 0.00000E+00 
148.5, 121.5, 0.00000E+00 
157.5, 121.5, 6.17284E-03 
166.5, 121.5, 2.81690E-02 
175.5, 121.5, 3.86861E-01 
-175.5, 112.5, 1.00000E+00 
-166.5, 112.5, 1.00000E+00 
-157.5, 112.5, 1.00000E+00 
-148.5, 112.5, 1.00000E+00 
-139.5, 112.5, 6.10286E-01 
-130.5, 112.5, 4.39249E-01 
-121.5, 112.5, 3.99460E-01 
-112.5, 112.5, 4.37776E-01 
-103.5, 112.5, 4.90730E-01 
-94.5, 112.5, 5.82974E-01 
-85.5, 112.5, 6.19911E-01 
-76.5, 112.5, 6.90060E-01 
-67.5, 112.5, 7.84685E-01 
-58.5, 112.5, 9.16122E-01 
-49.5, 112.5, 9.69247E-01 
-40.5, 112.5, 8.19231E-01 
-31.5, 112.5, 7.26027E-01 
-22.5, 112.5, 9.60000E-01 
-13.5, 112.5, 4.16667E-01 
-4.5, 112.5, 8.75000E-01 
4.5, 112.5, 1.00000E+00 
13.5, 112.5, 0.00000E+00 
22.5, 112.5, 0.00000E+00 
31.5, 112.5, 1.00000E+00 
40.5, 112.5, 2.50000E-01 
49.5, 112.5, 8.50000E-01 
58.5, 112.5, 6.57895E-01 
67.5, 112.5, 5.10638E-01 
76.5, 112.5, 2.92994E-01 
85.5, 112.5, 7.69231E-02 
94.5, 112.5, 2.16450E-02 
103.5, 112.5, 0.00000E+00 
112.5, 112.5, 0.00000E+00 
121.5, 112.5, 0.00000E+00 
130.5, 112.5, 0.00000E+00 
139.5, 112.5, 0.00000E+00 
148.5, 112.5, 0.00000E+00 
157.5, 112.5, 1.09890E-02 
166.5, 112.5, 1.38889E-02 
175.5, 112.5, 5.00000E-01 
-175.5, 103.5, 8.55263E-01 
-166.5, 103.5, 1.00000E+00 
-157.5, 103.5, 1.00000E+00 
-148.5, 103.5, 1.00000E+00 
-139.5, 103.5, 7.47899E-01 
-130.5, 103.5, 5.81812E-01 
-121.5, 103.5, 5.16600E-01 
-112.5, 103.5, 5.48174E-01 
-103.5, 103.5, 6.41026E-01 
-94.5, 103.5, 7.27076E-01 
-85.5, 103.5, 8.24388E-01 
-76.5, 103.5, 8.89969E-01 
-67.5, 103.5, 9.68960E-01 
-58.5, 103.5, 1.00000E+00 
-49.5, 103.5, 1.00000E+00 
-40.5, 103.5, 9.06810E-01 
-31.5, 103.5, 9.88764E-01 
-22.5, 103.5, 5.47619E-01 
-13.5, 103.5, 6.25000E-01 
-4.5, 103.5, 6.42857E-01 
4.5, 103.5, 1.00000E+00 
13.5, 103.5, 7.14286E-02 
22.5, 103.5, 4.00000E-01 
31.5, 103.5, 3.12500E-01 
40.5, 103.5, 4.23077E-01 
49.5, 103.5, 1.00000E+00 
58.5, 103.5, 6.29032E-01 
67.5, 103.5, 5.71429E-01 
76.5, 103.5, 3.20856E-01 
85.5, 103.5, 1.21212E-01 
94.5, 103.5, 1.25786E-02 
103.5, 103.5, 0.00000E+00 
112.5, 103.5, 0.00000E+00 
121.5, 103.5, 0.00000E+00 
130.5, 103.5, 0.00000E+00 
139.5, 103.5, 0.00000E+00 
148.5, 103.5, 0.00000E+00 
157.5, 103.5, 0.00000E+00 
166.5, 103.5, 3.84615E-02 
175.5, 103.5, 3.75000E-01 
-175.5, 94.5, 5.13514E-01 
-166.5, 94.5, 9.48980E-01 
-157.5, 94.5, 1.00000E+00 
-148.5, 94.5, 1.00000E+00 
-139.5, 94.5, 1.00000E+00 
-130.5, 94.5, 7.28614E-01 
-121.5, 94.5, 6.85623E-01 
-112.5, 94.5, 7.06413E-01 
-103.5, 94.5, 8.61249E-01 
-94.5, 94.5, 1.00000E+00 
-85.5, 94.5, 1.00000E+00 
-76.5, 94.5, 9.91215E-01 
-67.5, 94.5, 9.09179E-01 
-58.5, 94.5, 1.00000E+00 
-49.5, 94.5, 8.46715E-01 
-40.5, 94.5, 6.95122E-01 
-31.5, 94.5, 5.29412E-01 
-22.5, 94.5, 5.55556E-01 
-13.5, 94.5, 8.00000E-01 
-4.5, 94.5, 5.00000E-01 
4.5, 94.5, 3.75000E-01 
13.5, 94.5, 5.76923E-01 
22.5, 94.5, 5.71429E-01 
31.5, 94.5, 4.65116E-01 
40.5, 94.5, 7.58621E-01 
49.5, 94.5, 9.60784E-01 
58.5, 94.5, 6.31356E-01 
67.5, 94.5, 4.96711E-01 
76.5, 94.5, 4.13793E-01 
85.5, 94.5, 1.06557E-01 
94.5, 94.5, 2.83019E-02 
103.5, 94.5, 0.00000E+00 
112.5, 94.5, 0.00000E+00 
121.5, 94.5, 0.00000E+00 
130.5, 94.5, 0.00000E+00 
139.5, 94.5, 0.00000E+00 
148.5, 94.5, 0.00000E+00 
157.5, 94.5, 0.00000E+00 
166.5, 94.5, 8.57143E-02 
175.5, 94.5, 4.32432E-01 
-175.5, 85.5, 3.05556E-01 
-166.5, 85.5, 5.49020E-01 
-157.5, 85.5, 6.06579E-01 
-148.5, 85.5, 8.12109E-01 
-139.5, 85.5, 1.00000E+00 
-130.5, 85.5, 1.00000E+00 
-121.5, 85.5, 1.00000E+00 
-112.5, 85.5, 1.00000E+00 
-103.5, 85.5, 8.26843E-01 
-94.5, 85.5, 7.18408E-01 
-85.5, 85.5, 6.47213E-01 
-76.5, 85.5, 6.36632E-01 
-67.5, 85.5, 5.77174E-01 
-58.5, 85.5, 5.42125E-01 
-49.5, 85.5, 5.09434E-01 
-40.5, 85.5, 1.13636E-01 
-31.5, 85.5, 1.66667E-01 
-22.5, 85.5, 2.50000E-01 
-13.5, 85.5, 1.25000E-01 
-4.5, 85.5, 3.75000E-01 
4.5, 85.5, 3.75000E-01 
13.5, 85.5, 4.76190E-01 
22.5, 85.5, 5.82090E-01 
31.5, 85.5, 6.79012E-01 
40.5, 85.5, 8.78378E-01 
49.5, 85.5, 6.12360E-01 
58.5, 85.5, 5.67663E-01 
67.5, 85.5, 4.62585E-01 
76.5, 85.5, 3.94737E-01 
85.5, 85.5, 1.25000E-01 
94.5, 85.5, 2.45902E-02 
103.5, 85.5, 0.00000E+00 
112.5, 85.5, 0.00000E+00 
121.5, 85.5, 0.00000E+00 
130.5, 85.5, 0.00000E+00 
139.5, 85.5, 0.00000E+00 
148.5, 85.5, 0.00000E+00 
157.5, 85.5, 0.00000E+00 
166.5, 85.5, 6.89655E-02 
175.5, 85.5, 1.48148E-01 
-175.5, 76.5, 1.83544E-01 
-166.5, 76.5, 2.10317E-01 
-157.5, 76.5, 3.48748E-01 
-148.5, 76.5, 5.27825E-01 
-139.5, 76.5, 8.81944E-01 
-130.5, 76.5, 7.98954E-01 
-121.5, 76.5, 8.07103E-01 
-112.5, 76.5, 7.38872E-01 
-103.5, 76.5, 6.64714E-01 
-94.5, 76.5, 5.52212E-01 
-85.5, 76.5, 4.87515E-01 
-76.5, 76.5, 4.61129E-01 
-67.5, 76.5, 4.08623E-01 
-58.5, 76.5, 3.95161E-01 
-49.5, 76.5, 2.08333E-01 
-40.5, 76.5, 6.25000E-01 
-31.5, 76.5, 1.25000E-01 
-22.5, 76.5, 5.00000E-01 
-13.5, 76.5, 5.00000E-01 
-4.5, 76.5, 2.50000E-01 
4.5, 76.5, 4.00000E-01 
13.5, 76.5, 4.21053E-01 
22.5, 76.5, 6.38889E-01 
31.5, 76.5, 6.41026E-01 
40.5, 76.5, 6.66667E-01 
49.5, 76.5, 5.41893E-01 
58.5, 76.5, 4.16393E-01 
67.5, 76.5, 3.42209E-01 
76.5, 76.5, 3.13901E-01 
85.5, 76.5, 1.65049E-01 
94.5, 76.5, 3.60360E-02 
103.5, 76.5, 0.00000E+00 
112.5, 76.5, 0.00000E+00 
121.5, 76.5, 0.00000E+00 
130.5, 76.5, 0.00000E+00 
139.5, 76.5, 0.00000E+00 
148.5, 76.5, 0.00000E+00 
157.5, 76.5, 0.00000E+00 
166.5, 76.5, 0.00000E+00 
175.5, 76.5, 0.00000E+00 
-175.5, 67.5, 8.87097E-02 
-166.5, 67.5, 1.02317E-01 
-157.5, 67.5, 2.05598E-01 
-148.5, 67.5, 3.51330E-01 
-139.5, 67.5, 6.16333E-01 
-130.5, 67.5, 7.90230E-01 
-121.5, 67.5, 7.08820E-01 
-112.5, 67.5, 5.97333E-01 
-103.5, 67.5, 4.95897E-01 
-94.5, 67.5, 4.53313E-01 
-85.5, 67.5, 3.91892E-01 
-76.5, 67.5, 3.39224E-01 
-67.5, 67.5, 3.41538E-01 
-58.5, 67.5, 2.04918E-01 
-49.5, 67.5, 2.00000E-01 
-40.5, 67.5, 0.00000E+00 
-31.5, 67.5, 0.00000E+00 
-22.5, 67.5, 0.00000E+00 
-13.5, 67.5, 0.00000E+00 
-4.5, 67.5, 0.00000E+00 
4.5, 67.5, 0.00000E+00 
13.5, 67.5, 3.07692E-01 
22.5, 67.5, 4.06250E-01 
31.5, 67.5, 6.14754E-01 
40.5, 67.5, 4.45631E-01 
49.5, 67.5, 3.89554E-01 
58.5, 67.5, 2.94877E-01 
67.5, 67.5, 2.33452E-01 
76.5, 67.5, 2.31672E-01 
85.5, 67.5, 4.41176E-02 
94.5, 67.5, 7.16846E-03 
103.5, 67.5, 0.00000E+00 
112.5, 67.5, 0.00000E+00 
121.5, 67.5, 0.00000E+00 
130.5, 67.5, 0.00000E+00 
139.5, 67.5, 0.00000E+00 
148.5, 67.5, 0.00000E+00 
157.5, 67.5, 0.00000E+00 
166.5, 67.5, 0.00000E+00 
175.5, 67.5, 0.00000E+00 
-175.5, 58.5, 2.77778E-02 
-166.5, 58.5, 3.34728E-02 
-157.5, 58.5, 1.22024E-01 
-148.5, 58.5, 2.92630E-01 
-139.5, 58.5, 4.74727E-01 
-130.5, 58.5, 6.22328E-01 
-121.5, 58.5, 5.38820E-01 
-112.5, 58.5, 4.86920E-01 
-103.5, 58.5, 3.61681E-01 
-94.5, 58.5, 3.35929E-01 
-85.5, 58.5, 3.13421E-01 
-76.5, 58.5, 2.70020E-01 
-67.5, 58.5, 2.02602E-01 
-58.5, 58.5, 1.12245E-01 
-49.5, 58.5, 6.25000E-02 
-40.5, 58.5, 0.00000E+00 
-31.5, 58.5, 0.00000E+00 
-22.5, 58.5, 0.00000E+00 
-13.5, 58.5, 0.00000E+00 
-4.5, 58.5, 0.00000E+00 
4.5, 58.5, 5.00000E-01 
13.5, 58.5, 3.57143E-01 
22.5, 58.5, 3.64865E-01 
31.5, 58.5, 5.63050E-01 
40.5, 58.5, 3.90941E-01 
49.5, 58.5, 2.77903E-01 
58.5, 58.5, 2.30352E-01 
67.5, 58.5, 1.85938E-01 
76.5, 58.5, 1.00868E-01 
85.5, 58.5, 1.58730E-02 
94.5, 58.5, 3.23625E-03 
103.5, 58.5, 1.14811E-03 
112.5, 58.5, 0.00000E+00 
121.5, 58.5, 0.00000E+00 
130.5, 58.5, 0.00000E+00 
139.5, 58.5, 0.00000E+00 
148.5, 58.5, 0.00000E+00 
157.5, 58.5, 0.00000E+00 
166.5, 58.5, 0.00000E+00 
175.5, 58.5, 0.00000E+00 
-175.5, 49.5, 1.78571E-02 
-166.5, 49.5, 5.42169E-02 
-157.5, 49.5, 1.19107E-01 
-148.5, 49.5, 2.57072E-01 
-139.5, 49.5, 4.43735E-01 
-130.5, 49.5, 5.69697E-01 
-121.5, 49.5, 4.59528E-01 
-112.5, 49.5, 4.16820E-01 
-103.5, 49.5, 3.47391E-01 
-94.5, 49.5, 2.92787E-01 
-85.5, 49.5, 2.54086E-01 
-76.5, 49.5, 2.47231E-01 
-67.5, 49.5, 2.31162E-01 
-58.5, 49.5, 1.96850E-01 
-49.5, 49.5, 0.00000E+00 
-40.5, 49.5, 0.00000E+00 
-31.5, 49.5, 0.00000E+00 
-22.5, 49.5, 0.00000E+00 
-13.5, 49.5, 0.00000E+00 
-4.5, 49.5, 0.00000E+00 
4.5, 49.5, 0.00000E+00 
13.5, 49.5, 2.50000E-01 
22.5, 49.5, 2.22222E-01 
31.5, 49.5, 3.81323E-01 
40.5, 49.5, 3.34592E-01 
49.5, 49.5, 2.64706E-01 
58.5, 49.5, 2.12685E-01 
67.5, 49.5, 1.82062E-01 
76.5, 49.5, 5.30146E-02 
85.5, 49.5, 1.05689E-02 
94.5, 49.5, 3.10421E-03 
103.5, 49.5, 0.00000E+00 
112.5, 49.5, 0.00000E+00 
121.5, 49.5, 0.00000E+00 
130.5, 49.5, 0.00000E+00 
139.5, 49.5, 0.00000E+00 
148.5, 49.5, 0.00000E+00 
157.5, 49.5, 0.00000E+00 
166.5, 49.5, 0.00000E+00 
175.5, 49.5, 0.00000E+00 
-175.5, 40.5, 2.50000E-02 
-166.5, 40.5, 9.90099E-02 
-157.5, 40.5, 1.39731E-01 
-148.5, 40.5, 2.68939E-01 
-139.5, 40.5, 4.95434E-01 
-130.5, 40.5, 5.12586E-01 
-121.5, 40.5, 4.31335E-01 
-112.5, 40.5, 4.02883E-01 
-103.5, 40.5, 3.20365E-01 
-94.5, 40.5, 2.87175E-01 
-85.5, 40.5, 2.42382E-01 
-76.5, 40.5, 2.14226E-01 
-67.5, 40.5, 1.88079E-01 
-58.5, 40.5, 1.10236E-01 
-49.5, 40.5, 0.00000E+00 
-40.5, 40.5, 0.00000E+00 
-31.5, 40.5, 0.00000E+00 
-22.5, 40.5, 0.00000E+00 
-13.5, 40.5, 0.00000E+00 
-4.5, 40.5, 0.00000E+00 
4.5, 40.5, 0.00000E+00 
13.5, 40.5, 0.00000E+00 
22.5, 40.5, 3.33333E-01 
31.5, 40.5, 2.31579E-01 
40.5, 40.5, 3.28217E-01 
49.5, 40.5, 2.54318E-01 
58.5, 40.5, 2.37222E-01 
67.5, 40.5, 1.22294E-01 
76.5, 40.5, 3.73512E-02 
85.5, 40.5, 7.81521E-03 
94.5, 40.5, 1.29938E-03 
103.5, 40.5, 4.16840E-04 
112.5, 40.5, 0.00000E+00 
121.5, 40.5, 0.00000E+00 
130.5, 40.5, 0.00000E+00 
139.5, 40.5, 0.00000E+00 
148.5, 40.5, 0.00000E+00 
157.5, 40.5, 0.00000E+00 
166.5, 40.5, 0.00000E+00 
175.5, 40.5, 0.00000E+00 
-175.5, 31.5, 8.00000E-02 
-166.5, 31.5, 2.01754E-01 
-157.5, 31.5, 1.95076E-01 
-148.5, 31.5, 2.86499E-01 
-139.5, 31.5, 4.85816E-01 
-130.5, 31.5, 6.46820E-01 
-121.5, 31.5, 5.20051E-01 
-112.5, 31.5, 4.69530E-01 
-103.5, 31.5, 3.78497E-01 
-94.5, 31.5, 3.06502E-01 
-85.5, 31.5, 2.78463E-01 
-76.5, 31.5, 2.40385E-01 
-67.5, 31.5, 1.93548E-01 
-58.5, 31.5, 1.00592E-01 
-49.5, 31.5, 0.00000E+00 
-40.5, 31.5, 0.00000E+00 
-31.5, 31.5, 0.00000E+00 
-22.5, 31.5, 0.00000E+00 
-13.5, 31.5, 0.00000E+00 
-4.5, 31.5, 0.00000E+00 
4.5, 31.5, 0.00000E+00 
13.5, 31.5, 0.00000E+00 
22.5, 31.5, 5.00000E-01 
31.5, 31.5, 2.77778E-01 
40.5, 31.5, 3.20242E-01 
49.5, 31.5, 3.29234E-01 
58.5, 31.5, 2.44634E-01 
67.5, 31.5, 1.23275E-01 
76.5, 31.5, 3.88121E-02 
85.5, 31.5, 7.37695E-03 
94.5, 31.5, 8.80282E-04 
103.5, 31.5, 0.00000E+00 
112.5, 31.5, 0.00000E+00 
121.5, 31.5, 0.00000E+00 
130.5, 31.5, 0.00000E+00 
139.5, 31.5, 0.00000E+00 
148.5, 31.5, 0.00000E+00 
157.5, 31.5, 0.00000E+00 
166.5, 31.5, 0.00000E+00 
175.5, 31.5, 0.00000E+00 
-175.5, 22.5, 1.66667E-01 
-166.5, 22.5, 1.40625E-01 
-157.5, 22.5, 2.40291E-01 
-148.5, 22.5, 3.65157E-01 
-139.5, 22.5, 5.19693E-01 
-130.5, 22.5, 7.04650E-01 
-121.5, 22.5, 6.27512E-01 
-112.5, 22.5, 5.18454E-01 
-103.5, 22.5, 4.09108E-01 
-94.5, 22.5, 3.57336E-01 
-85.5, 22.5, 3.21927E-01 
-76.5, 22.5, 3.11589E-01 
-67.5, 22.5, 2.16017E-01 
-58.5, 22.5, 1.57303E-01 
-49.5, 22.5, 5.00000E-02 
-40.5, 22.5, 0.00000E+00 
-31.5, 22.5, 0.00000E+00 
-22.5, 22.5, 0.00000E+00 
-13.5, 22.5, 0.00000E+00 
-4.5, 22.5, 0.00000E+00 
4.5, 22.5, 0.00000E+00 
13.5, 22.5, 0.00000E+00 
22.5, 22.5, 0.00000E+00 
31.5, 22.5, 1.25000E-01 
40.5, 22.5, 2.15909E-01 
49.5, 22.5, 3.49146E-01 
58.5, 22.5, 2.79465E-01 
67.5, 22.5, 1.39968E-01 
76.5, 22.5, 4.00830E-02 
85.5, 22.5, 7.88936E-03 
94.5, 22.5, 1.46706E-03 
103.5, 22.5, 2.20361E-04 
112.5, 22.5, 0.00000E+00 
121.5, 22.5, 0.00000E+00 
130.5, 22.5, 0.00000E+00 
139.5, 22.5, 0.00000E+00 
148.5, 22.5, 0.00000E+00 
157.5, 22.5, 0.00000E+00 
166.5, 22.5, 0.00000E+00 
175.5, 22.5, 0.00000E+00 
-175.5, 13.5, 0.00000E+00 
-166.5, 13.5, 2.64706E-01 
-157.5, 13.5, 3.98230E-01 
-148.5, 13.5, 4.58556E-01 
-139.5, 13.5, 6.85606E-01 
-130.5, 13.5, 8.27798E-01 
-121.5, 13.5, 7.34153E-01 
-112.5, 13.5, 6.21914E-01 
-103.5, 13.5, 5.00456E-01 
-94.5, 13.5, 4.02895E-01 
-85.5, 13.5, 3.65319E-01 
-76.5, 13.5, 3.30523E-01 
-67.5, 13.5, 2.62515E-01 
-58.5, 13.5, 2.13439E-01 
-49.5, 13.5, 1.20000E-01 
-40.5, 13.5, 0.00000E+00 
-31.5, 13.5, 0.00000E+00 
-22.5, 13.5, 0.00000E+00 
-13.5, 13.5, 0.00000E+00 
-4.5, 13.5, 0.00000E+00 
4.5, 13.5, 0.00000E+00 
13.5, 13.5, 0.00000E+00 
22.5, 13.5, 0.00000E+00 
31.5, 13.5, 2.50000E-01 
40.5, 13.5, 2.38095E-01 
49.5, 13.5, 4.24342E-01 
58.5, 13.5, 3.10462E-01 
67.5, 13.5, 1.48068E-01 
76.5, 13.5, 4.65175E-02 
85.5, 13.5, 1.03631E-02 
94.5, 13.5, 7.43415E-04 
103.5, 13.5, 1.72236E-04 
112.5, 13.5, 0.00000E+00 
121.5, 13.5, 0.00000E+00 
130.5, 13.5, 0.00000E+00 
139.5, 13.5, 0.00000E+00 
148.5, 13.5, 0.00000E+00 
157.5, 13.5, 0.00000E+00 
166.5, 13.5, 0.00000E+00 
175.5, 13.5, 0.00000E+00 
-175.5, 4.5, 0.00000E+00 
-166.5, 4.5, 2.64706E-01 
-157.5, 4.5, 4.93243E-01 
-148.5, 4.5, 4.48669E-01 
-139.5, 4.5, 7.71780E-01 
-130.5, 4.5, 9.56158E-01 
-121.5, 4.5, 8.75342E-01 
-112.5, 4.5, 6.74314E-01 
-103.5, 4.5, 5.16398E-01 
-94.5, 4.5, 4.21699E-01 
-85.5, 4.5, 3.81044E-01 
-76.5, 4.5, 3.31482E-01 
-67.5, 4.5, 3.15245E-01 
-58.5, 4.5, 2.56075E-01 
-49.5, 4.5, 2.22222E-02 
-40.5, 4.5, 0.00000E+00 
-31.5, 4.5, 0.00000E+00 
-22.5, 4.5, 0.00000E+00 
-13.5, 4.5, 0.00000E+00 
-4.5, 4.5, 0.00000E+00 
4.5, 4.5, 0.00000E+00 
13.5, 4.5, 0.00000E+00 
22.5, 4.5, 0.00000E+00 
31.5, 4.5, 5.00000E-01 
40.5, 4.5, 5.55556E-02 
49.5, 4.5, 4.67890E-01 
58.5, 4.5, 3.00792E-01 
67.5, 4.5, 1.57289E-01 
76.5, 4.5, 4.96921E-02 
85.5, 4.5, 9.58992E-03 
94.5, 4.5, 1.13239E-03 
103.5, 4.5, 0.00000E+00 
112.5, 4.5, 0.00000E+00 
121.5, 4.5, 0.00000E+00 
130.5, 4.5, 0.00000E+00 
139.5, 4.5, 0.00000E+00 
148.5, 4.5, 0.00000E+00 
157.5, 4.5, 0.00000E+00 
166.5, 4.5, 0.00000E+00 
175.5, 4.5, 0.00000E+00 
-175.5, -4.5, 1.25000E-01 
-166.5, -4.5, 2.00000E-01 
-157.5, -4.5, 5.56818E-01 
-148.5, -4.5, 7.15517E-01 
-139.5, -4.5, 8.29154E-01 
-130.5, -4.5, 1.00000E+00 
-121.5, -4.5, 8.82180E-01 
-112.5, -4.5, 7.06897E-01 
-103.5, -4.5, 5.21566E-01 
-94.5, -4.5, 4.19704E-01 
-85.5, -4.5, 3.86337E-01 
-76.5, -4.5, 3.53047E-01 
-67.5, -4.5, 3.22890E-01 
-58.5, -4.5, 2.90237E-01 
-49.5, -4.5, 1.65138E-01 
-40.5, -4.5, 0.00000E+00 
-31.5, -4.5, 0.00000E+00 
-22.5, -4.5, 0.00000E+00 
-13.5, -4.5, 0.00000E+00 
-4.5, -4.5, 0.00000E+00 
4.5, -4.5, 0.00000E+00 
13.5, -4.5, 0.00000E+00 
22.5, -4.5, 0.00000E+00 
31.5, -4.5, 0.00000E+00 
40.5, -4.5, 1.66667E-01 
49.5, -4.5, 1.33333E-01 
58.5, -4.5, 2.52336E-01 
67.5, -4.5, 1.28830E-01 
76.5, -4.5, 4.66897E-02 
85.5, -4.5, 7.26447E-03 
94.5, -4.5, 1.49254E-03 
103.5, -4.5, 0.00000E+00 
112.5, -4.5, 0.00000E+00 
121.5, -4.5, 0.00000E+00 
130.5, -4.5, 0.00000E+00 
139.5, -4.5, 0.00000E+00 
148.5, -4.5, 0.00000E+00 
157.5, -4.5, 0.00000E+00 
166.5, -4.5, 0.00000E+00 
175.5, -4.5, 0.00000E+00 
-175.5, -13.5, 5.00000E-01 
-166.5, -13.5, 3.12500E-01 
-157.5, -13.5, 5.83333E-01 
-148.5, -13.5, 5.20619E-01 
-139.5, -13.5, 6.50826E-01 
-130.5, -13.5, 8.08140E-01 
-121.5, -13.5, 7.34945E-01 
-112.5, -13.5, 7.03877E-01 
-103.5, -13.5, 4.87771E-01 
-94.5, -13.5, 3.72345E-01 
-85.5, -13.5, 3.43500E-01 
-76.5, -13.5, 3.36638E-01 
-67.5, -13.5, 3.22210E-01 
-58.5, -13.5, 2.77425E-01 
-49.5, -13.5, 1.87500E-01 
-40.5, -13.5, 0.00000E+00 
-31.5, -13.5, 0.00000E+00 
-22.5, -13.5, 0.00000E+00 
-13.5, -13.5, 0.00000E+00 
-4.5, -13.5, 0.00000E+00 
4.5, -13.5, 0.00000E+00 
13.5, -13.5, 0.00000E+00 
22.5, -13.5, 0.00000E+00 
31.5, -13.5, 0.00000E+00 
40.5, -13.5, 0.00000E+00 
49.5, -13.5, 4.00000E-01 
58.5, -13.5, 3.24111E-01 
67.5, -13.5, 1.05006E-01 
76.5, -13.5, 3.32450E-02 
85.5, -13.5, 4.05910E-03 
94.5, -13.5, 1.47689E-04 
103.5, -13.5, 0.00000E+00 
112.5, -13.5, 0.00000E+00 
121.5, -13.5, 0.00000E+00 
130.5, -13.5, 0.00000E+00 
139.5, -13.5, 0.00000E+00 
148.5, -13.5, 0.00000E+00 
157.5, -13.5, 0.00000E+00 
166.5, -13.5, 0.00000E+00 
175.5, -13.5, 0.00000E+00 
-175.5, -22.5, 0.00000E+00 
-166.5, -22.5, 9.00000E-01 
-157.5, -22.5, 4.80000E-01 
-148.5, -22.5, 4.70149E-01 
-139.5, -22.5, 6.19883E-01 
-130.5, -22.5, 6.49867E-01 
-121.5, -22.5, 5.89128E-01 
-112.5, -22.5, 5.80126E-01 
-103.5, -22.5, 4.70472E-01 
-94.5, -22.5, 3.84503E-01 
-85.5, -22.5, 3.55207E-01 
-76.5, -22.5, 3.32282E-01 
-67.5, -22.5, 3.44462E-01 
-58.5, -22.5, 2.95990E-01 
-49.5, -22.5, 1.47059E-01 
-40.5, -22.5, 0.00000E+00 
-31.5, -22.5, 1.25000E-01 
-22.5, -22.5, 0.00000E+00 
-13.5, -22.5, 0.00000E+00 
-4.5, -22.5, 0.00000E+00 
4.5, -22.5, 0.00000E+00 
13.5, -22.5, 0.00000E+00 
22.5, -22.5, 0.00000E+00 
31.5, -22.5, 0.00000E+00 
40.5, -22.5, 0.00000E+00 
49.5, -22.5, 1.50000E-01 
58.5, -22.5, 1.91011E-01 
67.5, -22.5, 9.16754E-02 
76.5, -22.5, 1.89504E-02 
85.5, -22.5, 0.00000E+00 
94.5, -22.5, 0.00000E+00 
103.5, -22.5, 0.00000E+00 
112.5, -22.5, 0.00000E+00 
121.5, -22.5, 0.00000E+00 
130.5, -22.5, 0.00000E+00 
139.5, -22.5, 0.00000E+00 
148.5, -22.5, 0.00000E+00 
157.5, -22.5, 0.00000E+00 
166.5, -22.5, 0.00000E+00 
175.5, -22.5, 0.00000E+00 
-175.5, -31.5, 2.14286E-01 
-166.5, -31.5, 2.08333E-01 
-157.5, -31.5, 4.23077E-01 
-148.5, -31.5, 3.80597E-01 
-139.5, -31.5, 5.54795E-01 
-130.5, -31.5, 5.04425E-01 
-121.5, -31.5, 4.58544E-01 
-112.5, -31.5, 5.03005E-01 
-103.5, -31.5, 5.02208E-01 
-94.5, -31.5, 4.10035E-01 
-85.5, -31.5, 3.98718E-01 
-76.5, -31.5, 4.00274E-01 
-67.5, -31.5, 3.89148E-01 
-58.5, -31.5, 3.42052E-01 
-49.5, -31.5, 1.96310E-01 
-40.5, -31.5, 1.11782E-01 
-31.5, -31.5, 0.00000E+00 
-22.5, -31.5, 0.00000E+00 
-13.5, -31.5, 0.00000E+00 
-4.5, -31.5, 0.00000E+00 
4.5, -31.5, 0.00000E+00 
13.5, -31.5, 0.00000E+00 
22.5, -31.5, 0.00000E+00 
31.5, -31.5, 0.00000E+00 
40.5, -31.5, 0.00000E+00 
49.5, -31.5, 4.28571E-01 
58.5, -31.5, 2.24852E-01 
67.5, -31.5, 1.42473E-01 
76.5, -31.5, 1.58863E-02 
85.5, -31.5, 2.80426E-04 
94.5, -31.5, 5.24384E-04 
103.5, -31.5, 0.00000E+00 
112.5, -31.5, 0.00000E+00 
121.5, -31.5, 0.00000E+00 
130.5, -31.5, 0.00000E+00 
139.5, -31.5, 0.00000E+00 
148.5, -31.5, 0.00000E+00 
157.5, -31.5, 0.00000E+00 
166.5, -31.5, 0.00000E+00 
175.5, -31.5, 0.00000E+00 
-175.5, -40.5, 7.40741E-02 
-166.5, -40.5, 7.50000E-01 
-157.5, -40.5, 3.92857E-01 
-148.5, -40.5, 5.64516E-01 
-139.5, -40.5, 5.29412E-01 
-130.5, -40.5, 5.00000E-01 
-121.5, -40.5, 4.43353E-01 
-112.5, -40.5, 4.76367E-01 
-103.5, -40.5, 5.40225E-01 
-94.5, -40.5, 5.09615E-01 
-85.5, -40.5, 5.02431E-01 
-76.5, -40.5, 5.25243E-01 
-67.5, -40.5, 5.32190E-01 
-58.5, -40.5, 3.96560E-01 
-49.5, -40.5, 1.99043E-01 
-40.5, -40.5, 1.09799E-01 
-31.5, -40.5, 4.21053E-02 
-22.5, -40.5, 3.33333E-01 
-13.5, -40.5, 0.00000E+00 
-4.5, -40.5, 0.00000E+00 
4.5, -40.5, 0.00000E+00 
13.5, -40.5, 0.00000E+00 
22.5, -40.5, 0.00000E+00 
31.5, -40.5, 0.00000E+00 
40.5, -40.5, 3.33333E-01 
49.5, -40.5, 1.81818E-01 
58.5, -40.5, 2.91339E-01 
67.5, -40.5, 1.29801E-01 
76.5, -40.5, 1.85185E-02 
85.5, -40.5, 0.00000E+00 
94.5, -40.5, 0.00000E+00 
103.5, -40.5, 0.00000E+00 
112.5, -40.5, 0.00000E+00 
121.5, -40.5, 0.00000E+00 
130.5, -40.5, 0.00000E+00 
139.5, -40.5, 0.00000E+00 
148.5, -40.5, 0.00000E+00 
157.5, -40.5, 0.00000E+00 
166.5, -40.5, 0.00000E+00 
175.5, -40.5, 0.00000E+00 
-175.5, -49.5, 3.33333E-01 
-166.5, -49.5, 8.15789E-01 
-157.5, -49.5, 8.12500E-01 
-148.5, -49.5, 8.11475E-01 
-139.5, -49.5, 7.90476E-01 
-130.5, -49.5, 5.20913E-01 
-121.5, -49.5, 5.06424E-01 
-112.5, -49.5, 4.94158E-01 
-103.5, -49.5, 5.28269E-01 
-94.5, -49.5, 6.29712E-01 
-85.5, -49.5, 6.16413E-01 
-76.5, -49.5, 6.72297E-01 
-67.5, -49.5, 7.05489E-01 
-58.5, -49.5, 3.62858E-01 
-49.5, -49.5, 2.00980E-01 
-40.5, -49.5, 1.30665E-01 
-31.5, -49.5, 1.24514E-01 
-22.5, -49.5, 5.55556E-02 
-13.5, -49.5, 0.00000E+00 
-4.5, -49.5, 0.00000E+00 
4.5, -49.5, 0.00000E+00 
13.5, -49.5, 0.00000E+00 
22.5, -49.5, 0.00000E+00 
31.5, -49.5, 0.00000E+00 
40.5, -49.5, 0.00000E+00 
49.5, -49.5, 1.00000E-01 
58.5, -49.5, 2.67717E-01 
67.5, -49.5, 1.13665E-01 
76.5, -49.5, 2.13608E-02 
85.5, -49.5, 4.59653E-03 
94.5, -49.5, 0.00000E+00 
103.5, -49.5, 0.00000E+00 
112.5, -49.5, 0.00000E+00 
121.5, -49.5, 0.00000E+00 
130.5, -49.5, 0.00000E+00 
139.5, -49.5, 0.00000E+00 
148.5, -49.5, 0.00000E+00 
157.5, -49.5, 0.00000E+00 
166.5, -49.5, 0.00000E+00 
175.5, -49.5, 0.00000E+00 
-175.5, -58.5, 4.72222E-01 
-166.5, -58.5, 5.51724E-01 
-157.5, -58.5, 7.90000E-01 
-148.5, -58.5, 8.69565E-01 
-139.5, -58.5, 8.65285E-01 
-130.5, -58.5, 7.58824E-01 
-121.5, -58.5, 5.19201E-01 
-112.5, -58.5, 4.90588E-01 
-103.5, -58.5, 6.46383E-01 
-94.5, -58.5, 6.07605E-01 
-85.5, -58.5, 6.85426E-01 
-76.5, -58.5, 7.94255E-01 
-67.5, -58.5, 4.23047E-01 
-58.5, -58.5, 2.01138E-01 
-49.5, -58.5, 9.93889E-02 
-40.5, -58.5, 7.45645E-02 
-31.5, -58.5, 8.79765E-02 
-22.5, -58.5, 5.40541E-02 
-13.5, -58.5, 0.00000E+00 
-4.5, -58.5, 0.00000E+00 
4.5, -58.5, 0.00000E+00 
13.5, -58.5, 0.00000E+00 
22.5, -58.5, 0.00000E+00 
31.5, -58.5, 0.00000E+00 
40.5, -58.5, 0.00000E+00 
49.5, -58.5, 3.75000E-01 
58.5, -58.5, 1.73469E-01 
67.5, -58.5, 5.20446E-02 
76.5, -58.5, 1.22435E-02 
85.5, -58.5, 2.89474E-03 
94.5, -58.5, 0.00000E+00 
103.5, -58.5, 0.00000E+00 
112.5, -58.5, 0.00000E+00 
121.5, -58.5, 0.00000E+00 
130.5, -58.5, 0.00000E+00 
139.5, -58.5, 0.00000E+00 
148.5, -58.5, 0.00000E+00 
157.5, -58.5, 0.00000E+00 
166.5, -58.5, 0.00000E+00 
175.5, -58.5, 3.70370E-02 
-175.5, -67.5, 4.06250E-01 
-166.5, -67.5, 7.50000E-01 
-157.5, -67.5, 7.50000E-01 
-148.5, -67.5, 6.04478E-01 
-139.5, -67.5, 8.28767E-01 
-130.5, -67.5, 7.57009E-01 
-121.5, -67.5, 6.29371E-01 
-112.5, -67.5, 7.32044E-01 
-103.5, -67.5, 7.43243E-01 
-94.5, -67.5, 5.75269E-01 
-85.5, -67.5, 5.71691E-01 
-76.5, -67.5, 4.86804E-01 
-67.5, -67.5, 1.21158E-01 
-58.5, -67.5, 2.84115E-02 
-49.5, -67.5, 2.88357E-02 
-40.5, -67.5, 3.00971E-02 
-31.5, -67.5, 8.19672E-03 
-22.5, -67.5, 2.34375E-02 
-13.5, -67.5, 3.84615E-02 
-4.5, -67.5, 0.00000E+00 
4.5, -67.5, 0.00000E+00 
13.5, -67.5, 0.00000E+00 
22.5, -67.5, 0.00000E+00 
31.5, -67.5, 0.00000E+00 
40.5, -67.5, 0.00000E+00 
49.5, -67.5, 3.50000E-01 
58.5, -67.5, 2.86885E-02 
67.5, -67.5, 3.69231E-02 
76.5, -67.5, 1.12978E-02 
85.5, -67.5, 2.43243E-03 
94.5, -67.5, 0.00000E+00 
103.5, -67.5, 5.86166E-04 
112.5, -67.5, 0.00000E+00 
121.5, -67.5, 0.00000E+00 
130.5, -67.5, 0.00000E+00 
139.5, -67.5, 0.00000E+00 
148.5, -67.5, 0.00000E+00 
157.5, -67.5, 0.00000E+00 
166.5, -67.5, 0.00000E+00 
175.5, -67.5, 8.06452E-03 
-175.5, -76.5, 1.87500E-01 
-166.5, -76.5, 6.00000E-01 
-157.5, -76.5, 6.20690E-01 
-148.5, -76.5, 4.81481E-01 
-139.5, -76.5, 5.78431E-01 
-130.5, -76.5, 7.63636E-01 
-121.5, -76.5, 6.21429E-01 
-112.5, -76.5, 4.28571E-01 
-103.5, -76.5, 5.84211E-01 
-94.5, -76.5, 4.41441E-01 
-85.5, -76.5, 4.75728E-01 
-76.5, -76.5, 1.59193E-01 
-67.5, -76.5, 3.25444E-02 
-58.5, -76.5, 2.70492E-02 
-49.5, -76.5, 7.61697E-03 
-40.5, -76.5, 1.06838E-02 
-31.5, -76.5, 8.54701E-03 
-22.5, -76.5, 9.25926E-03 
-13.5, -76.5, 0.00000E+00 
-4.5, -76.5, 0.00000E+00 
4.5, -76.5, 2.50000E-01 
13.5, -76.5, 0.00000E+00 
22.5, -76.5, 0.00000E+00 
31.5, -76.5, 0.00000E+00 
40.5, -76.5, 2.50000E-01 
49.5, -76.5, 4.16667E-02 
58.5, -76.5, 2.95699E-02 
67.5, -76.5, 1.35135E-02 
76.5, -76.5, 0.00000E+00 
85.5, -76.5, 1.45180E-03 
94.5, -76.5, 4.42478E-04 
103.5, -76.5, 0.00000E+00 
112.5, -76.5, 0.00000E+00 
121.5, -76.5, 0.00000E+00 
130.5, -76.5, 0.00000E+00 
139.5, -76.5, 0.00000E+00 
148.5, -76.5, 0.00000E+00 
157.5, -76.5, 0.00000E+00 
166.5, -76.5, 0.00000E+00 
175.5, -76.5, 0.00000E+00 
-175.5, -85.5, 0.00000E+00 
-166.5, -85.5, 1.72414E-01 
-157.5, -85.5, 3.23529E-01 
-148.5, -85.5, 3.75000E-01 
-139.5, -85.5, 4.26471E-01 
-130.5, -85.5, 3.84615E-01 
-121.5, -85.5, 7.02381E-01 
-112.5, -85.5, 5.29412E-01 
-103.5, -85.5, 3.03030E-01 
-94.5, -85.5, 4.09836E-01 
-85.5, -85.5, 3.21429E-01 
-76.5, -85.5, 7.23684E-02 
-67.5, -85.5, 1.70068E-02 
-58.5, -85.5, 1.05448E-02 
-49.5, -85.5, 1.68539E-02 
-40.5, -85.5, 0.00000E+00 
-31.5, -85.5, 1.23457E-02 
-22.5, -85.5, 1.49254E-02 
-13.5, -85.5, 2.38095E-02 
-4.5, -85.5, 0.00000E+00 
4.5, -85.5, 1.25000E-01 
13.5, -85.5, 0.00000E+00 
22.5, -85.5, 0.00000E+00 
31.5, -85.5, 8.33333E-02 
40.5, -85.5, 0.00000E+00 
49.5, -85.5, 0.00000E+00 
58.5, -85.5, 9.15751E-03 
67.5, -85.5, 4.34783E-03 
76.5, -85.5, 1.63827E-03 
85.5, -85.5, 6.55738E-04 
94.5, -85.5, 0.00000E+00 
103.5, -85.5, 0.00000E+00 
112.5, -85.5, 0.00000E+00 
121.5, -85.5, 0.00000E+00 
130.5, -85.5, 0.00000E+00 
139.5, -85.5, 0.00000E+00 
148.5, -85.5, 0.00000E+00 
157.5, -85.5, 0.00000E+00 
166.5, -85.5, 0.00000E+00 
175.5, -85.5, 0.00000E+00 
-175.5, -94.5, 0.00000E+00 
-166.5, -94.5, 8.57143E-02 
-157.5, -94.5, 6.81818E-02 
-148.5, -94.5, 1.48148E-01 
-139.5, -94.5, 3.33333E-01 
-130.5, -94.5, 4.72222E-01 
-121.5, -94.5, 3.48837E-01 
-112.5, -94.5, 5.97222E-01 
-103.5, -94.5, 3.15789E-01 
-94.5, -94.5, 2.73585E-01 
-85.5, -94.5, 1.22951E-01 
-76.5, -94.5, 6.46552E-02 
-67.5, -94.5, 2.30263E-02 
-58.5, -94.5, 8.47458E-03 
-49.5, -94.5, 9.80392E-03 
-40.5, -94.5, 0.00000E+00 
-31.5, -94.5, 0.00000E+00 
-22.5, -94.5, 0.00000E+00 
-13.5, -94.5, 0.00000E+00 
-4.5, -94.5, 0.00000E+00 
4.5, -94.5, 0.00000E+00 
13.5, -94.5, 0.00000E+00 
22.5, -94.5, 0.00000E+00 
31.5, -94.5, 2.94118E-02 
40.5, -94.5, 4.87805E-02 
49.5, -94.5, 4.37956E-02 
58.5, -94.5, 1.47059E-02 
67.5, -94.5, 2.89855E-03 
76.5, -94.5, 7.32064E-04 
85.5, -94.5, 4.12031E-04 
94.5, -94.5, 0.00000E+00 
103.5, -94.5, 0.00000E+00 
112.5, -94.5, 0.00000E+00 
121.5, -94.5, 0.00000E+00 
130.5, -94.5, 0.00000E+00 
139.5, -94.5, 0.00000E+00 
148.5, -94.5, 0.00000E+00 
157.5, -94.5, 0.00000E+00 
166.5, -94.5, 0.00000E+00 
175.5, -94.5, 0.00000E+00 
-175.5, -103.5, 0.00000E+00 
-166.5, -103.5, 0.00000E+00 
-157.5, -103.5, 5.76923E-02 
-148.5, -103.5, 1.31148E-01 
-139.5, -103.5, 3.23529E-01 
-130.5, -103.5, 3.26923E-01 
-121.5, -103.5, 3.29545E-01 
-112.5, -103.5, 4.84848E-01 
-103.5, -103.5, 3.33333E-01 
-94.5, -103.5, 1.82390E-01 
-85.5, -103.5, 7.27273E-02 
-76.5, -103.5, 4.81283E-02 
-67.5, -103.5, 1.58730E-02 
-58.5, -103.5, 8.06452E-03 
-49.5, -103.5, 0.00000E+00 
-40.5, -103.5, 0.00000E+00 
-31.5, -103.5, 0.00000E+00 
-22.5, -103.5, 0.00000E+00 
-13.5, -103.5, 0.00000E+00 
-4.5, -103.5, 0.00000E+00 
4.5, -103.5, 0.00000E+00 
13.5, -103.5, 6.25000E-02 
22.5, -103.5, 0.00000E+00 
31.5, -103.5, 0.00000E+00 
40.5, -103.5, 7.16846E-03 
49.5, -103.5, 9.37082E-03 
58.5, -103.5, 7.50268E-03 
67.5, -103.5, 3.91499E-03 
76.5, -103.5, 1.76757E-03 
85.5, -103.5, 0.00000E+00 
94.5, -103.5, 0.00000E+00 
103.5, -103.5, 0.00000E+00 
112.5, -103.5, 0.00000E+00 
121.5, -103.5, 0.00000E+00 
130.5, -103.5, 0.00000E+00 
139.5, -103.5, 0.00000E+00 
148.5, -103.5, 0.00000E+00 
157.5, -103.5, 0.00000E+00 
166.5, -103.5, 0.00000E+00 
175.5, -103.5, 0.00000E+00 
-175.5, -112.5, 0.00000E+00 
-166.5, -112.5, 0.00000E+00 
-157.5, -112.5, 2.19780E-02 
-148.5, -112.5, 8.73016E-02 
-139.5, -112.5, 1.52439E-01 
-130.5, -112.5, 2.65306E-01 
-121.5, -112.5, 2.80000E-01 
-112.5, -112.5, 4.22222E-01 
-103.5, -112.5, 2.51397E-01 
-94.5, -112.5, 1.73160E-01 
-85.5, -112.5, 5.66802E-02 
-76.5, -112.5, 7.64331E-02 
-67.5, -112.5, 2.83688E-02 
-58.5, -112.5, 1.31579E-02 
-49.5, -112.5, 0.00000E+00 
-40.5, -112.5, 0.00000E+00 
-31.5, -112.5, 0.00000E+00 
-22.5, -112.5, 0.00000E+00 
-13.5, -112.5, 0.00000E+00 
-4.5, -112.5, 0.00000E+00 
4.5, -112.5, 0.00000E+00 
13.5, -112.5, 0.00000E+00 
22.5, -112.5, 6.00000E-02 
31.5, -112.5, 1.82648E-02 
40.5, -112.5, 7.69231E-03 
49.5, -112.5, 5.83245E-03 
58.5, -112.5, 7.66629E-03 
67.5, -112.5, 2.90967E-03 
76.5, -112.5, 5.70581E-04 
85.5, -112.5, 4.03063E-04 
94.5, -112.5, 0.00000E+00 
103.5, -112.5, 0.00000E+00 
112.5, -112.5, 0.00000E+00 
121.5, -112.5, 0.00000E+00 
130.5, -112.5, 0.00000E+00 
139.5, -112.5, 0.00000E+00 
148.5, -112.5, 0.00000E+00 
157.5, -112.5, 0.00000E+00 
166.5, -112.5, 0.00000E+00 
175.5, -112.5, 0.00000E+00 
-175.5, -121.5, 0.00000E+00 
-166.5, -121.5, 0.00000E+00 
-157.5, -121.5, 1.23457E-02 
-148.5, -121.5, 5.72917E-02 
-139.5, -121.5, 1.68224E-01 
-130.5, -121.5, 1.97987E-01 
-121.5, -121.5, 2.40741E-01 
-112.5, -121.5, 4.04959E-01 
-103.5, -121.5, 2.29299E-01 
-94.5, -121.5, 1.33820E-01 
-85.5, -121.5, 6.81818E-02 
-76.5, -121.5, 7.45614E-02 
-67.5, -121.5, 3.36134E-02 
-58.5, -121.5, 2.12766E-02 
-49.5, -121.5, 0.00000E+00 
-40.5, -121.5, 0.00000E+00 
-31.5, -121.5, 0.00000E+00 
-22.5, -121.5, 0.00000E+00 
-13.5, -121.5, 0.00000E+00 
-4.5, -121.5, 0.00000E+00 
4.5, -121.5, 0.00000E+00 
13.5, -121.5, 0.00000E+00 
22.5, -121.5, 5.35714E-02 
31.5, -121.5, 4.81928E-03 
40.5, -121.5, 1.52542E-02 
49.5, -121.5, 1.44831E-02 
58.5, -121.5, 7.73902E-03 
67.5, -121.5, 2.63039E-03 
76.5, -121.5, 7.46775E-04 
85.5, -121.5, 0.00000E+00 
94.5, -121.5, 0.00000E+00 
103.5, -121.5, 0.00000E+00 
112.5, -121.5, 0.00000E+00 
121.5, -121.5, 0.00000E+00 
130.5, -121.5, 0.00000E+00 
139.5, -121.5, 0.00000E+00 
148.5, -121.5, 0.00000E+00 
157.5, -121.5, 0.00000E+00 
166.5, -121.5, 0.00000E+00 
175.5, -121.5, 0.00000E+00 
-175.5, -130.5, 0.00000E+00 
-166.5, -130.5, 3.38983E-03 
-157.5, -130.5, 6.71141E-03 
-148.5, -130.5, 5.69620E-02 
-139.5, -130.5, 1.52941E-01 
-130.5, -130.5, 2.09677E-01 
-121.5, -130.5, 2.16019E-01 
-112.5, -130.5, 2.31602E-01 
-103.5, -130.5, 1.91257E-01 
-94.5, -130.5, 7.28643E-02 
-85.5, -130.5, 6.94239E-02 
-76.5, -130.5, 4.53515E-02 
-67.5, -130.5, 1.44928E-02 
-58.5, -130.5, 0.00000E+00 
-49.5, -130.5, 0.00000E+00 
-40.5, -130.5, 0.00000E+00 
-31.5, -130.5, 0.00000E+00 
-22.5, -130.5, 0.00000E+00 
-13.5, -130.5, 0.00000E+00 
-4.5, -130.5, 0.00000E+00 
4.5, -130.5, 0.00000E+00 
13.5, -130.5, 0.00000E+00 
22.5, -130.5, 1.42857E-02 
31.5, -130.5, 1.75781E-02 
40.5, -130.5, 9.76845E-03 
49.5, -130.5, 8.21211E-03 
58.5, -130.5, 6.91228E-03 
67.5, -130.5, 4.20517E-03 
76.5, -130.5, 1.21206E-03 
85.5, -130.5, 3.30491E-04 
94.5, -130.5, 8.79430E-05 
103.5, -130.5, 0.00000E+00 
112.5, -130.5, 0.00000E+00 
121.5, -130.5, 0.00000E+00 
130.5, -130.5, 0.00000E+00 
139.5, -130.5, 0.00000E+00 
148.5, -130.5, 0.00000E+00 
157.5, -130.5, 0.00000E+00 
166.5, -130.5, 0.00000E+00 
175.5, -130.5, 0.00000E+00 
-175.5, -139.5, 0.00000E+00 
-166.5, -139.5, 1.82815E-03 
-157.5, -139.5, 8.77193E-03 
-148.5, -139.5, 3.76344E-02 
-139.5, -139.5, 7.71930E-02 
-130.5, -139.5, 1.60202E-01 
-121.5, -139.5, 1.98437E-01 
-112.5, -139.5, 1.62643E-01 
-103.5, -139.5, 9.72355E-02 
-94.5, -139.5, 5.59284E-02 
-85.5, -139.5, 3.92157E-02 
-76.5, -139.5, 1.08565E-02 
-67.5, -139.5, 1.83824E-02 
-58.5, -139.5, 0.00000E+00 
-49.5, -139.5, 0.00000E+00 
-40.5, -139.5, 0.00000E+00 
-31.5, -139.5, 0.00000E+00 
-22.5, -139.5, 0.00000E+00 
-13.5, -139.5, 0.00000E+00 
-4.5, -139.5, 0.00000E+00 
4.5, -139.5, 0.00000E+00 
13.5, -139.5, 0.00000E+00 
22.5, -139.5, 2.50000E-02 
31.5, -139.5, 0.00000E+00 
40.5, -139.5, 7.89214E-03 
49.5, -139.5, 6.36943E-03 
58.5, -139.5, 3.56538E-03 
67.5, -139.5, 3.89571E-03 
76.5, -139.5, 1.47131E-03 
85.5, -139.5, 6.74354E-05 
94.5, -139.5, 0.00000E+00 
103.5, -139.5, 0.00000E+00 
112.5, -139.5, 0.00000E+00 
121.5, -139.5, 0.00000E+00 
130.5, -139.5, 0.00000E+00 
139.5, -139.5, 0.00000E+00 
148.5, -139.5, 0.00000E+00 
157.5, -139.5, 0.00000E+00 
166.5, -139.5, 0.00000E+00 
175.5, -139.5, 0.00000E+00 
-175.5, -148.5, 0.00000E+00 
-166.5, -148.5, 7.60870E-03 
-157.5, -148.5, 6.36943E-03 
-148.5, -148.5, 2.59887E-02 
-139.5, -148.5, 6.31808E-02 
-130.5, -148.5, 1.03115E-01 
-121.5, -148.5, 1.05683E-01 
-112.5, -148.5, 9.78690E-02 
-103.5, -148.5, 8.14088E-02 
-94.5, -148.5, 3.55594E-02 
-85.5, -148.5, 1.72632E-02 
-76.5, -148.5, 1.80941E-02 
-67.5, -148.5, 8.26446E-03 
-58.5, -148.5, 0.00000E+00 
-49.5, -148.5, 0.00000E+00 
-40.5, -148.5, 0.00000E+00 
-31.5, -148.5, 0.00000E+00 
-22.5, -148.5, 0.00000E+00 
-13.5, -148.5, 0.00000E+00 
-4.5, -148.5, 0.00000E+00 
4.5, -148.5, 0.00000E+00 
13.5, -148.5, 0.00000E+00 
22.5, -148.5, 0.00000E+00 
31.5, -148.5, 0.00000E+00 
40.5, -148.5, 0.00000E+00 
49.5, -148.5, 3.45577E-03 
58.5, -148.5, 3.80658E-03 
67.5, -148.5, 2.39183E-03 
76.5, -148.5, 1.50030E-03 
85.5, -148.5, 5.10427E-04 
94.5, -148.5, 1.06123E-04 
103.5, -148.5, 0.00000E+00 
112.5, -148.5, 0.00000E+00 
121.5, -148.5, 0.00000E+00 
130.5, -148.5, 0.00000E+00 
139.5, -148.5, 0.00000E+00 
148.5, -148.5, 0.00000E+00 
157.5, -148.5, 0.00000E+00 
166.5, -148.5, 0.00000E+00 
175.5, -148.5, 0.00000E+00 
-175.5, -157.5, 6.82594E-04 
-166.5, -157.5, 1.07914E-02 
-157.5, -157.5, 3.09704E-02 
-148.5, -157.5, 3.75354E-02 
-139.5, -157.5, 6.64207E-02 
-130.5, -157.5, 9.61810E-02 
-121.5, -157.5, 1.06201E-01 
-112.5, -157.5, 8.00451E-02 
-103.5, -157.5, 6.14686E-02 
-94.5, -157.5, 3.76119E-02 
-85.5, -157.5, 2.11196E-02 
-76.5, -157.5, 1.13865E-02 
-67.5, -157.5, 8.53971E-04 
-58.5, -157.5, 5.18135E-03 
-49.5, -157.5, 0.00000E+00 
-40.5, -157.5, 0.00000E+00 
-31.5, -157.5, 0.00000E+00 
-22.5, -157.5, 0.00000E+00 
-13.5, -157.5, 0.00000E+00 
-4.5, -157.5, 0.00000E+00 
4.5, -157.5, 0.00000E+00 
13.5, -157.5, 0.00000E+00 
22.5, -157.5, 0.00000E+00 
31.5, -157.5, 2.17391E-02 
40.5, -157.5, 1.14943E-02 
49.5, -157.5, 2.10406E-03 
58.5, -157.5, 3.88708E-03 
67.5, -157.5, 2.76018E-03 
76.5, -157.5, 1.73686E-03 
85.5, -157.5, 8.26198E-04 
94.5, -157.5, 0.00000E+00 
103.5, -157.5, 0.00000E+00 
112.5, -157.5, 0.00000E+00 
121.5, -157.5, 0.00000E+00 
130.5, -157.5, 0.00000E+00 
139.5, -157.5, 0.00000E+00 
148.5, -157.5, 0.00000E+00 
157.5, -157.5, 0.00000E+00 
166.5, -157.5, 0.00000E+00 
175.5, -157.5, 8.61326E-04 
-175.5, -166.5, 8.57143E-03 
-166.5, -166.5, 3.12347E-02 
-157.5, -166.5, 5.26057E-02 
-148.5, -166.5, 7.29114E-02 
-139.5, -166.5, 1.16423E-01 
-130.5, -166.5, 1.53158E-01 
-121.5, -166.5, 1.46186E-01 
-112.5, -166.5, 1.19547E-01 
-103.5, -166.5, 7.41672E-02 
-94.5, -166.5, 5.24685E-02 
-85.5, -166.5, 3.61959E-02 
-76.5, -166.5, 2.92347E-02 
-67.5, -166.5, 2.35507E-02 
-58.5, -166.5, 2.32558E-03 
-49.5, -166.5, 0.00000E+00 
-40.5, -166.5, 0.00000E+00 
-31.5, -166.5, 0.00000E+00 
-22.5, -166.5, 0.00000E+00 
-13.5, -166.5, 0.00000E+00 
-4.5, -166.5, 0.00000E+00 
4.5, -166.5, 0.00000E+00 
13.5, -166.5, 0.00000E+00 
22.5, -166.5, 0.00000E+00 
31.5, -166.5, 2.50000E-01 
40.5, -166.5, 8.62069E-03 
49.5, -166.5, 1.16919E-02 
58.5, -166.5, 6.88299E-03 
67.5, -166.5, 4.88715E-03 
76.5, -166.5, 2.36287E-03 
85.5, -166.5, 5.11143E-04 
94.5, -166.5, 1.48456E-04 
103.5, -166.5, 0.00000E+00 
112.5, -166.5, 0.00000E+00 
121.5, -166.5, 0.00000E+00 
130.5, -166.5, 0.00000E+00 
139.5, -166.5, 0.00000E+00 
148.5, -166.5, 0.00000E+00 
157.5, -166.5, 0.00000E+00 
166.5, -166.5, 0.00000E+00 
175.5, -166.5, 1.45349E-03 
-175.5, -175.5, 3.77358E-02 
-166.5, -175.5, 1.24951E-01 
-157.5, -175.5, 2.00929E-01 
-148.5, -175.5, 2.66402E-01 
-139.5, -175.5, 3.47374E-01 
-130.5, -175.5, 3.77526E-01 
-121.5, -175.5, 3.58357E-01 
-112.5, -175.5, 2.67218E-01 
-103.5, -175.5, 1.78273E-01 
-94.5, -175.5, 1.23952E-01 
-85.5, -175.5, 9.84005E-02 
-76.5, -175.5, 7.63449E-02 
-67.5, -175.5, 6.77313E-02 
-58.5, -175.5, 5.23504E-02 
-49.5, -175.5, 6.25000E-02 
-40.5, -175.5, 0.00000E+00 
-31.5, -175.5, 0.00000E+00 
-22.5, -175.5, 0.00000E+00 
-13.5, -175.5, 0.00000E+00 
-4.5, -175.5, 0.00000E+00 
4.5, -175.5, 0.00000E+00 
13.5, -175.5, 0.00000E+00 
22.5, -175.5, 0.00000E+00 
31.5, -175.5, 1.00000E+00 
40.5, -175.5, 0.00000E+00 
49.5, -175.5, 3.09598E-02 
58.5, -175.5, 3.01063E-02 
67.5, -175.5, 1.33792E-02 
76.5, -175.5, 4.56853E-03 
85.5, -175.5, 1.18655E-03 
94.5, -175.5, 0.00000E+00 
103.5, -175.5, 0.00000E+00 
112.5, -175.5, 0.00000E+00 
121.5, -175.5, 0.00000E+00 
130.5, -175.5, 0.00000E+00 
139.5, -175.5, 0.00000E+00 
148.5, -175.5, 0.00000E+00 
157.5, -175.5, 0.00000E+00 
166.5, -175.5, 4.01606E-04 
175.5, -175.5, 6.05083E-03 
