x, y, probability density 
-175.5, 175.5, 1.90399E-01 
-166.5, 175.5, 6.71486E-01 
-157.5, 175.5, 1.00000E+00 
-148.5, 175.5, 1.00000E+00 
-139.5, 175.5, 1.00000E+00 
-130.5, 175.5, 1.00000E+00 
-121.5, 175.5, 1.00000E+00 
-112.5, 175.5, 1.00000E+00 
-103.5, 175.5, 7.47806E-01 
-94.5, 175.5, 6.55606E-01 
-85.5, 175.5, 5.96177E-01 
-76.5, 175.5, 6.33629E-01 
-67.5, 175.5, 5.66323E-01 
-58.5, 175.5, 5.66116E-01 
-49.5, 175.5, 2.63158E-01 
-40.5, 175.5, 1.42857E-01 
-31.5, 175.5, 0.00000E+00 
-22.5, 175.5, 0.00000E+00 
-13.5, 175.5, 0.00000E+00 
-4.5, 175.5, 0.00000E+00 
4.5, 175.5, 0.00000E+00 
13.5, 175.5, 0.00000E+00 
22.5, 175.5, 0.00000E+00 
31.5, 175.5, 0.00000E+00 
40.5, 175.5, 1.00000E+00 
49.5, 175.5, 4.37500E-01 
58.5, 175.5, 1.84829E-01 
67.5, 175.5, 9.27863E-02 
76.5, 175.5, 3.41931E-02 
85.5, 175.5, 9.71151E-03 
94.5, 175.5, 3.35508E-03 
103.5, 175.5, 0.00000E+00 
112.5, 175.5, 0.00000E+00 
121.5, 175.5, 0.00000E+00 
130.5, 175.5, 0.00000E+00 
139.5, 175.5, 0.00000E+00 
148.5, 175.5, 0.00000E+00 
157.5, 175.5, 0.00000E+00 
166.5, 175.5, 1.57171E-03 
175.5, 175.5, 3.03527E-02 
-175.5, 166.5, 4.84496E-01 
-166.5, 166.5, 7.26407E-01 
-157.5, 166.5, 1.00000E+00 
-148.5, 166.5, 1.00000E+00 
-139.5, 166.5, 1.00000E+00 
-130.5, 166.5, 1.00000E+00 
-121.5, 166.5, 8.74597E-01 
-112.5, 166.5, 1.00000E+00 
-103.5, 166.5, 1.00000E+00 
-94.5, 166.5, 1.00000E+00 
-85.5, 166.5, 1.00000E+00 
-76.5, 166.5, 1.00000E+00 
-67.5, 166.5, 7.65594E-01 
-58.5, 166.5, 5.24418E-01 
-49.5, 166.5, 4.30536E-01 
-40.5, 166.5, 4.48276E-01 
-31.5, 166.5, 0.00000E+00 
-22.5, 166.5, 0.00000E+00 
-13.5, 166.5, 0.00000E+00 
-4.5, 166.5, 0.00000E+00 
4.5, 166.5, 0.00000E+00 
13.5, 166.5, 0.00000E+00 
22.5, 166.5, 0.00000E+00 
31.5, 166.5, 0.00000E+00 
40.5, 166.5, 0.00000E+00 
49.5, 166.5, 6.66667E-01 
58.5, 166.5, 5.34884E-01 
67.5, 166.5, 2.13768E-01 
76.5, 166.5, 8.44798E-02 
85.5, 166.5, 1.65011E-02 
94.5, 166.5, 5.75603E-03 
103.5, 166.5, 0.00000E+00 
112.5, 166.5, 0.00000E+00 
121.5, 166.5, 0.00000E+00 
130.5, 166.5, 0.00000E+00 
139.5, 166.5, 0.00000E+00 
148.5, 166.5, 0.00000E+00 
157.5, 166.5, 9.83284E-04 
166.5, 166.5, 7.80869E-03 
175.5, 166.5, 7.52381E-02 
-175.5, 157.5, 5.70198E-01 
-166.5, 157.5, 6.02344E-01 
-157.5, 157.5, 8.26623E-01 
-148.5, 157.5, 1.00000E+00 
-139.5, 157.5, 9.25050E-01 
-130.5, 157.5, 8.50762E-01 
-121.5, 157.5, 7.50209E-01 
-112.5, 157.5, 8.16822E-01 
-103.5, 157.5, 9.67908E-01 
-94.5, 157.5, 1.00000E+00 
-85.5, 157.5, 1.00000E+00 
-76.5, 157.5, 9.39861E-01 
-67.5, 157.5, 6.90498E-01 
-58.5, 157.5, 4.37584E-01 
-49.5, 157.5, 2.88064E-01 
-40.5, 157.5, 2.47126E-01 
-31.5, 157.5, 3.91304E-01 
-22.5, 157.5, 1.00000E+00 
-13.5, 157.5, 0.00000E+00 
-4.5, 157.5, 0.00000E+00 
4.5, 157.5, 0.00000E+00 
13.5, 157.5, 0.00000E+00 
22.5, 157.5, 0.00000E+00 
31.5, 157.5, 0.00000E+00 
40.5, 157.5, 0.00000E+00 
49.5, 157.5, 1.00000E+00 
58.5, 157.5, 8.18653E-01 
67.5, 157.5, 4.26132E-01 
76.5, 157.5, 1.65439E-01 
85.5, 157.5, 4.07125E-02 
94.5, 157.5, 7.46269E-03 
103.5, 157.5, 8.25083E-04 
112.5, 157.5, 0.00000E+00 
121.5, 157.5, 0.00000E+00 
130.5, 157.5, 0.00000E+00 
139.5, 157.5, 0.00000E+00 
148.5, 157.5, 0.00000E+00 
157.5, 157.5, 1.37646E-03 
166.5, 157.5, 1.29496E-02 
175.5, 157.5, 1.29693E-01 
-175.5, 148.5, 3.76582E-01 
-166.5, 148.5, 5.00152E-01 
-157.5, 148.5, 6.67546E-01 
-148.5, 148.5, 9.28489E-01 
-139.5, 148.5, 7.97580E-01 
-130.5, 148.5, 6.03861E-01 
-121.5, 148.5, 5.26838E-01 
-112.5, 148.5, 5.54264E-01 
-103.5, 148.5, 7.02333E-01 
-94.5, 148.5, 8.70636E-01 
-85.5, 148.5, 9.09144E-01 
-76.5, 148.5, 8.27559E-01 
-67.5, 148.5, 5.95173E-01 
-58.5, 148.5, 3.88103E-01 
-49.5, 148.5, 2.62243E-01 
-40.5, 148.5, 2.26950E-01 
-31.5, 148.5, 1.44444E-01 
-22.5, 148.5, 4.00000E-01 
-13.5, 148.5, 0.00000E+00 
-4.5, 148.5, 0.00000E+00 
4.5, 148.5, 0.00000E+00 
13.5, 148.5, 0.00000E+00 
22.5, 148.5, 0.00000E+00 
31.5, 148.5, 0.00000E+00 
40.5, 148.5, 0.00000E+00 
49.5, 148.5, 1.00000E+00 
58.5, 148.5, 1.00000E+00 
67.5, 148.5, 8.42975E-01 
76.5, 148.5, 2.68396E-01 
85.5, 148.5, 7.66316E-02 
94.5, 148.5, 1.25759E-02 
103.5, 148.5, 3.46420E-03 
112.5, 148.5, 0.00000E+00 
121.5, 148.5, 0.00000E+00 
130.5, 148.5, 0.00000E+00 
139.5, 148.5, 0.00000E+00 
148.5, 148.5, 0.00000E+00 
157.5, 148.5, 4.24628E-03 
166.5, 148.5, 1.08696E-02 
175.5, 148.5, 1.65792E-01 
-175.5, 139.5, 4.40972E-01 
-166.5, 139.5, 5.30903E-01 
-157.5, 139.5, 7.13357E-01 
-148.5, 139.5, 8.94275E-01 
-139.5, 139.5, 5.58894E-01 
-130.5, 139.5, 3.80544E-01 
-121.5, 139.5, 3.26134E-01 
-112.5, 139.5, 3.42435E-01 
-103.5, 139.5, 3.90180E-01 
-94.5, 139.5, 5.12798E-01 
-85.5, 139.5, 6.12179E-01 
-76.5, 139.5, 7.10207E-01 
-67.5, 139.5, 5.97072E-01 
-58.5, 139.5, 3.84437E-01 
-49.5, 139.5, 2.72187E-01 
-40.5, 139.5, 2.04867E-01 
-31.5, 139.5, 1.77083E-01 
-22.5, 139.5, 1.50000E-01 
-13.5, 139.5, 0.00000E+00 
-4.5, 139.5, 0.00000E+00 
4.5, 139.5, 0.00000E+00 
13.5, 139.5, 0.00000E+00 
22.5, 139.5, 0.00000E+00 
31.5, 139.5, 0.00000E+00 
40.5, 139.5, 0.00000E+00 
49.5, 139.5, 2.50000E-01 
58.5, 139.5, 1.00000E+00 
67.5, 139.5, 8.67647E-01 
76.5, 139.5, 3.59469E-01 
85.5, 139.5, 1.06754E-01 
94.5, 139.5, 2.98285E-02 
103.5, 139.5, 0.00000E+00 
112.5, 139.5, 0.00000E+00 
121.5, 139.5, 0.00000E+00 
130.5, 139.5, 0.00000E+00 
139.5, 139.5, 0.00000E+00 
148.5, 139.5, 0.00000E+00 
157.5, 139.5, 0.00000E+00 
166.5, 139.5, 3.29068E-02 
175.5, 139.5, 2.61993E-01 
-175.5, 130.5, 4.84018E-01 
-166.5, 130.5, 5.91179E-01 
-157.5, 130.5, 7.55607E-01 
-148.5, 130.5, 7.65165E-01 
-139.5, 130.5, 3.91860E-01 
-130.5, 130.5, 2.56685E-01 
-121.5, 130.5, 2.24304E-01 
-112.5, 130.5, 2.23899E-01 
-103.5, 130.5, 2.47267E-01 
-94.5, 130.5, 3.28907E-01 
-85.5, 130.5, 3.85485E-01 
-76.5, 130.5, 4.32441E-01 
-67.5, 130.5, 4.92060E-01 
-58.5, 130.5, 4.15359E-01 
-49.5, 130.5, 2.85781E-01 
-40.5, 130.5, 2.50362E-01 
-31.5, 130.5, 2.07031E-01 
-22.5, 130.5, 3.42857E-01 
-13.5, 130.5, 5.00000E-01 
-4.5, 130.5, 0.00000E+00 
4.5, 130.5, 0.00000E+00 
13.5, 130.5, 0.00000E+00 
22.5, 130.5, 0.00000E+00 
31.5, 130.5, 0.00000E+00 
40.5, 130.5, 1.00000E+00 
49.5, 130.5, 1.00000E+00 
58.5, 130.5, 1.00000E+00 
67.5, 130.5, 1.00000E+00 
76.5, 130.5, 3.62812E-01 
85.5, 130.5, 9.30576E-02 
94.5, 130.5, 2.51256E-02 
103.5, 130.5, 7.28597E-03 
112.5, 130.5, 0.00000E+00 
121.5, 130.5, 0.00000E+00 
130.5, 130.5, 0.00000E+00 
139.5, 130.5, 0.00000E+00 
148.5, 130.5, 0.00000E+00 
157.5, 130.5, 0.00000E+00 
166.5, 130.5, 2.71186E-02 
175.5, 130.5, 3.56164E-01 
-175.5, 121.5, 4.93392E-01 
-166.5, 121.5, 5.36264E-01 
-157.5, 121.5, 5.95027E-01 
-148.5, 121.5, 6.19268E-01 
-139.5, 121.5, 3.27994E-01 
-130.5, 121.5, 2.14080E-01 
-121.5, 121.5, 1.65223E-01 
-112.5, 121.5, 1.67127E-01 
-103.5, 121.5, 1.84845E-01 
-94.5, 121.5, 2.31818E-01 
-85.5, 121.5, 2.79269E-01 
-76.5, 121.5, 3.15003E-01 
-67.5, 121.5, 3.74192E-01 
-58.5, 121.5, 3.81117E-01 
-49.5, 121.5, 3.27540E-01 
-40.5, 121.5, 2.42938E-01 
-31.5, 121.5, 2.53012E-01 
-22.5, 121.5, 5.00000E-01 
-13.5, 121.5, 6.15385E-01 
-4.5, 121.5, 0.00000E+00 
4.5, 121.5, 0.00000E+00 
13.5, 121.5, 0.00000E+00 
22.5, 121.5, 0.00000E+00 
31.5, 121.5, 1.00000E+00 
40.5, 121.5, 0.00000E+00 
49.5, 121.5, 7.14286E-01 
58.5, 121.5, 7.23404E-01 
67.5, 121.5, 8.90756E-01 
76.5, 121.5, 4.73684E-01 
85.5, 121.5, 1.41414E-01 
94.5, 121.5, 1.94647E-02 
103.5, 121.5, 0.00000E+00 
112.5, 121.5, 0.00000E+00 
121.5, 121.5, 0.00000E+00 
130.5, 121.5, 0.00000E+00 
139.5, 121.5, 0.00000E+00 
148.5, 121.5, 0.00000E+00 
157.5, 121.5, 0.00000E+00 
166.5, 121.5, 5.63380E-02 
175.5, 121.5, 6.42336E-01 
-175.5, 112.5, 5.15385E-01 
-166.5, 112.5, 4.91269E-01 
-157.5, 112.5, 5.07197E-01 
-148.5, 112.5, 5.33189E-01 
-139.5, 112.5, 2.93143E-01 
-130.5, 112.5, 1.78047E-01 
-121.5, 112.5, 1.41494E-01 
-112.5, 112.5, 1.40364E-01 
-103.5, 112.5, 1.74753E-01 
-94.5, 112.5, 2.11207E-01 
-85.5, 112.5, 2.64141E-01 
-76.5, 112.5, 3.01038E-01 
-67.5, 112.5, 3.39373E-01 
-58.5, 112.5, 3.57610E-01 
-49.5, 112.5, 3.83881E-01 
-40.5, 112.5, 2.87179E-01 
-31.5, 112.5, 3.05936E-01 
-22.5, 112.5, 2.80000E-01 
-13.5, 112.5, 3.33333E-01 
-4.5, 112.5, 0.00000E+00 
4.5, 112.5, 6.66667E-01 
13.5, 112.5, 6.66667E-01 
22.5, 112.5, 5.00000E-01 
31.5, 112.5, 0.00000E+00 
40.5, 112.5, 5.00000E-01 
49.5, 112.5, 5.00000E-01 
58.5, 112.5, 5.26316E-01 
67.5, 112.5, 5.03546E-01 
76.5, 112.5, 4.52229E-01 
85.5, 112.5, 1.90283E-01 
94.5, 112.5, 0.00000E+00 
103.5, 112.5, 1.11732E-02 
112.5, 112.5, 0.00000E+00 
121.5, 112.5, 0.00000E+00 
130.5, 112.5, 0.00000E+00 
139.5, 112.5, 0.00000E+00 
148.5, 112.5, 0.00000E+00 
157.5, 112.5, 0.00000E+00 
166.5, 112.5, 8.33333E-02 
175.5, 112.5, 2.63158E-01 
-175.5, 103.5, 5.26316E-01 
-166.5, 103.5, 4.55556E-01 
-157.5, 103.5, 4.33234E-01 
-148.5, 103.5, 4.61064E-01 
-139.5, 103.5, 2.88515E-01 
-130.5, 103.5, 1.84393E-01 
-121.5, 103.5, 1.42530E-01 
-112.5, 103.5, 1.27204E-01 
-103.5, 103.5, 1.70496E-01 
-94.5, 103.5, 2.21190E-01 
-85.5, 103.5, 2.99777E-01 
-76.5, 103.5, 3.54839E-01 
-67.5, 103.5, 3.71924E-01 
-58.5, 103.5, 3.88532E-01 
-49.5, 103.5, 2.87818E-01 
-40.5, 103.5, 3.97849E-01 
-31.5, 103.5, 1.91011E-01 
-22.5, 103.5, 3.80952E-01 
-13.5, 103.5, 6.25000E-01 
-4.5, 103.5, 5.71429E-01 
4.5, 103.5, 6.66667E-01 
13.5, 103.5, 4.28571E-01 
22.5, 103.5, 4.00000E-01 
31.5, 103.5, 1.25000E-01 
40.5, 103.5, 2.30769E-01 
49.5, 103.5, 5.90909E-01 
58.5, 103.5, 5.00000E-01 
67.5, 103.5, 5.07937E-01 
76.5, 103.5, 3.20856E-01 
85.5, 103.5, 1.51515E-01 
94.5, 103.5, 5.03145E-02 
103.5, 103.5, 3.60360E-02 
112.5, 103.5, 0.00000E+00 
121.5, 103.5, 0.00000E+00 
130.5, 103.5, 0.00000E+00 
139.5, 103.5, 0.00000E+00 
148.5, 103.5, 0.00000E+00 
157.5, 103.5, 0.00000E+00 
166.5, 103.5, 0.00000E+00 
175.5, 103.5, 8.33333E-01 
-175.5, 94.5, 1.75676E-01 
-166.5, 94.5, 4.18367E-01 
-157.5, 94.5, 4.11765E-01 
-148.5, 94.5, 4.43815E-01 
-139.5, 94.5, 3.62798E-01 
-130.5, 94.5, 2.02557E-01 
-121.5, 94.5, 1.74704E-01 
-112.5, 94.5, 2.18437E-01 
-103.5, 94.5, 2.18905E-01 
-94.5, 94.5, 3.11087E-01 
-85.5, 94.5, 3.70004E-01 
-76.5, 94.5, 4.12152E-01 
-67.5, 94.5, 3.94203E-01 
-58.5, 94.5, 3.77451E-01 
-49.5, 94.5, 3.35766E-01 
-40.5, 94.5, 3.41463E-01 
-31.5, 94.5, 2.35294E-01 
-22.5, 94.5, 3.33333E-01 
-13.5, 94.5, 1.00000E+00 
-4.5, 94.5, 7.50000E-01 
4.5, 94.5, 5.00000E-01 
13.5, 94.5, 6.92308E-01 
22.5, 94.5, 5.14286E-01 
31.5, 94.5, 3.25581E-01 
40.5, 94.5, 7.58621E-01 
49.5, 94.5, 4.90196E-01 
58.5, 94.5, 4.49153E-01 
67.5, 94.5, 3.94737E-01 
76.5, 94.5, 3.10345E-01 
85.5, 94.5, 1.80328E-01 
94.5, 94.5, 3.77358E-02 
103.5, 94.5, 2.10526E-02 
112.5, 94.5, 0.00000E+00 
121.5, 94.5, 0.00000E+00 
130.5, 94.5, 0.00000E+00 
139.5, 94.5, 0.00000E+00 
148.5, 94.5, 0.00000E+00 
157.5, 94.5, 0.00000E+00 
166.5, 94.5, 1.14286E-01 
175.5, 94.5, 3.78378E-01 
-175.5, 85.5, 2.63889E-01 
-166.5, 85.5, 3.82353E-01 
-157.5, 85.5, 3.76316E-01 
-148.5, 85.5, 3.34029E-01 
-139.5, 85.5, 3.86740E-01 
-130.5, 85.5, 3.10345E-01 
-121.5, 85.5, 3.02583E-01 
-112.5, 85.5, 2.54725E-01 
-103.5, 85.5, 2.72601E-01 
-94.5, 85.5, 2.79602E-01 
-85.5, 85.5, 2.83934E-01 
-76.5, 85.5, 2.95544E-01 
-67.5, 85.5, 3.05435E-01 
-58.5, 85.5, 3.18681E-01 
-49.5, 85.5, 3.20755E-01 
-40.5, 85.5, 1.81818E-01 
-31.5, 85.5, 0.00000E+00 
-22.5, 85.5, 2.50000E-01 
-13.5, 85.5, 1.00000E+00 
-4.5, 85.5, 2.50000E-01 
4.5, 85.5, 3.75000E-01 
13.5, 85.5, 1.00000E+00 
22.5, 85.5, 4.47761E-01 
31.5, 85.5, 7.90123E-01 
40.5, 85.5, 8.51351E-01 
49.5, 85.5, 3.87640E-01 
58.5, 85.5, 3.53251E-01 
67.5, 85.5, 3.43537E-01 
76.5, 85.5, 3.68421E-01 
85.5, 85.5, 3.75000E-01 
94.5, 85.5, 3.27869E-02 
103.5, 85.5, 0.00000E+00 
112.5, 85.5, 0.00000E+00 
121.5, 85.5, 0.00000E+00 
130.5, 85.5, 0.00000E+00 
139.5, 85.5, 0.00000E+00 
148.5, 85.5, 0.00000E+00 
157.5, 85.5, 0.00000E+00 
166.5, 85.5, 0.00000E+00 
175.5, 85.5, 0.00000E+00 
-175.5, 76.5, 8.86076E-02 
-166.5, 76.5, 1.78571E-01 
-157.5, 76.5, 2.46628E-01 
-148.5, 76.5, 3.15346E-01 
-139.5, 76.5, 3.62847E-01 
-130.5, 76.5, 3.48281E-01 
-121.5, 76.5, 2.66017E-01 
-112.5, 76.5, 2.61128E-01 
-103.5, 76.5, 2.38281E-01 
-94.5, 76.5, 2.13274E-01 
-85.5, 76.5, 2.67131E-01 
-76.5, 76.5, 2.84639E-01 
-67.5, 76.5, 2.77992E-01 
-58.5, 76.5, 3.27957E-01 
-49.5, 76.5, 2.08333E-01 
-40.5, 76.5, 0.00000E+00 
-31.5, 76.5, 0.00000E+00 
-22.5, 76.5, 0.00000E+00 
-13.5, 76.5, 1.00000E+00 
-4.5, 76.5, 1.00000E+00 
4.5, 76.5, 8.00000E-01 
13.5, 76.5, 1.00000E+00 
22.5, 76.5, 1.00000E+00 
31.5, 76.5, 8.88889E-01 
40.5, 76.5, 5.72650E-01 
49.5, 76.5, 3.73232E-01 
58.5, 76.5, 2.85246E-01 
67.5, 76.5, 2.97830E-01 
76.5, 76.5, 3.45291E-01 
85.5, 76.5, 1.84466E-01 
94.5, 76.5, 1.80180E-02 
103.5, 76.5, 0.00000E+00 
112.5, 76.5, 0.00000E+00 
121.5, 76.5, 0.00000E+00 
130.5, 76.5, 0.00000E+00 
139.5, 76.5, 0.00000E+00 
148.5, 76.5, 0.00000E+00 
157.5, 76.5, 0.00000E+00 
166.5, 76.5, 0.00000E+00 
175.5, 76.5, 0.00000E+00 
-175.5, 67.5, 3.22581E-02 
-166.5, 67.5, 1.93050E-01 
-157.5, 67.5, 1.91120E-01 
-148.5, 67.5, 3.05164E-01 
-139.5, 67.5, 3.48228E-01 
-130.5, 67.5, 3.57759E-01 
-121.5, 67.5, 3.03502E-01 
-112.5, 67.5, 2.32000E-01 
-103.5, 67.5, 2.36811E-01 
-94.5, 67.5, 2.11596E-01 
-85.5, 67.5, 2.75676E-01 
-76.5, 67.5, 2.88528E-01 
-67.5, 67.5, 2.58462E-01 
-58.5, 67.5, 1.80328E-01 
-49.5, 67.5, 0.00000E+00 
-40.5, 67.5, 0.00000E+00 
-31.5, 67.5, 0.00000E+00 
-22.5, 67.5, 0.00000E+00 
-13.5, 67.5, 0.00000E+00 
-4.5, 67.5, 0.00000E+00 
4.5, 67.5, 5.00000E-01 
13.5, 67.5, 6.92308E-01 
22.5, 67.5, 1.00000E+00 
31.5, 67.5, 7.48634E-01 
40.5, 67.5, 4.83495E-01 
49.5, 67.5, 3.05767E-01 
58.5, 67.5, 2.09643E-01 
67.5, 67.5, 2.11584E-01 
76.5, 67.5, 2.72727E-01 
85.5, 67.5, 6.25000E-02 
94.5, 67.5, 1.07527E-02 
103.5, 67.5, 0.00000E+00 
112.5, 67.5, 0.00000E+00 
121.5, 67.5, 0.00000E+00 
130.5, 67.5, 0.00000E+00 
139.5, 67.5, 0.00000E+00 
148.5, 67.5, 0.00000E+00 
157.5, 67.5, 0.00000E+00 
166.5, 67.5, 0.00000E+00 
175.5, 67.5, 6.25000E-02 
-175.5, 58.5, 7.40741E-02 
-166.5, 58.5, 1.08787E-01 
-157.5, 58.5, 1.80556E-01 
-148.5, 58.5, 2.38439E-01 
-139.5, 58.5, 3.36066E-01 
-130.5, 58.5, 3.04038E-01 
-121.5, 58.5, 2.40166E-01 
-112.5, 58.5, 2.33056E-01 
-103.5, 58.5, 2.06256E-01 
-94.5, 58.5, 2.43186E-01 
-85.5, 58.5, 2.75789E-01 
-76.5, 58.5, 3.16347E-01 
-67.5, 58.5, 2.76952E-01 
-58.5, 58.5, 2.34694E-01 
-49.5, 58.5, 2.50000E-01 
-40.5, 58.5, 0.00000E+00 
-31.5, 58.5, 0.00000E+00 
-22.5, 58.5, 0.00000E+00 
-13.5, 58.5, 0.00000E+00 
-4.5, 58.5, 0.00000E+00 
4.5, 58.5, 0.00000E+00 
13.5, 58.5, 1.00000E+00 
22.5, 58.5, 8.10811E-01 
31.5, 58.5, 9.06158E-01 
40.5, 58.5, 4.32753E-01 
49.5, 58.5, 2.64072E-01 
58.5, 58.5, 2.37332E-01 
67.5, 58.5, 2.14063E-01 
76.5, 58.5, 1.42285E-01 
85.5, 58.5, 3.89610E-02 
94.5, 58.5, 0.00000E+00 
103.5, 58.5, 0.00000E+00 
112.5, 58.5, 0.00000E+00 
121.5, 58.5, 0.00000E+00 
130.5, 58.5, 0.00000E+00 
139.5, 58.5, 0.00000E+00 
148.5, 58.5, 0.00000E+00 
157.5, 58.5, 0.00000E+00 
166.5, 58.5, 0.00000E+00 
175.5, 58.5, 0.00000E+00 
-175.5, 49.5, 0.00000E+00 
-166.5, 49.5, 6.62651E-02 
-157.5, 49.5, 1.63772E-01 
-148.5, 49.5, 2.26290E-01 
-139.5, 49.5, 2.98144E-01 
-130.5, 49.5, 3.16162E-01 
-121.5, 49.5, 2.36931E-01 
-112.5, 49.5, 2.27941E-01 
-103.5, 49.5, 2.00000E-01 
-94.5, 49.5, 2.04590E-01 
-85.5, 49.5, 2.45659E-01 
-76.5, 49.5, 2.61076E-01 
-67.5, 49.5, 3.28225E-01 
-58.5, 49.5, 1.81102E-01 
-49.5, 49.5, 2.00000E-01 
-40.5, 49.5, 0.00000E+00 
-31.5, 49.5, 0.00000E+00 
-22.5, 49.5, 0.00000E+00 
-13.5, 49.5, 0.00000E+00 
-4.5, 49.5, 0.00000E+00 
4.5, 49.5, 0.00000E+00 
13.5, 49.5, 5.00000E-01 
22.5, 49.5, 7.77778E-01 
31.5, 49.5, 6.18677E-01 
40.5, 49.5, 4.36556E-01 
49.5, 49.5, 3.05986E-01 
58.5, 49.5, 2.37470E-01 
67.5, 49.5, 2.18206E-01 
76.5, 49.5, 8.10811E-02 
85.5, 49.5, 1.89618E-02 
94.5, 49.5, 3.10421E-03 
103.5, 49.5, 1.17786E-03 
112.5, 49.5, 0.00000E+00 
121.5, 49.5, 0.00000E+00 
130.5, 49.5, 0.00000E+00 
139.5, 49.5, 0.00000E+00 
148.5, 49.5, 0.00000E+00 
157.5, 49.5, 0.00000E+00 
166.5, 49.5, 0.00000E+00 
175.5, 49.5, 0.00000E+00 
-175.5, 40.5, 0.00000E+00 
-166.5, 40.5, 3.96040E-02 
-157.5, 40.5, 1.54882E-01 
-148.5, 40.5, 2.01515E-01 
-139.5, 40.5, 2.84247E-01 
-130.5, 40.5, 2.73074E-01 
-121.5, 40.5, 2.35977E-01 
-112.5, 40.5, 1.92176E-01 
-103.5, 40.5, 1.73884E-01 
-94.5, 40.5, 2.04461E-01 
-85.5, 40.5, 2.64820E-01 
-76.5, 40.5, 3.10606E-01 
-67.5, 40.5, 3.21854E-01 
-58.5, 40.5, 1.33858E-01 
-49.5, 40.5, 9.09091E-02 
-40.5, 40.5, 0.00000E+00 
-31.5, 40.5, 0.00000E+00 
-22.5, 40.5, 0.00000E+00 
-13.5, 40.5, 0.00000E+00 
-4.5, 40.5, 0.00000E+00 
4.5, 40.5, 0.00000E+00 
13.5, 40.5, 0.00000E+00 
22.5, 40.5, 1.00000E+00 
31.5, 40.5, 4.10526E-01 
40.5, 40.5, 4.61629E-01 
49.5, 40.5, 2.79830E-01 
58.5, 40.5, 2.52961E-01 
67.5, 40.5, 1.65870E-01 
76.5, 40.5, 5.73266E-02 
85.5, 40.5, 1.56304E-02 
94.5, 40.5, 2.07900E-03 
103.5, 40.5, 0.00000E+00 
112.5, 40.5, 0.00000E+00 
121.5, 40.5, 0.00000E+00 
130.5, 40.5, 0.00000E+00 
139.5, 40.5, 0.00000E+00 
148.5, 40.5, 0.00000E+00 
157.5, 40.5, 0.00000E+00 
166.5, 40.5, 0.00000E+00 
175.5, 40.5, 0.00000E+00 
-175.5, 31.5, 0.00000E+00 
-166.5, 31.5, 1.22807E-01 
-157.5, 31.5, 1.51515E-01 
-148.5, 31.5, 1.97802E-01 
-139.5, 31.5, 2.82675E-01 
-130.5, 31.5, 3.29142E-01 
-121.5, 31.5, 2.63452E-01 
-112.5, 31.5, 2.22777E-01 
-103.5, 31.5, 1.88601E-01 
-94.5, 31.5, 2.12375E-01 
-85.5, 31.5, 2.70892E-01 
-76.5, 31.5, 2.91806E-01 
-67.5, 31.5, 3.25269E-01 
-58.5, 31.5, 1.71598E-01 
-49.5, 31.5, 4.76190E-02 
-40.5, 31.5, 0.00000E+00 
-31.5, 31.5, 0.00000E+00 
-22.5, 31.5, 0.00000E+00 
-13.5, 31.5, 0.00000E+00 
-4.5, 31.5, 0.00000E+00 
4.5, 31.5, 0.00000E+00 
13.5, 31.5, 0.00000E+00 
22.5, 31.5, 0.00000E+00 
31.5, 31.5, 8.88889E-01 
40.5, 31.5, 3.77644E-01 
49.5, 31.5, 3.04636E-01 
58.5, 31.5, 2.14286E-01 
67.5, 31.5, 1.27203E-01 
76.5, 31.5, 4.85151E-02 
85.5, 31.5, 1.07631E-02 
94.5, 31.5, 3.52113E-04 
103.5, 31.5, 6.30915E-04 
112.5, 31.5, 0.00000E+00 
121.5, 31.5, 0.00000E+00 
130.5, 31.5, 0.00000E+00 
139.5, 31.5, 0.00000E+00 
148.5, 31.5, 0.00000E+00 
157.5, 31.5, 0.00000E+00 
166.5, 31.5, 0.00000E+00 
175.5, 31.5, 0.00000E+00 
-175.5, 22.5, 0.00000E+00 
-166.5, 22.5, 1.25000E-01 
-157.5, 22.5, 1.94175E-01 
-148.5, 22.5, 2.57874E-01 
-139.5, 22.5, 3.05476E-01 
-130.5, 22.5, 3.39227E-01 
-121.5, 22.5, 3.03707E-01 
-112.5, 22.5, 2.52595E-01 
-103.5, 22.5, 2.41353E-01 
-94.5, 22.5, 2.54355E-01 
-85.5, 22.5, 3.11121E-01 
-76.5, 22.5, 4.01603E-01 
-67.5, 22.5, 3.34036E-01 
-58.5, 22.5, 2.35955E-01 
-49.5, 22.5, 5.00000E-02 
-40.5, 22.5, 0.00000E+00 
-31.5, 22.5, 0.00000E+00 
-22.5, 22.5, 0.00000E+00 
-13.5, 22.5, 0.00000E+00 
-4.5, 22.5, 0.00000E+00 
4.5, 22.5, 0.00000E+00 
13.5, 22.5, 0.00000E+00 
22.5, 22.5, 0.00000E+00 
31.5, 22.5, 5.00000E-01 
40.5, 22.5, 2.72727E-01 
49.5, 22.5, 2.65655E-01 
58.5, 22.5, 2.12637E-01 
67.5, 22.5, 1.10754E-01 
76.5, 22.5, 4.56432E-02 
85.5, 22.5, 1.20661E-02 
94.5, 22.5, 1.33369E-03 
103.5, 22.5, 0.00000E+00 
112.5, 22.5, 0.00000E+00 
121.5, 22.5, 0.00000E+00 
130.5, 22.5, 0.00000E+00 
139.5, 22.5, 0.00000E+00 
148.5, 22.5, 0.00000E+00 
157.5, 22.5, 0.00000E+00 
166.5, 22.5, 0.00000E+00 
175.5, 22.5, 0.00000E+00 
-175.5, 13.5, 2.22222E-01 
-166.5, 13.5, 2.94118E-01 
-157.5, 13.5, 3.45133E-01 
-148.5, 13.5, 3.31551E-01 
-139.5, 13.5, 4.24242E-01 
-130.5, 13.5, 4.72202E-01 
-121.5, 13.5, 4.05347E-01 
-112.5, 13.5, 3.56781E-01 
-103.5, 13.5, 3.31001E-01 
-94.5, 13.5, 3.80298E-01 
-85.5, 13.5, 4.33025E-01 
-76.5, 13.5, 4.64707E-01 
-67.5, 13.5, 4.15140E-01 
-58.5, 13.5, 4.94071E-01 
-49.5, 13.5, 2.00000E-01 
-40.5, 13.5, 0.00000E+00 
-31.5, 13.5, 0.00000E+00 
-22.5, 13.5, 0.00000E+00 
-13.5, 13.5, 0.00000E+00 
-4.5, 13.5, 0.00000E+00 
4.5, 13.5, 0.00000E+00 
13.5, 13.5, 0.00000E+00 
22.5, 13.5, 0.00000E+00 
31.5, 13.5, 5.00000E-01 
40.5, 13.5, 2.38095E-01 
49.5, 13.5, 3.55263E-01 
58.5, 13.5, 2.44388E-01 
67.5, 13.5, 1.05647E-01 
76.5, 13.5, 3.66040E-02 
85.5, 13.5, 1.25537E-02 
94.5, 13.5, 2.33645E-03 
103.5, 13.5, 0.00000E+00 
112.5, 13.5, 0.00000E+00 
121.5, 13.5, 0.00000E+00 
130.5, 13.5, 0.00000E+00 
139.5, 13.5, 0.00000E+00 
148.5, 13.5, 0.00000E+00 
157.5, 13.5, 0.00000E+00 
166.5, 13.5, 0.00000E+00 
175.5, 13.5, 0.00000E+00 
-175.5, 4.5, 4.00000E-01 
-166.5, 4.5, 2.35294E-01 
-157.5, 4.5, 3.78378E-01 
-148.5, 4.5, 4.98099E-01 
-139.5, 4.5, 6.26894E-01 
-130.5, 4.5, 7.26108E-01 
-121.5, 4.5, 6.16986E-01 
-112.5, 4.5, 5.00174E-01 
-103.5, 4.5, 4.81720E-01 
-94.5, 4.5, 5.00574E-01 
-85.5, 4.5, 5.48468E-01 
-76.5, 4.5, 6.52905E-01 
-67.5, 4.5, 6.12403E-01 
-58.5, 4.5, 6.03738E-01 
-49.5, 4.5, 1.55556E-01 
-40.5, 4.5, 0.00000E+00 
-31.5, 4.5, 0.00000E+00 
-22.5, 4.5, 0.00000E+00 
-13.5, 4.5, 0.00000E+00 
-4.5, 4.5, 0.00000E+00 
4.5, 4.5, 0.00000E+00 
13.5, 4.5, 0.00000E+00 
22.5, 4.5, 0.00000E+00 
31.5, 4.5, 0.00000E+00 
40.5, 4.5, 2.22222E-01 
49.5, 4.5, 3.57798E-01 
58.5, 4.5, 2.43624E-01 
67.5, 4.5, 1.31287E-01 
76.5, 4.5, 4.54449E-02 
85.5, 4.5, 1.15992E-02 
94.5, 4.5, 1.64711E-03 
103.5, 4.5, 1.09890E-03 
112.5, 4.5, 0.00000E+00 
121.5, 4.5, 0.00000E+00 
130.5, 4.5, 0.00000E+00 
139.5, 4.5, 0.00000E+00 
148.5, 4.5, 0.00000E+00 
157.5, 4.5, 0.00000E+00 
166.5, 4.5, 0.00000E+00 
175.5, 4.5, 0.00000E+00 
-175.5, -4.5, 7.50000E-01 
-166.5, -4.5, 5.00000E-01 
-157.5, -4.5, 1.00000E+00 
-148.5, -4.5, 8.10345E-01 
-139.5, -4.5, 8.84013E-01 
-130.5, -4.5, 9.50943E-01 
-121.5, -4.5, 8.58616E-01 
-112.5, -4.5, 7.26724E-01 
-103.5, -4.5, 6.16209E-01 
-94.5, -4.5, 6.59666E-01 
-85.5, -4.5, 7.56690E-01 
-76.5, -4.5, 8.55171E-01 
-67.5, -4.5, 8.35038E-01 
-58.5, -4.5, 7.22076E-01 
-49.5, -4.5, 6.33028E-01 
-40.5, -4.5, 1.11111E-01 
-31.5, -4.5, 0.00000E+00 
-22.5, -4.5, 0.00000E+00 
-13.5, -4.5, 0.00000E+00 
-4.5, -4.5, 0.00000E+00 
4.5, -4.5, 0.00000E+00 
13.5, -4.5, 0.00000E+00 
22.5, -4.5, 0.00000E+00 
31.5, -4.5, 0.00000E+00 
40.5, -4.5, 0.00000E+00 
49.5, -4.5, 5.11111E-01 
58.5, -4.5, 2.03738E-01 
67.5, -4.5, 1.25877E-01 
76.5, -4.5, 4.90917E-02 
85.5, -4.5, 1.33939E-02 
94.5, -4.5, 2.52583E-03 
103.5, -4.5, 0.00000E+00 
112.5, -4.5, 0.00000E+00 
121.5, -4.5, 0.00000E+00 
130.5, -4.5, 0.00000E+00 
139.5, -4.5, 0.00000E+00 
148.5, -4.5, 0.00000E+00 
157.5, -4.5, 0.00000E+00 
166.5, -4.5, 0.00000E+00 
175.5, -4.5, 0.00000E+00 
-175.5, -13.5, 5.00000E-01 
-166.5, -13.5, 1.00000E+00 
-157.5, -13.5, 1.00000E+00 
-148.5, -13.5, 1.00000E+00 
-139.5, -13.5, 1.00000E+00 
-130.5, -13.5, 1.00000E+00 
-121.5, -13.5, 9.35989E-01 
-112.5, -13.5, 9.96248E-01 
-103.5, -13.5, 7.88839E-01 
-94.5, -13.5, 7.57647E-01 
-85.5, -13.5, 8.48176E-01 
-76.5, -13.5, 1.00000E+00 
-67.5, -13.5, 9.92434E-01 
-58.5, -13.5, 8.52605E-01 
-49.5, -13.5, 6.77632E-01 
-40.5, -13.5, 9.52381E-02 
-31.5, -13.5, 0.00000E+00 
-22.5, -13.5, 0.00000E+00 
-13.5, -13.5, 0.00000E+00 
-4.5, -13.5, 0.00000E+00 
4.5, -13.5, 0.00000E+00 
13.5, -13.5, 0.00000E+00 
22.5, -13.5, 0.00000E+00 
31.5, -13.5, 0.00000E+00 
40.5, -13.5, 3.33333E-01 
49.5, -13.5, 1.00000E+00 
58.5, -13.5, 4.54545E-01 
67.5, -13.5, 1.57509E-01 
76.5, -13.5, 6.14310E-02 
85.5, -13.5, 9.25475E-03 
94.5, -13.5, 7.38443E-04 
103.5, -13.5, 0.00000E+00 
112.5, -13.5, 0.00000E+00 
121.5, -13.5, 0.00000E+00 
130.5, -13.5, 0.00000E+00 
139.5, -13.5, 0.00000E+00 
148.5, -13.5, 0.00000E+00 
157.5, -13.5, 0.00000E+00 
166.5, -13.5, 0.00000E+00 
175.5, -13.5, 0.00000E+00 
-175.5, -22.5, 5.45455E-01 
-166.5, -22.5, 1.00000E+00 
-157.5, -22.5, 1.00000E+00 
-148.5, -22.5, 1.00000E+00 
-139.5, -22.5, 1.00000E+00 
-130.5, -22.5, 9.78780E-01 
-121.5, -22.5, 8.25537E-01 
-112.5, -22.5, 9.52867E-01 
-103.5, -22.5, 8.02115E-01 
-94.5, -22.5, 7.69272E-01 
-85.5, -22.5, 8.27177E-01 
-76.5, -22.5, 9.60830E-01 
-67.5, -22.5, 9.55484E-01 
-58.5, -22.5, 8.18226E-01 
-49.5, -22.5, 4.32638E-01 
-40.5, -22.5, 2.95455E-01 
-31.5, -22.5, 5.00000E-01 
-22.5, -22.5, 0.00000E+00 
-13.5, -22.5, 0.00000E+00 
-4.5, -22.5, 0.00000E+00 
4.5, -22.5, 0.00000E+00 
13.5, -22.5, 0.00000E+00 
22.5, -22.5, 0.00000E+00 
31.5, -22.5, 0.00000E+00 
40.5, -22.5, 2.50000E-01 
49.5, -22.5, 2.00000E-01 
58.5, -22.5, 3.93258E-01 
67.5, -22.5, 2.09694E-01 
76.5, -22.5, 7.28863E-02 
85.5, -22.5, 9.00495E-03 
94.5, -22.5, 7.74293E-04 
103.5, -22.5, 0.00000E+00 
112.5, -22.5, 0.00000E+00 
121.5, -22.5, 0.00000E+00 
130.5, -22.5, 0.00000E+00 
139.5, -22.5, 0.00000E+00 
148.5, -22.5, 0.00000E+00 
157.5, -22.5, 0.00000E+00 
166.5, -22.5, 0.00000E+00 
175.5, -22.5, 0.00000E+00 
-175.5, -31.5, 1.42857E-01 
-166.5, -31.5, 6.66667E-01 
-157.5, -31.5, 1.00000E+00 
-148.5, -31.5, 1.00000E+00 
-139.5, -31.5, 8.42466E-01 
-130.5, -31.5, 8.17109E-01 
-121.5, -31.5, 7.35400E-01 
-112.5, -31.5, 6.92557E-01 
-103.5, -31.5, 7.41956E-01 
-94.5, -31.5, 6.72183E-01 
-85.5, -31.5, 7.48700E-01 
-76.5, -31.5, 8.27698E-01 
-67.5, -31.5, 7.81482E-01 
-58.5, -31.5, 6.23407E-01 
-49.5, -31.5, 3.85052E-01 
-40.5, -31.5, 1.96375E-01 
-31.5, -31.5, 1.11111E-01 
-22.5, -31.5, 0.00000E+00 
-13.5, -31.5, 0.00000E+00 
-4.5, -31.5, 0.00000E+00 
4.5, -31.5, 0.00000E+00 
13.5, -31.5, 0.00000E+00 
22.5, -31.5, 0.00000E+00 
31.5, -31.5, 0.00000E+00 
40.5, -31.5, 0.00000E+00 
49.5, -31.5, 1.00000E+00 
58.5, -31.5, 3.60947E-01 
67.5, -31.5, 3.30645E-01 
76.5, -31.5, 6.18729E-02 
85.5, -31.5, 1.57039E-02 
94.5, -31.5, 2.09754E-03 
103.5, -31.5, 0.00000E+00 
112.5, -31.5, 0.00000E+00 
121.5, -31.5, 0.00000E+00 
130.5, -31.5, 0.00000E+00 
139.5, -31.5, 0.00000E+00 
148.5, -31.5, 0.00000E+00 
157.5, -31.5, 0.00000E+00 
166.5, -31.5, 0.00000E+00 
175.5, -31.5, 0.00000E+00 
-175.5, -40.5, 2.22222E-01 
-166.5, -40.5, 7.50000E-01 
-157.5, -40.5, 6.78571E-01 
-148.5, -40.5, 1.00000E+00 
-139.5, -40.5, 6.69118E-01 
-130.5, -40.5, 5.88957E-01 
-121.5, -40.5, 4.04834E-01 
-112.5, -40.5, 4.75836E-01 
-103.5, -40.5, 5.70238E-01 
-94.5, -40.5, 5.53015E-01 
-85.5, -40.5, 5.96735E-01 
-76.5, -40.5, 6.47011E-01 
-67.5, -40.5, 6.55328E-01 
-58.5, -40.5, 4.62599E-01 
-49.5, -40.5, 2.18708E-01 
-40.5, -40.5, 1.49941E-01 
-31.5, -40.5, 9.47368E-02 
-22.5, -40.5, 3.33333E-01 
-13.5, -40.5, 0.00000E+00 
-4.5, -40.5, 0.00000E+00 
4.5, -40.5, 0.00000E+00 
13.5, -40.5, 0.00000E+00 
22.5, -40.5, 0.00000E+00 
31.5, -40.5, 0.00000E+00 
40.5, -40.5, 0.00000E+00 
49.5, -40.5, 2.72727E-01 
58.5, -40.5, 4.33071E-01 
67.5, -40.5, 2.39735E-01 
76.5, -40.5, 7.49158E-02 
85.5, -40.5, 1.66205E-02 
94.5, -40.5, 3.09789E-03 
103.5, -40.5, 0.00000E+00 
112.5, -40.5, 0.00000E+00 
121.5, -40.5, 0.00000E+00 
130.5, -40.5, 0.00000E+00 
139.5, -40.5, 0.00000E+00 
148.5, -40.5, 0.00000E+00 
157.5, -40.5, 0.00000E+00 
166.5, -40.5, 0.00000E+00 
175.5, -40.5, 1.00000E-01 
-175.5, -49.5, 3.33333E-01 
-166.5, -49.5, 8.42105E-01 
-157.5, -49.5, 8.25000E-01 
-148.5, -49.5, 8.36066E-01 
-139.5, -49.5, 7.04762E-01 
-130.5, -49.5, 4.86692E-01 
-121.5, -49.5, 4.19700E-01 
-112.5, -49.5, 3.34021E-01 
-103.5, -49.5, 4.18139E-01 
-94.5, -49.5, 4.66075E-01 
-85.5, -49.5, 5.22537E-01 
-76.5, -49.5, 6.06029E-01 
-67.5, -49.5, 6.14458E-01 
-58.5, -49.5, 2.60069E-01 
-49.5, -49.5, 1.40867E-01 
-40.5, -49.5, 7.55287E-02 
-31.5, -49.5, 5.83658E-02 
-22.5, -49.5, 1.11111E-01 
-13.5, -49.5, 1.00000E+00 
-4.5, -49.5, 0.00000E+00 
4.5, -49.5, 0.00000E+00 
13.5, -49.5, 0.00000E+00 
22.5, -49.5, 0.00000E+00 
31.5, -49.5, 0.00000E+00 
40.5, -49.5, 0.00000E+00 
49.5, -49.5, 5.00000E-01 
58.5, -49.5, 7.00787E-01 
67.5, -49.5, 2.10728E-01 
76.5, -49.5, 6.40823E-02 
85.5, -49.5, 9.19305E-03 
94.5, -49.5, 1.31148E-03 
103.5, -49.5, 0.00000E+00 
112.5, -49.5, 0.00000E+00 
121.5, -49.5, 0.00000E+00 
130.5, -49.5, 0.00000E+00 
139.5, -49.5, 0.00000E+00 
148.5, -49.5, 0.00000E+00 
157.5, -49.5, 0.00000E+00 
166.5, -49.5, 0.00000E+00 
175.5, -49.5, 1.07143E-01 
-175.5, -58.5, 2.77778E-01 
-166.5, -58.5, 7.24138E-01 
-157.5, -58.5, 5.40000E-01 
-148.5, -58.5, 6.95652E-01 
-139.5, -58.5, 7.46114E-01 
-130.5, -58.5, 5.58824E-01 
-121.5, -58.5, 3.65591E-01 
-112.5, -58.5, 4.09412E-01 
-103.5, -58.5, 4.54650E-01 
-94.5, -58.5, 3.67314E-01 
-85.5, -58.5, 4.97835E-01 
-76.5, -58.5, 5.41750E-01 
-67.5, -58.5, 2.91406E-01 
-58.5, -58.5, 9.66908E-02 
-49.5, -58.5, 4.14924E-02 
-40.5, -58.5, 3.97213E-02 
-31.5, -58.5, 6.74487E-02 
-22.5, -58.5, 0.00000E+00 
-13.5, -58.5, 0.00000E+00 
-4.5, -58.5, 0.00000E+00 
4.5, -58.5, 0.00000E+00 
13.5, -58.5, 0.00000E+00 
22.5, -58.5, 0.00000E+00 
31.5, -58.5, 0.00000E+00 
40.5, -58.5, 0.00000E+00 
49.5, -58.5, 5.00000E-01 
58.5, -58.5, 2.24490E-01 
67.5, -58.5, 1.26394E-01 
76.5, -58.5, 4.30179E-02 
85.5, -58.5, 7.36842E-03 
94.5, -58.5, 4.60177E-03 
103.5, -58.5, 9.77517E-04 
112.5, -58.5, 0.00000E+00 
121.5, -58.5, 0.00000E+00 
130.5, -58.5, 0.00000E+00 
139.5, -58.5, 0.00000E+00 
148.5, -58.5, 0.00000E+00 
157.5, -58.5, 0.00000E+00 
166.5, -58.5, 0.00000E+00 
175.5, -58.5, 1.85185E-02 
-175.5, -67.5, 6.25000E-02 
-166.5, -67.5, 7.27273E-01 
-157.5, -67.5, 6.66667E-01 
-148.5, -67.5, 5.37313E-01 
-139.5, -67.5, 7.39726E-01 
-130.5, -67.5, 6.35514E-01 
-121.5, -67.5, 5.59441E-01 
-112.5, -67.5, 4.25414E-01 
-103.5, -67.5, 4.48649E-01 
-94.5, -67.5, 2.68817E-01 
-85.5, -67.5, 4.63235E-01 
-76.5, -67.5, 3.51906E-01 
-67.5, -67.5, 4.13712E-02 
-58.5, -67.5, 3.87430E-03 
-49.5, -67.5, 6.52884E-03 
-40.5, -67.5, 1.94175E-03 
-31.5, -67.5, 0.00000E+00 
-22.5, -67.5, 3.12500E-02 
-13.5, -67.5, 2.30769E-01 
-4.5, -67.5, 0.00000E+00 
4.5, -67.5, 0.00000E+00 
13.5, -67.5, 0.00000E+00 
22.5, -67.5, 0.00000E+00 
31.5, -67.5, 0.00000E+00 
40.5, -67.5, 0.00000E+00 
49.5, -67.5, 3.00000E-01 
58.5, -67.5, 1.22951E-01 
67.5, -67.5, 6.46154E-02 
76.5, -67.5, 2.72306E-02 
85.5, -67.5, 8.10811E-03 
94.5, -67.5, 2.25904E-03 
103.5, -67.5, 0.00000E+00 
112.5, -67.5, 0.00000E+00 
121.5, -67.5, 0.00000E+00 
130.5, -67.5, 0.00000E+00 
139.5, -67.5, 0.00000E+00 
148.5, -67.5, 0.00000E+00 
157.5, -67.5, 0.00000E+00 
166.5, -67.5, 0.00000E+00 
175.5, -67.5, 0.00000E+00 
-175.5, -76.5, 6.25000E-02 
-166.5, -76.5, 5.33333E-01 
-157.5, -76.5, 6.89655E-01 
-148.5, -76.5, 5.74074E-01 
-139.5, -76.5, 8.62745E-01 
-130.5, -76.5, 8.72727E-01 
-121.5, -76.5, 5.42857E-01 
-112.5, -76.5, 4.28571E-01 
-103.5, -76.5, 3.47368E-01 
-94.5, -76.5, 2.70270E-01 
-85.5, -76.5, 4.56311E-01 
-76.5, -76.5, 8.52018E-02 
-67.5, -76.5, 3.15582E-02 
-58.5, -76.5, 1.47541E-02 
-49.5, -76.5, 7.61697E-03 
-40.5, -76.5, 4.27350E-03 
-31.5, -76.5, 0.00000E+00 
-22.5, -76.5, 0.00000E+00 
-13.5, -76.5, 0.00000E+00 
-4.5, -76.5, 0.00000E+00 
4.5, -76.5, 0.00000E+00 
13.5, -76.5, 0.00000E+00 
22.5, -76.5, 0.00000E+00 
31.5, -76.5, 0.00000E+00 
40.5, -76.5, 0.00000E+00 
49.5, -76.5, 2.08333E-01 
58.5, -76.5, 5.91398E-02 
67.5, -76.5, 2.18790E-02 
76.5, -76.5, 9.40439E-03 
85.5, -76.5, 1.16144E-03 
94.5, -76.5, 8.84956E-04 
103.5, -76.5, 0.00000E+00 
112.5, -76.5, 0.00000E+00 
121.5, -76.5, 0.00000E+00 
130.5, -76.5, 0.00000E+00 
139.5, -76.5, 0.00000E+00 
148.5, -76.5, 0.00000E+00 
157.5, -76.5, 0.00000E+00 
166.5, -76.5, 0.00000E+00 
175.5, -76.5, 0.00000E+00 
-175.5, -85.5, 1.48148E-01 
-166.5, -85.5, 7.58621E-01 
-157.5, -85.5, 7.64706E-01 
-148.5, -85.5, 5.62500E-01 
-139.5, -85.5, 1.00000E+00 
-130.5, -85.5, 7.94872E-01 
-121.5, -85.5, 5.95238E-01 
-112.5, -85.5, 6.86275E-01 
-103.5, -85.5, 3.48485E-01 
-94.5, -85.5, 2.95082E-01 
-85.5, -85.5, 4.10714E-01 
-76.5, -85.5, 8.55263E-02 
-67.5, -85.5, 2.72109E-02 
-58.5, -85.5, 8.78735E-03 
-49.5, -85.5, 0.00000E+00 
-40.5, -85.5, 2.70270E-02 
-31.5, -85.5, 0.00000E+00 
-22.5, -85.5, 2.98507E-02 
-13.5, -85.5, 0.00000E+00 
-4.5, -85.5, 1.25000E-01 
4.5, -85.5, 0.00000E+00 
13.5, -85.5, 0.00000E+00 
22.5, -85.5, 0.00000E+00 
31.5, -85.5, 0.00000E+00 
40.5, -85.5, 4.54545E-02 
49.5, -85.5, 0.00000E+00 
58.5, -85.5, 4.76190E-02 
67.5, -85.5, 1.73913E-02 
76.5, -85.5, 5.24246E-03 
85.5, -85.5, 2.62295E-03 
94.5, -85.5, 0.00000E+00 
103.5, -85.5, 0.00000E+00 
112.5, -85.5, 0.00000E+00 
121.5, -85.5, 0.00000E+00 
130.5, -85.5, 0.00000E+00 
139.5, -85.5, 0.00000E+00 
148.5, -85.5, 0.00000E+00 
157.5, -85.5, 0.00000E+00 
166.5, -85.5, 0.00000E+00 
175.5, -85.5, 0.00000E+00 
-175.5, -94.5, 0.00000E+00 
-166.5, -94.5, 3.42857E-01 
-157.5, -94.5, 6.36364E-01 
-148.5, -94.5, 5.55556E-01 
-139.5, -94.5, 1.00000E+00 
-130.5, -94.5, 1.00000E+00 
-121.5, -94.5, 1.00000E+00 
-112.5, -94.5, 4.72222E-01 
-103.5, -94.5, 4.00000E-01 
-94.5, -94.5, 3.58491E-01 
-85.5, -94.5, 2.62295E-01 
-76.5, -94.5, 9.48276E-02 
-67.5, -94.5, 4.60526E-02 
-58.5, -94.5, 3.38983E-02 
-49.5, -94.5, 0.00000E+00 
-40.5, -94.5, 0.00000E+00 
-31.5, -94.5, 0.00000E+00 
-22.5, -94.5, 5.71429E-02 
-13.5, -94.5, 0.00000E+00 
-4.5, -94.5, 0.00000E+00 
4.5, -94.5, 2.50000E-01 
13.5, -94.5, 2.00000E-01 
22.5, -94.5, 0.00000E+00 
31.5, -94.5, 1.17647E-01 
40.5, -94.5, 9.75610E-02 
49.5, -94.5, 2.91971E-02 
58.5, -94.5, 4.65686E-02 
67.5, -94.5, 1.35266E-02 
76.5, -94.5, 5.12445E-03 
85.5, -94.5, 0.00000E+00 
94.5, -94.5, 0.00000E+00 
103.5, -94.5, 0.00000E+00 
112.5, -94.5, 0.00000E+00 
121.5, -94.5, 0.00000E+00 
130.5, -94.5, 0.00000E+00 
139.5, -94.5, 0.00000E+00 
148.5, -94.5, 0.00000E+00 
157.5, -94.5, 0.00000E+00 
166.5, -94.5, 0.00000E+00 
175.5, -94.5, 1.35135E-02 
-175.5, -103.5, 4.16667E-02 
-166.5, -103.5, 2.30769E-01 
-157.5, -103.5, 8.46154E-01 
-148.5, -103.5, 9.83607E-01 
-139.5, -103.5, 1.00000E+00 
-130.5, -103.5, 1.00000E+00 
-121.5, -103.5, 1.00000E+00 
-112.5, -103.5, 8.08081E-01 
-103.5, -103.5, 6.48649E-01 
-94.5, -103.5, 4.40252E-01 
-85.5, -103.5, 1.75758E-01 
-76.5, -103.5, 1.39037E-01 
-67.5, -103.5, 1.16402E-01 
-58.5, -103.5, 1.61290E-02 
-49.5, -103.5, 0.00000E+00 
-40.5, -103.5, 0.00000E+00 
-31.5, -103.5, 0.00000E+00 
-22.5, -103.5, 0.00000E+00 
-13.5, -103.5, 0.00000E+00 
-4.5, -103.5, 0.00000E+00 
4.5, -103.5, 1.42857E-01 
13.5, -103.5, 1.25000E-01 
22.5, -103.5, 9.52381E-02 
31.5, -103.5, 2.80899E-01 
40.5, -103.5, 1.18280E-01 
49.5, -103.5, 6.02410E-02 
58.5, -103.5, 3.26902E-02 
67.5, -103.5, 1.39821E-02 
76.5, -103.5, 2.65135E-03 
85.5, -103.5, 4.94682E-04 
94.5, -103.5, 6.19579E-04 
103.5, -103.5, 0.00000E+00 
112.5, -103.5, 0.00000E+00 
121.5, -103.5, 0.00000E+00 
130.5, -103.5, 0.00000E+00 
139.5, -103.5, 0.00000E+00 
148.5, -103.5, 0.00000E+00 
157.5, -103.5, 0.00000E+00 
166.5, -103.5, 0.00000E+00 
175.5, -103.5, 0.00000E+00 
-175.5, -112.5, 2.63158E-02 
-166.5, -112.5, 4.72222E-01 
-157.5, -112.5, 5.71429E-01 
-148.5, -112.5, 1.00000E+00 
-139.5, -112.5, 1.00000E+00 
-130.5, -112.5, 1.00000E+00 
-121.5, -112.5, 1.00000E+00 
-112.5, -112.5, 1.00000E+00 
-103.5, -112.5, 5.69832E-01 
-94.5, -112.5, 4.93506E-01 
-85.5, -112.5, 2.95547E-01 
-76.5, -112.5, 2.22930E-01 
-67.5, -112.5, 7.80142E-02 
-58.5, -112.5, 7.89474E-02 
-49.5, -112.5, 1.00000E-01 
-40.5, -112.5, 0.00000E+00 
-31.5, -112.5, 0.00000E+00 
-22.5, -112.5, 0.00000E+00 
-13.5, -112.5, 0.00000E+00 
-4.5, -112.5, 0.00000E+00 
4.5, -112.5, 2.50000E-01 
13.5, -112.5, 2.50000E-01 
22.5, -112.5, 4.00000E-01 
31.5, -112.5, 2.87671E-01 
40.5, -112.5, 1.20513E-01 
49.5, -112.5, 7.84730E-02 
58.5, -112.5, 3.15671E-02 
67.5, -112.5, 1.50774E-02 
76.5, -112.5, 4.10818E-03 
85.5, -112.5, 8.06127E-04 
94.5, -112.5, 0.00000E+00 
103.5, -112.5, 0.00000E+00 
112.5, -112.5, 0.00000E+00 
121.5, -112.5, 0.00000E+00 
130.5, -112.5, 0.00000E+00 
139.5, -112.5, 0.00000E+00 
148.5, -112.5, 0.00000E+00 
157.5, -112.5, 0.00000E+00 
166.5, -112.5, 0.00000E+00 
175.5, -112.5, 0.00000E+00 
-175.5, -121.5, 0.00000E+00 
-166.5, -121.5, 2.95775E-01 
-157.5, -121.5, 6.04938E-01 
-148.5, -121.5, 1.00000E+00 
-139.5, -121.5, 1.00000E+00 
-130.5, -121.5, 1.00000E+00 
-121.5, -121.5, 1.00000E+00 
-112.5, -121.5, 1.00000E+00 
-103.5, -121.5, 7.26115E-01 
-94.5, -121.5, 4.42822E-01 
-85.5, -121.5, 3.78788E-01 
-76.5, -121.5, 4.21053E-01 
-67.5, -121.5, 2.01681E-01 
-58.5, -121.5, 1.27660E-01 
-49.5, -121.5, 0.00000E+00 
-40.5, -121.5, 0.00000E+00 
-31.5, -121.5, 0.00000E+00 
-22.5, -121.5, 0.00000E+00 
-13.5, -121.5, 0.00000E+00 
-4.5, -121.5, 0.00000E+00 
4.5, -121.5, 0.00000E+00 
13.5, -121.5, 3.07692E-01 
22.5, -121.5, 3.92857E-01 
31.5, -121.5, 1.56627E-01 
40.5, -121.5, 1.17514E-01 
49.5, -121.5, 7.48663E-02 
58.5, -121.5, 3.53614E-02 
67.5, -121.5, 1.51060E-02 
76.5, -121.5, 6.38153E-03 
85.5, -121.5, 1.70911E-03 
94.5, -121.5, 0.00000E+00 
103.5, -121.5, 0.00000E+00 
112.5, -121.5, 0.00000E+00 
121.5, -121.5, 0.00000E+00 
130.5, -121.5, 0.00000E+00 
139.5, -121.5, 0.00000E+00 
148.5, -121.5, 0.00000E+00 
157.5, -121.5, 0.00000E+00 
166.5, -121.5, 0.00000E+00 
175.5, -121.5, 0.00000E+00 
-175.5, -130.5, 3.42466E-02 
-166.5, -130.5, 1.83051E-01 
-157.5, -130.5, 4.69799E-01 
-148.5, -130.5, 1.00000E+00 
-139.5, -130.5, 1.00000E+00 
-130.5, -130.5, 1.00000E+00 
-121.5, -130.5, 1.00000E+00 
-112.5, -130.5, 7.96537E-01 
-103.5, -130.5, 6.30237E-01 
-94.5, -130.5, 3.44221E-01 
-85.5, -130.5, 2.43722E-01 
-76.5, -130.5, 1.67800E-01 
-67.5, -130.5, 2.46377E-01 
-58.5, -130.5, 1.90476E-01 
-49.5, -130.5, 0.00000E+00 
-40.5, -130.5, 0.00000E+00 
-31.5, -130.5, 0.00000E+00 
-22.5, -130.5, 0.00000E+00 
-13.5, -130.5, 0.00000E+00 
-4.5, -130.5, 0.00000E+00 
4.5, -130.5, 0.00000E+00 
13.5, -130.5, 5.00000E-01 
22.5, -130.5, 2.00000E-01 
31.5, -130.5, 1.56250E-01 
40.5, -130.5, 8.68307E-02 
49.5, -130.5, 4.83341E-02 
58.5, -130.5, 3.80867E-02 
67.5, -130.5, 2.29624E-02 
76.5, -130.5, 7.79933E-03 
85.5, -130.5, 1.98295E-03 
94.5, -130.5, 1.75886E-04 
103.5, -130.5, 1.98768E-04 
112.5, -130.5, 0.00000E+00 
121.5, -130.5, 0.00000E+00 
130.5, -130.5, 0.00000E+00 
139.5, -130.5, 0.00000E+00 
148.5, -130.5, 0.00000E+00 
157.5, -130.5, 0.00000E+00 
166.5, -130.5, 0.00000E+00 
175.5, -130.5, 0.00000E+00 
-175.5, -139.5, 2.95203E-02 
-166.5, -139.5, 1.02377E-01 
-157.5, -139.5, 3.12281E-01 
-148.5, -139.5, 6.27240E-01 
-139.5, -139.5, 6.24561E-01 
-130.5, -139.5, 7.55481E-01 
-121.5, -139.5, 7.37500E-01 
-112.5, -139.5, 5.51461E-01 
-103.5, -139.5, 3.88942E-01 
-94.5, -139.5, 2.65474E-01 
-85.5, -139.5, 1.51779E-01 
-76.5, -139.5, 1.30277E-01 
-67.5, -139.5, 8.08824E-02 
-58.5, -139.5, 1.25000E-01 
-49.5, -139.5, 0.00000E+00 
-40.5, -139.5, 0.00000E+00 
-31.5, -139.5, 0.00000E+00 
-22.5, -139.5, 0.00000E+00 
-13.5, -139.5, 0.00000E+00 
-4.5, -139.5, 0.00000E+00 
4.5, -139.5, 0.00000E+00 
13.5, -139.5, 0.00000E+00 
22.5, -139.5, 1.00000E-01 
31.5, -139.5, 1.25000E-01 
40.5, -139.5, 4.04472E-02 
49.5, -139.5, 3.11677E-02 
58.5, -139.5, 2.30858E-02 
67.5, -139.5, 1.97354E-02 
76.5, -139.5, 9.75424E-03 
85.5, -139.5, 3.23690E-03 
94.5, -139.5, 3.51834E-04 
103.5, -139.5, 0.00000E+00 
112.5, -139.5, 0.00000E+00 
121.5, -139.5, 0.00000E+00 
130.5, -139.5, 0.00000E+00 
139.5, -139.5, 0.00000E+00 
148.5, -139.5, 0.00000E+00 
157.5, -139.5, 0.00000E+00 
166.5, -139.5, 0.00000E+00 
175.5, -139.5, 0.00000E+00 
-175.5, -148.5, 1.46905E-02 
-166.5, -148.5, 9.78261E-02 
-157.5, -148.5, 2.22930E-01 
-148.5, -148.5, 3.66102E-01 
-139.5, -148.5, 4.57516E-01 
-130.5, -148.5, 4.85499E-01 
-121.5, -148.5, 4.88534E-01 
-112.5, -148.5, 3.20442E-01 
-103.5, -148.5, 1.92841E-01 
-94.5, -148.5, 1.27060E-01 
-85.5, -148.5, 9.09474E-02 
-76.5, -148.5, 9.22799E-02 
-67.5, -148.5, 7.02479E-02 
-58.5, -148.5, 1.38889E-02 
-49.5, -148.5, 0.00000E+00 
-40.5, -148.5, 0.00000E+00 
-31.5, -148.5, 0.00000E+00 
-22.5, -148.5, 0.00000E+00 
-13.5, -148.5, 0.00000E+00 
-4.5, -148.5, 0.00000E+00 
4.5, -148.5, 0.00000E+00 
13.5, -148.5, 0.00000E+00 
22.5, -148.5, 0.00000E+00 
31.5, -148.5, 3.33333E-02 
40.5, -148.5, 2.63425E-02 
49.5, -148.5, 1.75750E-02 
58.5, -148.5, 1.67322E-02 
67.5, -148.5, 1.41368E-02 
76.5, -148.5, 8.20479E-03 
85.5, -148.5, 3.50007E-03 
94.5, -148.5, 8.48987E-04 
103.5, -148.5, 0.00000E+00 
112.5, -148.5, 0.00000E+00 
121.5, -148.5, 0.00000E+00 
130.5, -148.5, 0.00000E+00 
139.5, -148.5, 0.00000E+00 
148.5, -148.5, 0.00000E+00 
157.5, -148.5, 0.00000E+00 
166.5, -148.5, 0.00000E+00 
175.5, -148.5, 1.58228E-03 
-175.5, -157.5, 2.32082E-02 
-166.5, -157.5, 7.05036E-02 
-157.5, -157.5, 1.98211E-01 
-148.5, -157.5, 2.98867E-01 
-139.5, -157.5, 4.02952E-01 
-130.5, -157.5, 3.71994E-01 
-121.5, -157.5, 3.13614E-01 
-112.5, -157.5, 2.10823E-01 
-103.5, -157.5, 1.67492E-01 
-94.5, -157.5, 1.22687E-01 
-85.5, -157.5, 6.31043E-02 
-76.5, -157.5, 5.55928E-02 
-67.5, -157.5, 4.86763E-02 
-58.5, -157.5, 5.18135E-02 
-49.5, -157.5, 0.00000E+00 
-40.5, -157.5, 1.00000E+00 
-31.5, -157.5, 0.00000E+00 
-22.5, -157.5, 0.00000E+00 
-13.5, -157.5, 0.00000E+00 
-4.5, -157.5, 0.00000E+00 
4.5, -157.5, 0.00000E+00 
13.5, -157.5, 0.00000E+00 
22.5, -157.5, 0.00000E+00 
31.5, -157.5, 4.34783E-02 
40.5, -157.5, 3.16092E-02 
49.5, -157.5, 1.41546E-02 
58.5, -157.5, 1.39553E-02 
67.5, -157.5, 1.21267E-02 
76.5, -157.5, 6.83891E-03 
85.5, -157.5, 3.30479E-03 
94.5, -157.5, 1.33720E-03 
103.5, -157.5, 2.86533E-04 
112.5, -157.5, 0.00000E+00 
121.5, -157.5, 0.00000E+00 
130.5, -157.5, 0.00000E+00 
139.5, -157.5, 0.00000E+00 
148.5, -157.5, 0.00000E+00 
157.5, -157.5, 0.00000E+00 
166.5, -157.5, 0.00000E+00 
175.5, -157.5, 8.61326E-04 
-175.5, -166.5, 2.19048E-02 
-166.5, -166.5, 1.08346E-01 
-157.5, -166.5, 2.47788E-01 
-148.5, -166.5, 3.59494E-01 
-139.5, -166.5, 4.22947E-01 
-130.5, -166.5, 3.34265E-01 
-121.5, -166.5, 3.23093E-01 
-112.5, -166.5, 2.39094E-01 
-103.5, -166.5, 1.73476E-01 
-94.5, -166.5, 1.28404E-01 
-85.5, -166.5, 1.16572E-01 
-76.5, -166.5, 1.10705E-01 
-67.5, -166.5, 8.15217E-02 
-58.5, -166.5, 7.90698E-02 
-49.5, -166.5, 0.00000E+00 
-40.5, -166.5, 0.00000E+00 
-31.5, -166.5, 0.00000E+00 
-22.5, -166.5, 0.00000E+00 
-13.5, -166.5, 0.00000E+00 
-4.5, -166.5, 0.00000E+00 
4.5, -166.5, 0.00000E+00 
13.5, -166.5, 0.00000E+00 
22.5, -166.5, 0.00000E+00 
31.5, -166.5, 0.00000E+00 
40.5, -166.5, 3.44828E-02 
49.5, -166.5, 3.85144E-02 
58.5, -166.5, 2.55654E-02 
67.5, -166.5, 1.70606E-02 
76.5, -166.5, 1.02954E-02 
85.5, -166.5, 2.04457E-03 
94.5, -166.5, 5.93824E-04 
103.5, -166.5, 0.00000E+00 
112.5, -166.5, 0.00000E+00 
121.5, -166.5, 0.00000E+00 
130.5, -166.5, 0.00000E+00 
139.5, -166.5, 0.00000E+00 
148.5, -166.5, 0.00000E+00 
157.5, -166.5, 0.00000E+00 
166.5, -166.5, 4.53721E-04 
175.5, -166.5, 4.84496E-03 
-175.5, -175.5, 7.62920E-02 
-166.5, -175.5, 2.23183E-01 
-157.5, -175.5, 5.01477E-01 
-148.5, -175.5, 7.06297E-01 
-139.5, -175.5, 8.26561E-01 
-130.5, -175.5, 7.11681E-01 
-121.5, -175.5, 5.93012E-01 
-112.5, -175.5, 4.54939E-01 
-103.5, -175.5, 3.22563E-01 
-94.5, -175.5, 2.35601E-01 
-85.5, -175.5, 2.33362E-01 
-76.5, -175.5, 2.11054E-01 
-67.5, -175.5, 2.12830E-01 
-58.5, -175.5, 1.48504E-01 
-49.5, -175.5, 1.04167E-01 
-40.5, -175.5, 0.00000E+00 
-31.5, -175.5, 0.00000E+00 
-22.5, -175.5, 0.00000E+00 
-13.5, -175.5, 0.00000E+00 
-4.5, -175.5, 0.00000E+00 
4.5, -175.5, 0.00000E+00 
13.5, -175.5, 0.00000E+00 
22.5, -175.5, 0.00000E+00 
31.5, -175.5, 0.00000E+00 
40.5, -175.5, 0.00000E+00 
49.5, -175.5, 1.02167E-01 
58.5, -175.5, 8.55962E-02 
67.5, -175.5, 4.18578E-02 
76.5, -175.5, 1.68782E-02 
85.5, -175.5, 5.27357E-03 
94.5, -175.5, 1.82315E-03 
103.5, -175.5, 5.66091E-04 
112.5, -175.5, 0.00000E+00 
121.5, -175.5, 0.00000E+00 
130.5, -175.5, 0.00000E+00 
139.5, -175.5, 0.00000E+00 
148.5, -175.5, 0.00000E+00 
157.5, -175.5, 0.00000E+00 
166.5, -175.5, 0.00000E+00 
175.5, -175.5, 8.87455E-03 
