1.154678256651182029e-05
5.549402752164042413e-05
1.130902139298843085e-04
1.827199464793182566e-04
2.589074086838386761e-04
3.324068894817336990e-04
3.924963186889252292e-04
4.308083786504256023e-04
4.443677182367113533e-04
4.358566289413939019e-04
4.113984986210830557e-04
3.777664228084004071e-04
3.405419113165413045e-04
-7.193548851408894248e-06
4.351622722750415483e-05
1.134683725234756545e-04
2.014085313630059300e-04
2.998758848289680818e-04
3.948549631648348192e-04
4.697210322173389152e-04
5.123089024774452613e-04
5.200531436897995637e-04
4.993364085857264142e-04
4.606335690709151796e-04
4.137887923747285510e-04
3.657789219248472616e-04
-3.070267713030961238e-05
2.669798744847405407e-05
1.104964178102272189e-04
2.204073602787335424e-04
3.464241286871255331e-04
4.674071810170818907e-04
5.578723785094299092e-04
6.009256981432312518e-04
5.964774006741336166e-04
5.576773899901470762e-04
5.011247601899767581e-04
4.398181212183081465e-04
3.813740564530076582e-04
-5.883485900183111847e-05
4.184121900779646101e-06
1.018439321445137108e-04
2.356035668027659641e-04
3.924272591764303058e-04
5.413182886035621064e-04
6.447049977182374133e-04
6.811164465223237298e-04
6.568896945305555905e-04
5.956356423305043902e-04
5.208082126721591716e-04
4.472300691920079842e-04
3.815658310965408680e-04
-9.093898871296931413e-05
-2.497289150282057851e-05
8.345940946966477389e-05
2.380779644166764874e-04
4.226530532266492102e-04
5.945408459858733240e-04
7.025953038238697945e-04
7.234018266020512738e-04
6.748708042019273224e-04
5.930579821496577420e-04
5.061464006485156273e-04
4.277096708075712951e-04
3.615371234458136210e-04
-1.257224712263929080e-04
-6.136014696365936342e-05
5.034868532627918538e-05
2.149481337629327669e-04
4.134849175548796648e-04
5.932681903651161257e-04
6.930012011002520660e-04
6.926269127056927134e-04
6.244886839435996465e-04
5.340658704134647371e-04
4.488164574266567132e-04
3.774704604512705121e-04
3.198499813650198262e-04
-1.610886213376385801e-04
-1.040712758208136581e-04
-1.507245182495749954e-07
1.564413756364914777e-04
3.454869445004940293e-04
5.110016193751145330e-04
5.909731168587964651e-04
5.733900074678516517e-04
5.010435407538314226e-04
4.207030610020811808e-04
3.533413951850178651e-04
3.010782331207335254e-04
2.602336063116537294e-04
-1.941462639207822496e-04
-1.496041582849505893e-04
-6.431994238658061481e-05
6.586186326312164305e-05
2.218326665798754844e-04
3.540963977039969924e-04
4.113408507025708891e-04
3.897597442030758933e-04
3.319024794839287658e-04
2.771227990251880625e-04
2.379308365466475397e-04
2.111152493709267950e-04
1.910313010002919734e-04
-2.216708028760566371e-04
-1.921634993741953390e-04
-1.315698651695745185e-04
-3.808506131158607624e-05
7.267850332888002390e-05
1.648089545651062245e-04
2.042505776299769491e-04
1.920087436406712263e-04
1.602688291547420762e-04
1.361275425271724039e-04
1.254684239559513174e-04
1.227953391327540032e-04
1.221495876543412032e-04
-2.409889531676582229e-04
-2.257507939959989523e-04
-1.892284725396299280e-04
-1.312771605371577152e-04
-6.268907026132050674e-05
-4.972896117247714425e-06
2.363550528082974649e-05
2.550429927983508761e-05
1.973020526274116000e-05
2.146260229598246895e-05
3.255092813190778046e-05
4.763035691235663994e-05
6.151176819373835823e-05
-2.508155873888509276e-04
-2.466298878884169775e-04
-2.287825921196825964e-04
-1.976167794220711415e-04
-1.593322913876927139e-04
-1.247487655182143759e-04
-1.019760312256487087e-04
-8.909693411256216469e-05
-7.688513489514936516e-05
-5.861824388448662142e-05
-3.465316297867026803e-05
-9.346824494705297380e-06
1.322617596352810455e-05
-1.041787519810011236e-05
3.743622705076792224e-05
1.043848938997112322e-04
1.901537644917016944e-04
2.887167064177284634e-04
3.873251044711078128e-04
4.694444895322442903e-04
5.213108455364983285e-04
5.378187275201278201e-04
5.233165154080824397e-04
4.875917942557364310e-04
4.409472426476171870e-04
3.912978112644225335e-04
-3.906437751405582737e-05
1.569869434559987409e-05
9.827498777607661905e-05
2.104713762165888588e-04
3.445174674444326842e-04
4.799566216685913580e-04
5.887567935090596335e-04
6.488158411502208340e-04
6.553201069186123445e-04
6.198593267116094289e-04
5.604866044160525945e-04
4.928125752342076222e-04
4.267227734890147390e-04
-7.487672477700321749e-05
-1.356246015211671398e-05
8.741550923212249599e-05
2.341909715495727319e-04
4.173033299588655679e-04
6.034376192867061880e-04
7.444444616685250539e-04
8.058342434267533197e-04
7.879807443434699724e-04
7.178415962854528586e-04
6.261605999838942274e-04
5.338533243902056011e-04
4.509611713383915484e-04
-1.170105856638825907e-04
-5.054415568658325678e-05
7.032143299695799729e-05
2.593198520038865387e-04
5.060044899658937062e-04
7.565172279931042755e-04
9.294102229364636491e-04
9.750230482238357241e-04
9.113630356534491552e-04
7.929225719740687437e-04
6.651800575721694957e-04
5.505336452173978162e-04
4.553101071127321525e-04
-1.633801665896715256e-04
-9.492522646063448219e-05
4.321711678273980627e-05
2.753004311986470163e-04
5.911405615087183011e-04
9.080770473300583566e-04
1.097701128446221296e-03
1.100050641693902428e-03
9.722358011357720925e-04
8.051981630020749701e-04
6.521370874892976066e-04
5.282186463613650421e-04
4.317950764070807579e-04
-2.107366543113357133e-04
-1.457639692541082147e-04
-4.727597827981807549e-07
2.589706377915555399e-04
6.228590207435422132e-04
9.781327257304716413e-04
1.150029405719032918e-03
1.087165148838929642e-03
9.035149383092089866e-04
7.164905727248313929e-04
5.685881931212450951e-04
4.590119566608348600e-04
3.774282755278544573e-04
-2.550173124091658803e-04
-2.005690800767946386e-04
-6.566263118828583772e-05
1.859887268811858253e-04
5.433256949153879214e-04
8.779668556456806001e-04
9.984597195538205423e-04
8.816802247170317953e-04
6.865558985415163001e-04
5.280684137354337438e-04
4.218924522081574677e-04
3.501862346237841032e-04
2.977783858682428561e-04
-2.919563864507881534e-04
-2.541257052795917377e-04
-1.476872560051008503e-04
5.654714731152733520e-05
3.445970233202888772e-04
6.018604381757495505e-04
6.686094142040053178e-04
5.470066315545425500e-04
3.928470233760542811e-04
2.958475845878009254e-04
2.487225062633692204e-04
2.240831953363701826e-04
2.061923447908157786e-04
-3.179594732199229196e-04
-2.990551807977395748e-04
-2.304377988328543331e-04
-9.492291940376255141e-05
9.191766786799855659e-05
2.507814965038444909e-04
2.849108606546920264e-04
2.067410531828035435e-04
1.224226514555251189e-04
8.864133790159939492e-05
9.207974570927472246e-05
1.065089257411166079e-04
1.180657239291797473e-04
-3.310276322133788303e-04
-3.287010718955088429e-04
-2.950247870220724716e-04
-2.225503667392298747e-04
-1.240716424913288689e-04
-4.249780788498798276e-05
-2.097496616546060710e-05
-4.770355162474693904e-05
-6.928876564234087341e-05
-5.782093297104291585e-05
-2.368651022645540871e-05
1.402879923016386891e-05
4.447935242424091220e-05
-3.312891685788708256e-04
-3.402196003090999046e-04
-3.309474744314531091e-04
-3.007430475673158262e-04
-2.570268965672150435e-04
-2.183456247669388376e-04
-1.996229764405843608e-04
-1.934283236724958883e-04
-1.780524451578313822e-04
-1.432599807818527786e-04
-9.629161390946425637e-05
-4.936471933262482107e-05
-1.028763656564281326e-05
-4.142088459622344701e-05
7.025384998060497322e-06
8.049969284593621157e-05
1.815524070647746822e-04
3.050851382211878290e-04
4.349984367122501010e-04
5.468923631437089998e-04
6.184322544356830572e-04
6.404532535118303725e-04
6.193191922804882005e-04
5.700667859267830040e-04
5.079399789244350063e-04
4.438917174241542867e-04
-8.521716712906160138e-05
-3.241688710955136101e-05
5.744424693667489858e-05
1.926133410354900299e-04
3.687891790927910079e-04
5.594714473778843828e-04
7.194240254016338963e-04
8.083044585720296649e-04
8.155444812104928635e-04
7.607492256905240124e-04
6.741473813039973234e-04
5.799665370689852150e-04
4.918342311420556036e-04
-1.407136851098475625e-04
-8.584476752975463728e-05
2.292412594331652882e-05
2.057507428117048463e-04
4.631986259023089373e-04
7.501717901745523064e-04
9.785039988740782107e-04
1.074915302947522609e-03
1.037356237051160947e-03
9.191362433136398289e-04
7.763405765183819000e-04
6.417518501936819242e-04
5.275317005643670714e-04
-2.060323407631559555e-04
-1.524967983116250420e-04
-2.304992882825142577e-05
2.249025731178013680e-04
6.065262792795076416e-04
1.043281462080084118e-03
1.357356665229818597e-03
1.421365515040517568e-03
1.279811122362409757e-03
1.059445621049946067e-03
8.471688247436196754e-04
6.730600332758889448e-04
5.384089318043923118e-04
-2.762158474833171498e-04
-2.284512313545099976e-04
-8.028119508784199840e-05
2.456960552050811751e-04
7.960667350662421456e-04
1.437532858677666994e-03
1.821697857074175680e-03
1.760473593793958477e-03
1.441721391349567094e-03
1.104969606754573151e-03
8.404198391265223006e-04
6.490686762429093669e-04
5.117908519509827741e-04
-3.435949342302462408e-04
-3.069041262327708601e-04
-1.514614788252001713e-04
2.361039858228570348e-04
9.428066340863186338e-04
1.764552571250808336e-03
2.116933519198063544e-03
1.823978986957575750e-03
1.338424374791666186e-03
9.616389306285076438e-04
7.156249519683385678e-04
5.539164901735152760e-04
4.419050188909996366e-04
-3.996522002243308911e-04
-3.792303738555345151e-04
-2.392843047330920671e-04
1.455327495625708138e-04
8.776779901732459062e-04
1.704849737929884767e-03
1.891838593286402932e-03
1.388985379770731705e-03
8.932876772295856574e-04
6.224716816438153775e-04
4.834780209188889303e-04
3.985553307938588118e-04
3.366676410351485951e-04
-4.377135287289212699e-04
-4.364773708316097792e-04
-3.358248958748553405e-04
-3.424547633676131649e-05
5.429577453319443282e-04
1.169945891765071435e-03
1.216388534262698639e-03
7.083731486272515539e-04
3.393550649574645977e-04
2.298848099564205604e-04
2.197462127555127988e-04
2.222678517157254587e-04
2.168811954615111116e-04
-4.549112952837170288e-04
-4.715904421229947120e-04
-4.204013288061264663e-04
-2.423889775828447094e-04
8.679933236667750854e-05
4.096403070495172288e-04
4.004401720206621543e-04
1.108932299593462262e-04
-6.913836553526725784e-05
-6.388163495935560935e-05
6.405392798960306700e-06
6.840276538399962802e-05
1.059474424563376481e-04
-4.523324338718376597e-04
-4.815675974384859095e-04
-4.718613937286580897e-04
-3.979924392858987339e-04
-2.627523011693210300e-04
-1.453338752092675663e-04
-1.549558166968127129e-04
-2.507707535167420982e-04
-2.847434151109159723e-04
-2.231286246217661841e-04
-1.259749909767574104e-04
-4.066821616502056658e-05
1.881616875547897574e-05
-4.338228851129717883e-04
-4.684927434920255272e-04
-4.829616149727091086e-04
-4.679197005294824215e-04
-4.284697859690482068e-04
-3.933154855826828254e-04
-3.889827758801124471e-04
-3.941261421068707727e-04
-3.622398682845738376e-04
-2.850672173517478330e-04
-1.906218020437232415e-04
-1.056241828894802296e-04
-4.101174038502176212e-05
-8.011791909257082753e-05
-3.568571512886804380e-05
3.894688476019460196e-05
1.507245379510035424e-04
2.979357198323961497e-04
4.628745193279523869e-04
6.121234450247266040e-04
7.109606666219316562e-04
7.429774777518262981e-04
7.162716824241941805e-04
6.526973444932479898e-04
5.739295128813117885e-04
4.946555463065982526e-04
-1.445751413314675022e-04
-1.028023618946624130e-04
-1.709954744793525078e-05
1.307653790279532553e-04
3.468604441743115851e-04
6.042758365098960032e-04
8.367368089280994518e-04
9.730665360111206584e-04
9.885295033733201668e-04
9.128327187647027356e-04
7.943260506737385724e-04
6.695362573575238362e-04
5.567997937500521969e-04
-2.283399617361950057e-04
-1.971405494679822083e-04
-1.042592276045575079e-04
9.224520460151016787e-05
4.222779240646804422e-04
8.464019821985591281e-04
1.221035045182525345e-03
1.391690213537796934e-03
1.337219133995594302e-03
1.155200524212150141e-03
9.452535018048385243e-04
7.578463545837752727e-04
6.066096001846253390e-04
-3.285539651151488604e-04
-3.181156712482773930e-04
-2.248105741259633344e-04
4.006478376921553217e-05
5.720789169089108379e-04
1.318352147509099185e-03
1.929697110839445878e-03
2.060265396055078850e-03
1.788543535965839712e-03
1.402473197481677279e-03
1.065156465459380286e-03
8.108494462353155055e-04
6.270569896931979135e-04
-4.356383262266120410e-04
-4.551955427352421461e-04
-3.700744183264682678e-04
-1.140338415109786508e-05
8.767309410947720337e-04
2.252862176644397033e-03
3.191631082153271060e-03
2.964536855239954197e-03
2.186573006667149287e-03
1.520821627209151912e-03
1.076292559292933541e-03
7.893278412779670353e-04
5.992669639852381963e-04
-5.335748473942502398e-04
-5.865193380290838632e-04
-5.206410900653743934e-04
-7.488142973974352273e-05
1.266436736574414650e-03
3.571826086978398609e-03
4.606904210059367677e-03
3.369120088694875417e-03
2.026908348980695478e-03
1.286935894449463399e-03
8.949128480701201921e-04
6.635888870247621304e-04
5.129941511492361545e-04
-6.049578423104708721e-04
-6.855635497434513182e-04
-6.518204978626801222e-04
-2.120894412736219943e-04
1.273675214593583509e-03
4.010394517702119480e-03
4.357268106545272683e-03
1.977407382161575859e-03
9.299262548783391105e-04
6.452992259081812704e-04
5.300299997861907973e-04
4.477833497277139570e-04
3.784213075190560513e-04
-6.389500109061543431e-04
-7.345603324790799535e-04
-7.395999089403644533e-04
-4.229277856660602843e-04
7.136259603910359703e-04
2.961636240405505095e-03
3.044685952846460254e-03
4.453113846090044677e-04
-2.108541980411588412e-04
-3.610886934307170584e-05
1.318142074538980902e-04
2.070134681719972686e-04
2.260560691261202793e-04
-6.358014269299624857e-04
-7.333643264051085834e-04
-7.730821633726380317e-04
-6.267171133820805765e-04
-9.735905956074561852e-05
6.921469688474799278e-04
5.465290516549744853e-04
-4.512514891062327353e-04
-6.805516568934941862e-04
-4.110532109633887221e-04
-1.467422167650757499e-04
1.115763028644995626e-05
8.984933897245827022e-05
-6.041692265539738184e-04
-6.943646809423504066e-04
-7.548138908980575948e-04
-7.342314347324952395e-04
-5.951426198195132076e-04
-4.483719083970503778e-04
-5.471604605570333599e-04
-7.672153262810709742e-04
-7.413998607397966111e-04
-5.137977625795110128e-04
-2.784577874968858103e-04
-1.117076868739817845e-04
-1.080111696346244995e-05
-5.551646103903131900e-04
-6.325944597078321258e-04
-6.964539071548180417e-04
-7.285868643430319690e-04
-7.242896133083273321e-04
-7.172138964441864255e-04
-7.442411832219937616e-04
-7.532855575762461555e-04
-6.630251771633883726e-04
-4.923460579337282953e-04
-3.141210507198451498e-04
-1.722495733042986169e-04
-7.425853013451180274e-05
-1.217050248407011389e-04
-8.549132639986714805e-05
-1.593969725283660494e-05
9.905240156734410116e-05
2.636089831330751406e-04
4.616586951841900434e-04
6.518150715072311592e-04
7.841956696812673721e-04
8.314822909656406115e-04
8.022952605038811231e-04
7.260964922685099942e-04
6.319262293485521879e-04
5.385972860686330087e-04
-2.100133071331885886e-04
-1.880854680470953023e-04
-1.210633495535423236e-04
2.028804601778447188e-05
2.596081247243471547e-04
5.817818875918783243e-04
9.037892288281725592e-04
1.110632605034156525e-03
1.148784840693262534e-03
1.056926522005564341e-03
9.071088579301113961e-04
7.518224391720573080e-04
6.150620364501977735e-04
-3.280168833512445126e-04
-3.389784422960018316e-04
-2.965631420289759415e-04
-1.386393352057055308e-04
2.137750820746350442e-04
7.745506301072413837e-04
1.364965512642449643e-03
1.687266547495707607e-03
1.646487460938871137e-03
1.399299106901432483e-03
1.114819553126812331e-03
8.701243894972982441e-04
6.803944642284036207e-04
-4.725602321629565183e-04
-5.413867644582197455e-04
-5.615440642233836396e-04
-4.147703775904665584e-04
1.256054929477221527e-04
1.214618182192726391e-03
2.401781004331743699e-03
2.806701610816856717e-03
2.403791386128864734e-03
1.798768764830289664e-03
1.301824651072035297e-03
9.519400455323195290e-04
7.134121568784925838e-04
-6.282885750885117094e-04
-7.768333686579496477e-04
-9.034886713895524946e-04
-8.054184148242830160e-04
1.410830927604228688e-04
2.730746945288715401e-03
5.424413910054183378e-03
5.113761632443295305e-03
3.297185168628113429e-03
2.063005906224654046e-03
1.354127174633958878e-03
9.417956164450490232e-04
6.884842731674575703e-04
-7.667382579986589935e-04
-9.956509788588041761e-04
-1.246287448821359204e-03
-1.228763472678682340e-03
4.984458676175948771e-04
7.524903599970138128e-03
1.302106600399380136e-02
8.040712605165381555e-03
3.248909636579975710e-03
1.741891295961523920e-03
1.120865371127689096e-03
7.904560686448913482e-04
5.893746156385834458e-04
-8.562950160865898238e-04
-1.133039405898592046e-03
-1.463731242221040767e-03
-1.555454576909848620e-03
3.665148654928733008e-04
1.059013086682185530e-02
1.131923150852615599e-02
1.215382004120719485e-03
4.149468971047463048e-04
6.004210556721161851e-04
5.902032539143260616e-04
5.111824759343324169e-04
4.272291941684613101e-04
-8.799162009553751799e-04
-1.153754947895200157e-03
-1.478253500868223101e-03
-1.625230745021408142e-03
-3.178937795404875272e-04
6.982036032979397483e-03
6.039846560916477085e-03
-3.487135627254188408e-03
-2.119799688148549330e-03
-5.508245963421643399e-04
1.923313896146411128e-05
1.993479762458568870e-04
2.424921573549054408e-04
-8.442802317785482727e-04
-1.077943634900070495e-03
-1.341729681292258775e-03
-1.499139160907551199e-03
-1.081002828371985551e-03
5.907700875670256896e-04
7.131421042471891114e-05
-2.640068417768473216e-03
-2.091587752721833435e-03
-9.614131004264486703e-04
-3.299122073554844759e-04
-4.165113121822036960e-05
8.078899651323130746e-05
-7.710230723637426231e-04
-9.531237911444931810e-04
-1.150862376072425046e-03
-1.306721221976839525e-03
-1.329765773900713375e-03
-1.295200593786699972e-03
-1.587083323356983534e-03
-1.861572307629095297e-03
-1.498702298577581039e-03
-8.995034962622449042e-04
-4.459331705864480445e-04
-1.775867645387299630e-04
-3.351678983338118233e-05
-6.819902595376950948e-04
-8.170425119879945637e-04
-9.594294956610580202e-04
-1.086561443479769394e-03
-1.177970961297183537e-03
-1.250302850085230734e-03
-1.321355478695413572e-03
-1.287188993291221717e-03
-1.057221728255155297e-03
-7.301933554024216512e-04
-4.391586239058436407e-04
-2.322676201849813637e-04
-1.008328690928691769e-04
-1.581577268478054918e-04
-1.313747908075506754e-04
-7.029769551295929971e-05
4.157041432675545747e-05
2.146584358176938676e-04
4.369894069607428689e-04
6.623464129396292857e-04
8.268827532394166157e-04
8.913501195320092454e-04
8.634073901012466164e-04
7.789967520189152459e-04
6.737317886578062746e-04
5.700877849453983310e-04
-2.679070892888928026e-04
-2.681248141218760977e-04
-2.273050528120992234e-04
-1.081795861756588295e-04
1.314547228660461608e-04
4.982897805766433198e-04
9.050291902582146848e-04
1.191362517307422439e-03
1.264102071361416146e-03
1.166048189260426166e-03
9.930873400759662219e-04
8.140200995927430582e-04
6.585217250271660364e-04
-4.177109655387812627e-04
-4.764955946448487805e-04
-5.048697130051125461e-04
-4.349393496973334456e-04
-1.427725478116502304e-04
4.857595582795614102e-04
1.313187780250069147e-03
1.865611146955189212e-03
1.890870605743809069e-03
1.600864613499939889e-03
1.253617159823024445e-03
9.600280350339448522e-04
7.380972857539610252e-04
-6.049202240670402062e-04
-7.670876073455247393e-04
-9.568586096000697427e-04
-1.095975002390954739e-03
-9.077566395733243287e-04
1.641378467928782938e-04
2.164292575132972015e-03
3.342149144988170329e-03
2.971687880986360452e-03
2.167734910293873853e-03
1.514149060355236007e-03
1.073289158947841274e-03
7.849214576485834738e-04
-8.089557423613625772e-04
-1.115815134597888860e-03
-1.586962581203483699e-03
-2.248662680630152295e-03
-2.685575196864818225e-03
-5.710838039016513093e-04
6.146100583650187903e-03
7.985147311779267065e-03
4.633004446513299887e-03
2.659343208973202668e-03
1.635841476095582737e-03
1.085762814327059875e-03
7.679504060723808985e-04
-9.881671032292071652e-04
-1.439106200721235532e-03
-2.237608132014194586e-03
-3.699332414028157299e-03
-5.443657293703461041e-03
2.452245524396692335e-03
2.182433250992752219e-02
1.872669011863526897e-02
5.556081452849095936e-03
2.398835936653689275e-03
1.399876315658660653e-03
9.285680023614628631e-04
6.648703416801775550e-04
-1.094928119017310334e-03
-1.619044122763339246e-03
-2.580663116432579257e-03
-4.487702911690759008e-03
-7.471086965701419919e-03
-1.037507898683784954e-03
2.507238042798985993e-04
-1.248057095681429042e-03
3.920365866988199640e-04
8.062998946561128781e-04
7.461314563812150753e-04
6.068963037221183085e-04
4.853668780070461244e-04
-1.105382829845497680e-03
-1.596962743714114546e-03
-2.438806414853579834e-03
-3.917194812763601791e-03
-5.962885700156371482e-03
-6.124600250377165191e-03
-1.791415155715841631e-02
-1.669925661819240958e-02
-4.681385992253346909e-03
-8.885907141107895731e-04
1.449668150891286084e-05
2.369045906451298044e-04
2.762302556336473100e-04
-1.034254219420724721e-03
-1.425076951746984556e-03
-2.013473070165489737e-03
-2.845187964039737252e-03
-3.677297248372891642e-03
-3.629361948477388862e-03
-5.837414444470453469e-03
-7.160619930927604980e-03
-3.719185593724078000e-03
-1.378351729531675620e-03
-4.180512050554001358e-04
-4.786173709489412843e-05
9.257064935688144711e-05
-9.180482339453368201e-04
-1.199019854690601882e-03
-1.570835963814912889e-03
-2.017567913071342117e-03
-2.457249335543028584e-03
-2.854494181985973988e-03
-3.341356243623439318e-03
-3.245905232365614047e-03
-2.217601957533705138e-03
-1.182899116031641386e-03
-5.409656667326775536e-04
-2.034018629568429466e-04
-3.593356120189198787e-05
-7.898104501801067904e-04
-9.823504556227379957e-04
-1.211965090978431130e-03
-1.460419692662972028e-03
-1.692903010384462113e-03
-1.878819980937758861e-03
-1.964710001656966819e-03
-1.807190845156273927e-03
-1.383644515097452168e-03
-8.974553731786588922e-04
-5.134534570750186539e-04
-2.613233733696215073e-04
-1.099617013299111513e-04
-1.809074431974435151e-04
-1.603356711961053706e-04
-1.054631058553547854e-04
2.481335367147613211e-06
1.775096902154331315e-04
4.105341212720956608e-04
6.537129076376625974e-04
8.362329392789764415e-04
9.120924674294840972e-04
8.875522509595584753e-04
8.012576225925979083e-04
6.919913468868540756e-04
5.841746612173845778e-04
-3.027381961775599153e-04
-3.166123526425661055e-04
-2.928789087109714842e-04
-1.905957236962471082e-04
4.257375777732906569e-05
4.275293833505843010e-04
8.785682289432880827e-04
1.211706780592024940e-03
1.309397371147264736e-03
1.213840086571919222e-03
1.032657883501447542e-03
8.434739820442979522e-04
6.794643316640052453e-04
-4.703457558327512017e-04
-5.578562167504074647e-04
-6.310479890764707136e-04
-6.233392699478662417e-04
-3.904027905702132776e-04
2.477754735554491320e-04
1.207129936428852791e-03
1.914380152960687767e-03
2.000296816307874526e-03
1.699798491764178835e-03
1.324299731790073769e-03
1.006702599368121702e-03
7.683466647439408199e-04
-6.814989585071037654e-04
-8.996350926232341439e-04
-1.198624991941036168e-03
-1.550442279220729620e-03
-1.719588896181219921e-03
-9.168014504176913914e-04
1.580367398955687553e-03
3.488721979068351315e-03
3.270145316932784180e-03
2.376635474192751677e-03
1.636880262195262743e-03
1.143871083310846149e-03
8.264190039979633137e-04
-9.128694970905235464e-04
-1.315714777564401484e-03
-2.017806734666682117e-03
-3.312304674640352553e-03
-5.574126116961596218e-03
-6.270730025397869105e-03
2.890467819888245266e-03
8.524757348992283851e-03
5.483300661231603305e-03
3.074635159616553957e-03
1.830701847385302018e-03
1.183415008833863706e-03
8.204965988791738853e-04
-1.115371503495485089e-03
-1.702557493513323682e-03
-2.881728366080118110e-03
-5.715347420087693760e-03
-1.348178568431703320e-02
-1.734782645837334297e-02
1.734714830661350168e-02
2.288016016300403396e-02
7.395831886927065058e-03
3.062464359841026752e-03
1.659695866897992938e-03
1.046223363218088190e-03
7.244636204662676174e-04
-1.232020485910440477e-03
-1.908554241964725189e-03
-3.310312986375909487e-03
-6.901246473255325323e-03
-1.802923468147563449e-02
-2.805452122805037266e-02
3.479200376756280688e-03
1.035320643207026173e-02
2.921080701562947437e-03
1.537286655913632123e-03
1.015005496538543602e-03
7.252083122103794837e-04
5.444397464370788909e-04
-1.234811434354949082e-03
-1.859878628732682809e-03
-3.053048701316909107e-03
-5.638417209458956858e-03
-1.164797062736143939e-02
-1.949381504170050530e-02
-2.093172718977030083e-02
-1.232719102113799536e-02
-3.145125338936389289e-03
-3.790416514937752063e-04
2.218000514597967348e-04
3.341330901743023453e-04
3.268099082163492485e-04
-1.143025015964478424e-03
-1.629137905066952927e-03
-2.430285708955102868e-03
-3.768012346022562003e-03
-5.801525591541931842e-03
-7.976333296633641642e-03
-9.470646232730984757e-03
-7.454187654286283278e-03
-3.372836899737359853e-03
-1.155260243631312574e-03
-2.978181660936252769e-04
1.785452565412293667e-05
1.301023663624317880e-04
-1.001784205483589483e-03
-1.341650823344513882e-03
-1.822858858543493794e-03
-2.467220943291984891e-03
-3.212546798596116471e-03
-3.871574665583757402e-03
-4.146775989482892437e-03
-3.510312066997150690e-03
-2.203463956672165654e-03
-1.116745183503153578e-03
-4.860108983831165868e-04
-1.659164851070037226e-04
-1.144874742643034954e-05
-8.507103592783718830e-04
-1.076587735657261180e-03
-1.358109206020243756e-03
-1.680096176083942195e-03
-1.993286905975967353e-03
-2.214803585674691468e-03
-2.232608839924650306e-03
-1.941796987139144054e-03
-1.417005849538988463e-03
-8.875107893428849917e-04
-4.933739917758067379e-04
-2.428843216518959149e-04
-9.570417669971711797e-05
-1.849577097328557087e-04
-1.646494365266395175e-04
-1.100262888854479593e-04
-2.816228692569319358e-06
1.699206662951411575e-04
3.981245431144220595e-04
6.349574637284552793e-04
8.130943433147515102e-04
8.891849272099442434e-04
8.686401235825232884e-04
7.875044276178536301e-04
6.827208775376486082e-04
5.781429455951629572e-04
-3.054309271391335138e-04
-3.176916766775698172e-04
-2.906805046309727798e-04
-1.838445302199655999e-04
5.162310883023867492e-05
4.293268001726835404e-04
8.614571350843188823e-04
1.177363874514765355e-03
1.272447489033522996e-03
1.185249653870080458e-03
1.014227767747243308e-03
8.326206449985580973e-04
6.732653194148613537e-04
-4.698645643689084448e-04
-5.507805219248076891e-04
-6.089933475081409173e-04
-5.725149223287939477e-04
-3.006282394538309453e-04
3.485176010566295546e-04
1.241360380766967164e-03
1.865992491244111923e-03
1.935181149993222497e-03
1.655960094231230181e-03
1.301485213533387164e-03
9.960408458422186518e-04
7.635249466138065632e-04
-6.755538467069341271e-04
-8.766418153980490464e-04
-1.129403384677830566e-03
-1.361373608391523498e-03
-1.265257367409600240e-03
-1.572476067464922760e-04
2.052798842176010129e-03
3.422251371760134248e-03
3.138113088495907751e-03
2.314175508595052271e-03
1.616204035865361887e-03
1.138852839711998813e-03
8.261408999526344971e-04
-8.998616052485401522e-04
-1.269137622399019085e-03
-1.861648524486034934e-03
-2.767107285523000629e-03
-3.608009533605774279e-03
-1.183160454891845704e-03
6.317838704939253772e-03
7.908190038981299796e-03
5.177217610992591174e-03
3.024570073139008601e-03
1.837204734915321141e-03
1.195773345524222750e-03
8.297292677783074189e-04
-1.096304410610153286e-03
-1.633390997553149865e-03
-2.624017029620974700e-03
-4.586200561042188747e-03
-7.591660673968542508e-03
2.483577583972010772e-03
2.904327726099147078e-02
1.883358789207609935e-02
7.031104312673730483e-03
3.195626301302756638e-03
1.747818651996965039e-03
1.092231583560777973e-03
7.483299054938735099e-04
-1.211219748495254850e-03
-1.833142479429663348e-03
-3.021686006517560353e-03
-5.554359704138408203e-03
-1.035694353170977036e-02
-1.356514938784461263e-03
2.742961617913114436e-02
1.564485473636020169e-02
4.828925428722433827e-03
2.147615238628829224e-03
1.230175144938833523e-03
8.127215939385520676e-04
5.842743165321386857e-04
-1.217479149232084850e-03
-1.799534068617595316e-03
-2.840045995517005446e-03
-4.797423949698583108e-03
-8.048669770156030578e-03
-8.218130624763250389e-03
-1.519259024542715317e-03
6.948842882974483564e-05
3.408283598374484092e-04
5.255114558056510256e-04
5.147701521082883192e-04
4.479072993441488536e-04
3.772031303238114757e-04
-1.131732471407388045e-03
-1.592175763522722838e-03
-2.317436914640271482e-03
-3.425713094089303124e-03
-4.813461708454301949e-03
-5.572530126790949286e-03
-4.843466192521206706e-03
-3.165167262285035251e-03
-1.457576023335473018e-03
-4.667536611630446501e-04
-3.594852741603818608e-05
1.283259106046488024e-04
1.813975892257672700e-04
-9.958566948009685369e-04
-1.322822741451408057e-03
-1.772396025163114515e-03
-2.342339113141626850e-03
-2.924304693238597135e-03
-3.258575759117820353e-03
-3.093437911144091695e-03
-2.389665202003274803e-03
-1.469048897081567809e-03
-7.422740470994050122e-04
-3.071632408423762613e-04
-7.898139518085309663e-05
3.274418128987536115e-05
-8.481544290727751918e-04
-1.067782306944637652e-03
-1.335825858443327177e-03
-1.630083449659247823e-03
-1.889020524828918975e-03
-2.016575402931103465e-03
-1.924721658997499262e-03
-1.596255602671396061e-03
-1.136612730768123266e-03
-7.049839522207063201e-04
-3.868590449587832551e-04
-1.829105588810169545e-04
-6.184697751615652434e-05
-1.713924441993251106e-04
-1.464884013748067473e-04
-8.794289999083139138e-05
1.936567998954508442e-05
1.836281426024741247e-04
3.917647359864212878e-04
6.013778650552652118e-04
7.570652417812015218e-04
8.247967864116757244e-04
8.092196085300024490e-04
7.396140336091199191e-04
6.470304054383011405e-04
5.525701875168186452e-04
-2.786352858834177464e-04
-2.772364749717896957e-04
-2.329918538454362690e-04
-1.111026215938862343e-04
1.222507417286826143e-04
4.619894241976889087e-04
8.243808971110360567e-04
1.079479042467575839e-03
1.156054792718174849e-03
1.084858950016085290e-03
9.407419547076236507e-04
7.828461345182234025e-04
6.404540949703866346e-04
-4.219343181049792094e-04
-4.695501714368697480e-04
-4.742559898040916403e-04
-3.660511685409345681e-04
-4.132507221903729088e-05
5.494124884009906479e-04
1.232811912186615195e-03
1.664706153625385154e-03
1.698901278991741225e-03
1.478206758502120192e-03
1.189256914145782155e-03
9.291358262917061598e-04
7.236432099076201994e-04
-5.977371461683687361e-04
-7.290298028313332759e-04
-8.434649730620840747e-04
-8.223539784206763525e-04
-3.903196925476322258e-04
7.396380002940153905e-04
2.167810086320940896e-03
2.845556142079621025e-03
2.592289363447422123e-03
1.997241499836765587e-03
1.454740633552446122e-03
1.056819222735279730e-03
7.824424601847882257e-04
-7.870898922705602116e-04
-1.032948407034565454e-03
-1.331357661649472000e-03
-1.526430618366633133e-03
-9.678639526797590958e-04
1.616272553095439001e-03
4.938825050575304347e-03
5.282184849366068462e-03
3.869083224020887501e-03
2.521587048183950800e-03
1.642591922887005418e-03
1.113133364203938150e-03
7.902924814444695252e-04
-9.537898888343590044e-04
-1.314584579586783450e-03
-1.827079336572404178e-03
-2.356880253090987837e-03
-1.704062353073233305e-03
4.431977965950076141e-03
1.148906200973751415e-02
8.600807742606145223e-03
4.794102354878103205e-03
2.668967132921258156e-03
1.597719601708867459e-03
1.039219025749403341e-03
7.250331735876342117e-04
-1.056846339409102560e-03
-1.483200138703345741e-03
-2.124820695266420312e-03
-2.917544624579289109e-03
-2.685953909052255385e-03
3.502875859716768174e-03
1.069445971206252170e-02
7.420807561357178374e-03
3.810715488114535011e-03
2.051677984253885440e-03
1.232774039858481815e-03
8.192225233857369695e-04
5.867026032794104033e-04
-1.074007981682083583e-03
-1.488273998556830782e-03
-2.096557866232077148e-03
-2.861354953302463425e-03
-3.174740673103196558e-03
-1.245391177396049445e-03
1.845072295094917153e-03
2.173695530140401858e-03
1.459769948666784752e-03
9.603512635481270283e-04
6.816794727519226004e-04
5.150106302840613695e-04
4.053191409701642663e-04
-1.014650838232942880e-03
-1.358735828719006417e-03
-1.826802391121757361e-03
-2.374212480979645112e-03
-2.731144355829592807e-03
-2.390799479529776873e-03
-1.426476675600451974e-03
-6.178177071752475030e-04
-1.564522483733643142e-04
8.505289904136312338e-05
1.923182899372683375e-04
2.261446978113849373e-04
2.252867801476621538e-04
-9.087532403519133850e-04
-1.165543256061400169e-03
-1.483711662184643678e-03
-1.822204648156163301e-03
-2.059808939312138265e-03
-2.028696511177271056e-03
-1.689399620448089672e-03
-1.189773726811165161e-03
-7.043795333732304426e-04
-3.386850304057136191e-04
-1.096981834701354658e-04
1.668244716380917886e-05
7.991354612447319143e-05
-7.867496614482443742e-04
-9.668602610238445161e-04
-1.170855623972297602e-03
-1.369064736496800310e-03
-1.503885497350024173e-03
-1.508504097669030987e-03
-1.353262970989845861e-03
-1.073318210597179641e-03
-7.496019613677551733e-04
-4.614092796347130901e-04
-2.472440600601850491e-04
-1.060376374224875290e-04
-1.989798505518074794e-05
-1.461967309968028239e-04
-1.154364691899876811e-04
-5.361642349479619357e-05
4.970536500522194229e-05
1.972048355046484354e-04
3.742172257803200977e-04
5.461777377551143902e-04
6.725216216715691839e-04
7.294875114529592117e-04
7.203933087582551275e-04
6.663355837420912274e-04
5.908768766243232065e-04
5.112193376045768211e-04
-2.339681864099501997e-04
-2.161311245249007479e-04
-1.557058881291711048e-04
-2.811773234592008792e-05
1.829461692619164333e-04
4.598952813844623755e-04
7.357332482359178489e-04
9.252280492624655791e-04
9.856814617661157664e-04
9.371271644746343799e-04
8.290560595410575214e-04
7.041972363685898963e-04
5.866693922254543215e-04
-3.479213505846823293e-04
-3.577221155943045698e-04
-3.141097508798228080e-04
-1.654722639719704257e-04
1.409339672782021838e-04
5.944011694287704281e-04
1.056778504311816236e-03
1.337513534229000474e-03
1.367542788865628656e-03
1.224973783603804751e-03
1.020327294618747927e-03
8.223203580495035397e-04
6.566366565714056892e-04
-4.842572037716314946e-04
-5.406901416601879494e-04
-5.393812976973998445e-04
-3.834527780734385788e-04
6.570169660156365010e-05
8.402225301949756576e-04
1.636309335482512501e-03
2.013675854698835071e-03
1.907367829946789986e-03
1.568525540294454660e-03
1.212370615691863536e-03
9.217807094374890885e-04
7.051959596014645195e-04
-6.290895176244375555e-04
-7.487686345604824181e-04
-8.202069194201927309e-04
-6.871174071219365333e-04
-4.725594989836026059e-05
1.264963811126186641e-03
2.587511618556057741e-03
2.968039470748085919e-03
2.520781738330105538e-03
1.871791426427375869e-03
1.338232766606159158e-03
9.640627888458647285e-04
7.119273611292072697e-04
-7.581537528839638485e-04
-9.433067097369358727e-04
-1.105387868661089883e-03
-1.044424361806733622e-03
-2.729571628801736455e-04
1.595584203559299993e-03
3.430668923645136936e-03
3.668984753404738470e-03
2.823296379783434180e-03
1.928115748296498977e-03
1.303471409186580075e-03
9.090374386522907238e-04
6.602541684202379180e-04
-8.444918516146744528e-04
-1.074291569976548602e-03
-1.309996856727017574e-03
-1.363008038568268342e-03
-7.300671399314244544e-04
1.043491771570894972e-03
2.840797439725132548e-03
3.087139676035237802e-03
2.331782456979926248e-03
1.568898077001909834e-03
1.059148236164654446e-03
7.455835874599359148e-04
5.496240612682603980e-04
-8.718575464535168471e-04
-1.109489634698314483e-03
-1.368010398315499523e-03
-1.512883356416946977e-03
-1.211407277232345652e-03
-1.762242491706437521e-04
1.017091249026121254e-03
1.444199536128680690e-03
1.240336049603068917e-03
9.209482576004236233e-04
6.767543920623746503e-04
5.122439063867661058e-04
4.009524601223572542e-04
-8.429047158552184244e-04
-1.055162900902934615e-03
-1.285903301782992392e-03
-1.453000452151128252e-03
-1.387373185257358621e-03
-9.548536982235897048e-04
-3.393745972682083410e-04
9.571796068321661733e-05
2.716595597691583218e-04
3.107156796473119903e-04
3.009463677735511574e-04
2.758459622513298719e-04
2.470228817649976682e-04
-7.747297917391629887e-04
-9.451777572505096463e-04
-1.124483522550744552e-03
-1.264688446255074266e-03
-1.285361623289178572e-03
-1.124550213610913882e-03
-8.235864587102160366e-04
-5.040495283367104392e-04
-2.496048240019873069e-04
-7.634715135287155319e-05
2.944457554029979027e-05
8.753317238024689410e-05
1.152892386268489396e-04
-6.877073148245856386e-04
-8.153797611354463102e-04
-9.435616690247833685e-04
-1.044092883574580842e-03
-1.077227142779912505e-03
-1.012051954494160933e-03
-8.538177910794474872e-04
-6.445332521986447570e-04
-4.342191588731973782e-04
-2.570230208649808539e-04
-1.256543237903051961e-04
-3.717814341868199579e-05
1.810818360134005390e-05
-1.166994732069575344e-04
-8.197540658886123951e-05
-2.073976490839088475e-05
7.288037208799929417e-05
1.976148212429772232e-04
3.397976020508603097e-04
4.738829255135799598e-04
5.724605054884815891e-04
6.198305721832165311e-04
6.177136709912920288e-04
5.798842436735833928e-04
5.228639904025353044e-04
4.597785643713085723e-04
-1.845271080310706109e-04
-1.547304187312228767e-04
-8.770245595118125162e-05
3.068224437774953126e-05
2.044236968219289251e-04
4.138156974003662919e-04
6.126800109102941479e-04
7.498055232131494363e-04
8.001409580838838957e-04
7.742365909330776227e-04
7.016510805170194515e-04
6.108777666652109297e-04
5.204377287662415854e-04
-2.699889670871041141e-04
-2.526630600090154738e-04
-1.855252237181516937e-04
-3.912280579144265390e-05
2.042621243614649502e-04
5.179845119835948218e-04
8.164085395450161077e-04
1.002358043771296768e-03
1.039843993631015722e-03
9.643929701642171967e-04
8.355824456598465611e-04
6.982542600219136548e-04
5.746873428138906054e-04
-3.698116877687276038e-04
-3.745323429113861470e-04
-3.172719561469615110e-04
-1.438610755950088603e-04
1.924653603181521676e-04
6.602429747339809332e-04
1.101700793305362535e-03
1.337064223875711593e-03
1.327298294969616850e-03
1.165612692879076928e-03
9.588656384595427642e-04
7.672185524375966029e-04
6.104051518390263319e-04
-4.748258639647366208e-04
-5.104793452800143131e-04
-4.767287997824880600e-04
-2.882125382945407077e-04
1.485920490911774559e-04
8.056054424043060424e-04
1.416806166406160391e-03
1.682816301256834539e-03
1.585680905077203840e-03
1.314404884934415813e-03
1.028450226287784281e-03
7.919343408534334746e-04
6.130929211023741473e-04
-5.702298589921358900e-04
-6.403539365264427404e-04
-6.432196283768192155e-04
-4.695785836489383791e-04
1.962475152454285372e-05
8.106561051471400034e-04
1.543782929185649917e-03
1.817753343008603802e-03
1.649213925998602301e-03
1.311679610718530491e-03
9.930108297751978879e-04
7.479283243079394702e-04
5.716149997488152203e-04
-6.396889480682090273e-04
-7.385326280784024070e-04
-7.825019282539069079e-04
-6.627129807105617849e-04
-2.320399854869164018e-04
5.123915037128411393e-04
1.223794758808868658e-03
1.506447342912765842e-03
1.376450972638570795e-03
1.094170237199844830e-03
8.300053936309318651e-04
6.292633558573024156e-04
4.857343685052369943e-04
-6.720939176967537839e-04
-7.855302293318221912e-04
-8.606866249080162221e-04
-8.122121334986613260e-04
-5.273657333517265842e-04
5.256902811136732024e-06
5.561631994651009383e-04
8.446153924474198880e-04
8.481718842724448671e-04
7.203022934483945200e-04
5.772398759096052708e-04
4.590566935669828752e-04
3.693471753404962586e-04
-6.663119483174133632e-04
-7.781303669636282453e-04
-8.652113300287681561e-04
-8.712259203330012091e-04
-7.270279122228170228e-04
-4.197274189847497827e-04
-5.952091139985735743e-05
2.016649015651927261e-04
3.168140055645082246e-04
3.350565921328224010e-04
3.124356474579099985e-04
2.786587572659616758e-04
2.449450486443376833e-04
-6.302335526647850385e-04
-7.286796329924473924e-04
-8.104712694089689830e-04
-8.413963551277128328e-04
-7.827812039088311979e-04
-6.230272684433562583e-04
-4.047502222037120266e-04
-1.985453473504089378e-04
-4.734751638785271113e-05
4.666177151122709619e-05
9.872718978842109526e-05
1.239715452267654383e-04
1.330905477848503453e-04
-5.756725169138027232e-04
-6.556683675199632315e-04
-7.231648406544680108e-04
-7.577176242742675706e-04
-7.377438208687766121e-04
-6.542120653977862976e-04
-5.217456808195799654e-04
-3.719445158483631318e-04
-2.340505049198622655e-04
-1.234247365371696496e-04
-4.294903165028873847e-05
1.123618369659539919e-05
4.523463199132097829e-05
