x, y, probability density 
-175.5, 175.5, 8.14815E-07 
-166.5, 175.5, 3.18519E-06 
-157.5, 175.5, 7.18519E-06 
-148.5, 175.5, 8.71605E-06 
-139.5, 175.5, 9.25926E-06 
-130.5, 175.5, 1.05926E-05 
-121.5, 175.5, 1.52346E-05 
-112.5, 175.5, 1.91852E-05 
-103.5, 175.5, 2.21975E-05 
-94.5, 175.5, 2.47407E-05 
-85.5, 175.5, 2.92593E-05 
-76.5, 175.5, 2.72840E-05 
-67.5, 175.5, 1.62716E-05 
-58.5, 175.5, 5.23457E-06 
-49.5, 175.5, 9.13580E-07 
-40.5, 175.5, 7.40741E-08 
-31.5, 175.5, 0.00000E+00 
-22.5, 175.5, 0.00000E+00 
-13.5, 175.5, 0.00000E+00 
-4.5, 175.5, 0.00000E+00 
4.5, 175.5, 0.00000E+00 
13.5, 175.5, 0.00000E+00 
22.5, 175.5, 0.00000E+00 
31.5, 175.5, 0.00000E+00 
40.5, 175.5, 0.00000E+00 
49.5, 175.5, 9.87654E-08 
58.5, 175.5, 2.46914E-07 
67.5, 175.5, 3.45679E-07 
76.5, 175.5, 1.97531E-07 
85.5, 175.5, 0.00000E+00 
94.5, 175.5, 0.00000E+00 
103.5, 175.5, 0.00000E+00 
112.5, 175.5, 0.00000E+00 
121.5, 175.5, 0.00000E+00 
130.5, 175.5, 0.00000E+00 
139.5, 175.5, 0.00000E+00 
148.5, 175.5, 0.00000E+00 
157.5, 175.5, 0.00000E+00 
166.5, 175.5, 0.00000E+00 
175.5, 175.5, 7.40741E-08 
-175.5, 166.5, 1.40741E-06 
-166.5, 166.5, 4.76543E-06 
-157.5, 166.5, 8.96296E-06 
-148.5, 166.5, 1.17531E-05 
-139.5, 166.5, 1.34568E-05 
-130.5, 166.5, 1.92840E-05 
-121.5, 166.5, 2.50123E-05 
-112.5, 166.5, 3.39506E-05 
-103.5, 166.5, 3.90123E-05 
-94.5, 166.5, 4.58765E-05 
-85.5, 166.5, 5.35556E-05 
-76.5, 166.5, 5.69136E-05 
-67.5, 166.5, 3.96049E-05 
-58.5, 166.5, 1.76790E-05 
-49.5, 166.5, 3.23457E-06 
-40.5, 166.5, 1.48148E-07 
-31.5, 166.5, 0.00000E+00 
-22.5, 166.5, 0.00000E+00 
-13.5, 166.5, 0.00000E+00 
-4.5, 166.5, 0.00000E+00 
4.5, 166.5, 0.00000E+00 
13.5, 166.5, 0.00000E+00 
22.5, 166.5, 0.00000E+00 
31.5, 166.5, 0.00000E+00 
40.5, 166.5, 2.46914E-08 
49.5, 166.5, 4.93827E-08 
58.5, 166.5, 9.87654E-08 
67.5, 166.5, 1.72840E-07 
76.5, 166.5, 1.72840E-07 
85.5, 166.5, 4.93827E-08 
94.5, 166.5, 0.00000E+00 
103.5, 166.5, 0.00000E+00 
112.5, 166.5, 0.00000E+00 
121.5, 166.5, 0.00000E+00 
130.5, 166.5, 0.00000E+00 
139.5, 166.5, 0.00000E+00 
148.5, 166.5, 0.00000E+00 
157.5, 166.5, 0.00000E+00 
166.5, 166.5, 0.00000E+00 
175.5, 166.5, 1.72840E-07 
-175.5, 157.5, 1.28395E-06 
-166.5, 157.5, 5.38272E-06 
-157.5, 157.5, 1.04198E-05 
-148.5, 157.5, 1.26914E-05 
-139.5, 157.5, 1.98765E-05 
-130.5, 157.5, 2.89877E-05 
-121.5, 157.5, 3.88395E-05 
-112.5, 157.5, 5.02963E-05 
-103.5, 157.5, 6.00494E-05 
-94.5, 157.5, 7.21728E-05 
-85.5, 157.5, 8.90123E-05 
-76.5, 157.5, 9.72593E-05 
-67.5, 157.5, 8.11605E-05 
-58.5, 157.5, 4.03704E-05 
-49.5, 157.5, 8.91358E-06 
-40.5, 157.5, 8.64198E-07 
-31.5, 157.5, 2.46914E-08 
-22.5, 157.5, 0.00000E+00 
-13.5, 157.5, 0.00000E+00 
-4.5, 157.5, 0.00000E+00 
4.5, 157.5, 0.00000E+00 
13.5, 157.5, 0.00000E+00 
22.5, 157.5, 0.00000E+00 
31.5, 157.5, 0.00000E+00 
40.5, 157.5, 0.00000E+00 
49.5, 157.5, 0.00000E+00 
58.5, 157.5, 2.71605E-07 
67.5, 157.5, 2.46914E-07 
76.5, 157.5, 3.20988E-07 
85.5, 157.5, 7.40741E-08 
94.5, 157.5, 0.00000E+00 
103.5, 157.5, 0.00000E+00 
112.5, 157.5, 0.00000E+00 
121.5, 157.5, 0.00000E+00 
130.5, 157.5, 0.00000E+00 
139.5, 157.5, 0.00000E+00 
148.5, 157.5, 0.00000E+00 
157.5, 157.5, 0.00000E+00 
166.5, 157.5, 2.46914E-08 
175.5, 157.5, 9.87654E-08 
-175.5, 148.5, 8.64198E-07 
-166.5, 148.5, 5.58025E-06 
-157.5, 148.5, 1.24444E-05 
-148.5, 148.5, 1.76296E-05 
-139.5, 148.5, 2.37531E-05 
-130.5, 148.5, 3.37778E-05 
-121.5, 148.5, 4.62963E-05 
-112.5, 148.5, 6.00988E-05 
-103.5, 148.5, 7.52593E-05 
-94.5, 148.5, 9.10864E-05 
-85.5, 148.5, 1.12889E-04 
-76.5, 148.5, 1.36494E-04 
-67.5, 148.5, 1.27679E-04 
-58.5, 148.5, 7.56543E-05 
-49.5, 148.5, 2.26667E-05 
-40.5, 148.5, 3.75309E-06 
-31.5, 148.5, 1.97531E-07 
-22.5, 148.5, 0.00000E+00 
-13.5, 148.5, 0.00000E+00 
-4.5, 148.5, 0.00000E+00 
4.5, 148.5, 0.00000E+00 
13.5, 148.5, 0.00000E+00 
22.5, 148.5, 0.00000E+00 
31.5, 148.5, 0.00000E+00 
40.5, 148.5, 0.00000E+00 
49.5, 148.5, 2.46914E-08 
58.5, 148.5, 1.48148E-07 
67.5, 148.5, 9.87654E-08 
76.5, 148.5, 1.97531E-07 
85.5, 148.5, 4.93827E-08 
94.5, 148.5, 0.00000E+00 
103.5, 148.5, 0.00000E+00 
112.5, 148.5, 0.00000E+00 
121.5, 148.5, 0.00000E+00 
130.5, 148.5, 0.00000E+00 
139.5, 148.5, 0.00000E+00 
148.5, 148.5, 0.00000E+00 
157.5, 148.5, 0.00000E+00 
166.5, 148.5, 0.00000E+00 
175.5, 148.5, 1.48148E-07 
-175.5, 139.5, 1.85185E-06 
-166.5, 139.5, 8.19753E-06 
-157.5, 139.5, 1.78272E-05 
-148.5, 139.5, 2.38272E-05 
-139.5, 139.5, 2.73086E-05 
-130.5, 139.5, 3.72346E-05 
-121.5, 139.5, 4.78272E-05 
-112.5, 139.5, 6.23951E-05 
-103.5, 139.5, 7.36790E-05 
-94.5, 139.5, 1.02741E-04 
-85.5, 139.5, 1.31062E-04 
-76.5, 139.5, 1.65506E-04 
-67.5, 139.5, 1.69259E-04 
-58.5, 139.5, 1.12815E-04 
-49.5, 139.5, 4.46667E-05 
-40.5, 139.5, 7.92593E-06 
-31.5, 139.5, 6.91358E-07 
-22.5, 139.5, 2.46914E-08 
-13.5, 139.5, 0.00000E+00 
-4.5, 139.5, 0.00000E+00 
4.5, 139.5, 0.00000E+00 
13.5, 139.5, 0.00000E+00 
22.5, 139.5, 0.00000E+00 
31.5, 139.5, 0.00000E+00 
40.5, 139.5, 0.00000E+00 
49.5, 139.5, 0.00000E+00 
58.5, 139.5, 4.93827E-08 
67.5, 139.5, 1.48148E-07 
76.5, 139.5, 1.72840E-07 
85.5, 139.5, 4.93827E-08 
94.5, 139.5, 0.00000E+00 
103.5, 139.5, 0.00000E+00 
112.5, 139.5, 0.00000E+00 
121.5, 139.5, 0.00000E+00 
130.5, 139.5, 0.00000E+00 
139.5, 139.5, 0.00000E+00 
148.5, 139.5, 0.00000E+00 
157.5, 139.5, 0.00000E+00 
166.5, 139.5, 0.00000E+00 
175.5, 139.5, 2.46914E-07 
-175.5, 130.5, 2.61728E-06 
-166.5, 130.5, 9.62963E-06 
-157.5, 130.5, 2.15802E-05 
-148.5, 130.5, 2.80494E-05 
-139.5, 130.5, 3.03457E-05 
-130.5, 130.5, 3.58519E-05 
-121.5, 130.5, 4.38765E-05 
-112.5, 130.5, 5.31605E-05 
-103.5, 130.5, 6.67654E-05 
-94.5, 130.5, 9.01235E-05 
-85.5, 130.5, 1.26691E-04 
-76.5, 130.5, 1.66963E-04 
-67.5, 130.5, 1.84963E-04 
-58.5, 130.5, 1.33556E-04 
-49.5, 130.5, 6.17284E-05 
-40.5, 130.5, 1.46420E-05 
-31.5, 130.5, 2.44444E-06 
-22.5, 130.5, 1.48148E-07 
-13.5, 130.5, 2.46914E-08 
-4.5, 130.5, 0.00000E+00 
4.5, 130.5, 0.00000E+00 
13.5, 130.5, 0.00000E+00 
22.5, 130.5, 0.00000E+00 
31.5, 130.5, 0.00000E+00 
40.5, 130.5, 0.00000E+00 
49.5, 130.5, 4.93827E-08 
58.5, 130.5, 9.87654E-08 
67.5, 130.5, 1.48148E-07 
76.5, 130.5, 1.23457E-07 
85.5, 130.5, 9.87654E-08 
94.5, 130.5, 2.46914E-08 
103.5, 130.5, 0.00000E+00 
112.5, 130.5, 2.46914E-08 
121.5, 130.5, 0.00000E+00 
130.5, 130.5, 0.00000E+00 
139.5, 130.5, 0.00000E+00 
148.5, 130.5, 0.00000E+00 
157.5, 130.5, 0.00000E+00 
166.5, 130.5, 2.46914E-08 
175.5, 130.5, 2.46914E-07 
-175.5, 121.5, 2.02469E-06 
-166.5, 121.5, 9.35802E-06 
-157.5, 121.5, 1.86420E-05 
-148.5, 121.5, 2.36543E-05 
-139.5, 121.5, 2.54815E-05 
-130.5, 121.5, 3.04198E-05 
-121.5, 121.5, 3.46667E-05 
-112.5, 121.5, 4.38025E-05 
-103.5, 121.5, 5.33827E-05 
-94.5, 121.5, 7.35309E-05 
-85.5, 121.5, 1.04840E-04 
-76.5, 121.5, 1.43235E-04 
-67.5, 121.5, 1.52173E-04 
-58.5, 121.5, 1.18272E-04 
-49.5, 121.5, 5.76296E-05 
-40.5, 121.5, 1.72346E-05 
-31.5, 121.5, 2.83951E-06 
-22.5, 121.5, 3.70370E-07 
-13.5, 121.5, 0.00000E+00 
-4.5, 121.5, 0.00000E+00 
4.5, 121.5, 0.00000E+00 
13.5, 121.5, 0.00000E+00 
22.5, 121.5, 0.00000E+00 
31.5, 121.5, 0.00000E+00 
40.5, 121.5, 0.00000E+00 
49.5, 121.5, 4.93827E-08 
58.5, 121.5, 9.87654E-08 
67.5, 121.5, 1.72840E-07 
76.5, 121.5, 2.71605E-07 
85.5, 121.5, 1.23457E-07 
94.5, 121.5, 2.46914E-08 
103.5, 121.5, 0.00000E+00 
112.5, 121.5, 0.00000E+00 
121.5, 121.5, 0.00000E+00 
130.5, 121.5, 0.00000E+00 
139.5, 121.5, 0.00000E+00 
148.5, 121.5, 0.00000E+00 
157.5, 121.5, 0.00000E+00 
166.5, 121.5, 0.00000E+00 
175.5, 121.5, 1.23457E-07 
-175.5, 112.5, 1.53086E-06 
-166.5, 112.5, 6.04938E-06 
-157.5, 112.5, 1.43210E-05 
-148.5, 112.5, 1.78272E-05 
-139.5, 112.5, 1.79753E-05 
-130.5, 112.5, 2.22222E-05 
-121.5, 112.5, 2.37284E-05 
-112.5, 112.5, 3.07160E-05 
-103.5, 112.5, 3.82222E-05 
-94.5, 112.5, 5.28148E-05 
-85.5, 112.5, 7.34815E-05 
-76.5, 112.5, 1.01852E-04 
-67.5, 112.5, 1.02519E-04 
-58.5, 112.5, 7.23457E-05 
-49.5, 112.5, 3.37284E-05 
-40.5, 112.5, 9.80247E-06 
-31.5, 112.5, 2.61728E-06 
-22.5, 112.5, 3.45679E-07 
-13.5, 112.5, 1.23457E-07 
-4.5, 112.5, 0.00000E+00 
4.5, 112.5, 0.00000E+00 
13.5, 112.5, 0.00000E+00 
22.5, 112.5, 0.00000E+00 
31.5, 112.5, 0.00000E+00 
40.5, 112.5, 4.93827E-08 
49.5, 112.5, 1.97531E-07 
58.5, 112.5, 1.72840E-07 
67.5, 112.5, 3.20988E-07 
76.5, 112.5, 1.48148E-07 
85.5, 112.5, 7.40741E-08 
94.5, 112.5, 2.46914E-08 
103.5, 112.5, 0.00000E+00 
112.5, 112.5, 0.00000E+00 
121.5, 112.5, 0.00000E+00 
130.5, 112.5, 0.00000E+00 
139.5, 112.5, 0.00000E+00 
148.5, 112.5, 0.00000E+00 
157.5, 112.5, 0.00000E+00 
166.5, 112.5, 0.00000E+00 
175.5, 112.5, 2.22222E-07 
-175.5, 103.5, 7.16049E-07 
-166.5, 103.5, 3.40741E-06 
-157.5, 103.5, 6.88889E-06 
-148.5, 103.5, 1.12099E-05 
-139.5, 103.5, 1.14074E-05 
-130.5, 103.5, 1.36049E-05 
-121.5, 103.5, 1.59753E-05 
-112.5, 103.5, 2.08395E-05 
-103.5, 103.5, 2.64938E-05 
-94.5, 103.5, 3.28395E-05 
-85.5, 103.5, 4.79259E-05 
-76.5, 103.5, 6.15062E-05 
-67.5, 103.5, 5.36049E-05 
-58.5, 103.5, 2.91605E-05 
-49.5, 103.5, 1.22469E-05 
-40.5, 103.5, 4.09877E-06 
-31.5, 103.5, 8.39506E-07 
-22.5, 103.5, 1.97531E-07 
-13.5, 103.5, 9.87654E-08 
-4.5, 103.5, 2.46914E-08 
4.5, 103.5, 4.93827E-08 
13.5, 103.5, 0.00000E+00 
22.5, 103.5, 2.46914E-08 
31.5, 103.5, 0.00000E+00 
40.5, 103.5, 1.23457E-07 
49.5, 103.5, 2.71605E-07 
58.5, 103.5, 2.96296E-07 
67.5, 103.5, 2.96296E-07 
76.5, 103.5, 1.72840E-07 
85.5, 103.5, 2.46914E-08 
94.5, 103.5, 0.00000E+00 
103.5, 103.5, 0.00000E+00 
112.5, 103.5, 0.00000E+00 
121.5, 103.5, 0.00000E+00 
130.5, 103.5, 0.00000E+00 
139.5, 103.5, 0.00000E+00 
148.5, 103.5, 0.00000E+00 
157.5, 103.5, 0.00000E+00 
166.5, 103.5, 0.00000E+00 
175.5, 103.5, 9.87654E-08 
-175.5, 94.5, 4.93827E-07 
-166.5, 94.5, 1.70370E-06 
-157.5, 94.5, 4.49383E-06 
-148.5, 94.5, 5.45679E-06 
-139.5, 94.5, 7.06173E-06 
-130.5, 94.5, 9.18519E-06 
-121.5, 94.5, 1.16049E-05 
-112.5, 94.5, 1.46420E-05 
-103.5, 94.5, 1.65432E-05 
-94.5, 94.5, 2.29136E-05 
-85.5, 94.5, 3.15309E-05 
-76.5, 94.5, 3.50370E-05 
-67.5, 94.5, 2.45926E-05 
-58.5, 94.5, 1.04444E-05 
-49.5, 94.5, 3.08642E-06 
-40.5, 94.5, 9.62963E-07 
-31.5, 94.5, 1.97531E-07 
-22.5, 94.5, 1.23457E-07 
-13.5, 94.5, 4.93827E-08 
-4.5, 94.5, 4.93827E-08 
4.5, 94.5, 4.93827E-08 
13.5, 94.5, 2.46914E-08 
22.5, 94.5, 4.93827E-08 
31.5, 94.5, 1.48148E-07 
40.5, 94.5, 1.97531E-07 
49.5, 94.5, 3.45679E-07 
58.5, 94.5, 5.92593E-07 
67.5, 94.5, 4.69136E-07 
76.5, 94.5, 1.72840E-07 
85.5, 94.5, 2.46914E-08 
94.5, 94.5, 2.46914E-08 
103.5, 94.5, 0.00000E+00 
112.5, 94.5, 0.00000E+00 
121.5, 94.5, 0.00000E+00 
130.5, 94.5, 0.00000E+00 
139.5, 94.5, 0.00000E+00 
148.5, 94.5, 0.00000E+00 
157.5, 94.5, 0.00000E+00 
166.5, 94.5, 2.46914E-08 
175.5, 94.5, 0.00000E+00 
-175.5, 85.5, 1.23457E-07 
-166.5, 85.5, 1.18519E-06 
-157.5, 85.5, 2.41975E-06 
-148.5, 85.5, 3.23457E-06 
-139.5, 85.5, 5.23457E-06 
-130.5, 85.5, 6.76543E-06 
-121.5, 85.5, 9.01235E-06 
-112.5, 85.5, 1.08395E-05 
-103.5, 85.5, 1.31852E-05 
-94.5, 85.5, 1.69877E-05 
-85.5, 85.5, 2.31111E-05 
-76.5, 85.5, 2.26420E-05 
-67.5, 85.5, 1.29136E-05 
-58.5, 85.5, 3.67901E-06 
-49.5, 85.5, 6.66667E-07 
-40.5, 85.5, 9.87654E-08 
-31.5, 85.5, 2.46914E-08 
-22.5, 85.5, 2.46914E-08 
-13.5, 85.5, 0.00000E+00 
-4.5, 85.5, 2.46914E-08 
4.5, 85.5, 2.46914E-08 
13.5, 85.5, 2.46914E-08 
22.5, 85.5, 1.23457E-07 
31.5, 85.5, 1.48148E-07 
40.5, 85.5, 7.40741E-07 
49.5, 85.5, 9.38272E-07 
58.5, 85.5, 1.01235E-06 
67.5, 85.5, 5.92593E-07 
76.5, 85.5, 1.23457E-07 
85.5, 85.5, 1.48148E-07 
94.5, 85.5, 0.00000E+00 
103.5, 85.5, 0.00000E+00 
112.5, 85.5, 0.00000E+00 
121.5, 85.5, 0.00000E+00 
130.5, 85.5, 0.00000E+00 
139.5, 85.5, 0.00000E+00 
148.5, 85.5, 0.00000E+00 
157.5, 85.5, 0.00000E+00 
166.5, 85.5, 0.00000E+00 
175.5, 85.5, 2.46914E-08 
-175.5, 76.5, 7.40741E-08 
-166.5, 76.5, 4.44444E-07 
-157.5, 76.5, 1.53086E-06 
-148.5, 76.5, 2.61728E-06 
-139.5, 76.5, 3.18519E-06 
-130.5, 76.5, 5.23457E-06 
-121.5, 76.5, 7.72840E-06 
-112.5, 76.5, 1.02716E-05 
-103.5, 76.5, 1.17284E-05 
-94.5, 76.5, 1.55556E-05 
-85.5, 76.5, 2.25679E-05 
-76.5, 76.5, 2.05185E-05 
-67.5, 76.5, 8.39506E-06 
-58.5, 76.5, 2.09877E-06 
-49.5, 76.5, 2.22222E-07 
-40.5, 76.5, 2.46914E-08 
-31.5, 76.5, 0.00000E+00 
-22.5, 76.5, 0.00000E+00 
-13.5, 76.5, 0.00000E+00 
-4.5, 76.5, 0.00000E+00 
4.5, 76.5, 0.00000E+00 
13.5, 76.5, 4.93827E-08 
22.5, 76.5, 2.71605E-07 
31.5, 76.5, 7.40741E-07 
40.5, 76.5, 1.50617E-06 
49.5, 76.5, 2.49383E-06 
58.5, 76.5, 1.65432E-06 
67.5, 76.5, 1.30864E-06 
76.5, 76.5, 2.96296E-07 
85.5, 76.5, 7.40741E-08 
94.5, 76.5, 0.00000E+00 
103.5, 76.5, 0.00000E+00 
112.5, 76.5, 0.00000E+00 
121.5, 76.5, 0.00000E+00 
130.5, 76.5, 0.00000E+00 
139.5, 76.5, 0.00000E+00 
148.5, 76.5, 0.00000E+00 
157.5, 76.5, 0.00000E+00 
166.5, 76.5, 0.00000E+00 
175.5, 76.5, 0.00000E+00 
-175.5, 67.5, 0.00000E+00 
-166.5, 67.5, 9.87654E-08 
-157.5, 67.5, 8.64198E-07 
-148.5, 67.5, 1.55556E-06 
-139.5, 67.5, 2.96296E-06 
-130.5, 67.5, 5.38272E-06 
-121.5, 67.5, 8.07407E-06 
-112.5, 67.5, 9.58025E-06 
-103.5, 67.5, 1.17284E-05 
-94.5, 67.5, 1.67160E-05 
-85.5, 67.5, 2.30864E-05 
-76.5, 67.5, 2.10617E-05 
-67.5, 67.5, 6.88889E-06 
-58.5, 67.5, 1.55556E-06 
-49.5, 67.5, 7.40741E-08 
-40.5, 67.5, 2.46914E-08 
-31.5, 67.5, 0.00000E+00 
-22.5, 67.5, 0.00000E+00 
-13.5, 67.5, 0.00000E+00 
-4.5, 67.5, 0.00000E+00 
4.5, 67.5, 0.00000E+00 
13.5, 67.5, 2.46914E-08 
22.5, 67.5, 1.72840E-07 
31.5, 67.5, 1.23457E-06 
40.5, 67.5, 2.69136E-06 
49.5, 67.5, 3.67901E-06 
58.5, 67.5, 3.75309E-06 
67.5, 67.5, 1.75309E-06 
76.5, 67.5, 5.67901E-07 
85.5, 67.5, 9.87654E-08 
94.5, 67.5, 0.00000E+00 
103.5, 67.5, 0.00000E+00 
112.5, 67.5, 0.00000E+00 
121.5, 67.5, 0.00000E+00 
130.5, 67.5, 0.00000E+00 
139.5, 67.5, 0.00000E+00 
148.5, 67.5, 0.00000E+00 
157.5, 67.5, 0.00000E+00 
166.5, 67.5, 0.00000E+00 
175.5, 67.5, 0.00000E+00 
-175.5, 58.5, 0.00000E+00 
-166.5, 58.5, 1.23457E-07 
-157.5, 58.5, 6.66667E-07 
-148.5, 58.5, 1.55556E-06 
-139.5, 58.5, 3.45679E-06 
-130.5, 58.5, 5.87654E-06 
-121.5, 58.5, 1.03951E-05 
-112.5, 58.5, 1.18765E-05 
-103.5, 58.5, 1.49383E-05 
-94.5, 58.5, 2.02963E-05 
-85.5, 58.5, 2.68395E-05 
-76.5, 58.5, 1.90617E-05 
-67.5, 58.5, 6.02469E-06 
-58.5, 58.5, 8.39506E-07 
-49.5, 58.5, 9.87654E-08 
-40.5, 58.5, 0.00000E+00 
-31.5, 58.5, 0.00000E+00 
-22.5, 58.5, 0.00000E+00 
-13.5, 58.5, 0.00000E+00 
-4.5, 58.5, 0.00000E+00 
4.5, 58.5, 0.00000E+00 
13.5, 58.5, 0.00000E+00 
22.5, 58.5, 1.72840E-07 
31.5, 58.5, 9.13580E-07 
40.5, 58.5, 4.46914E-06 
49.5, 58.5, 6.46914E-06 
58.5, 58.5, 4.93827E-06 
67.5, 58.5, 2.81481E-06 
76.5, 58.5, 6.66667E-07 
85.5, 58.5, 1.23457E-07 
94.5, 58.5, 0.00000E+00 
103.5, 58.5, 0.00000E+00 
112.5, 58.5, 0.00000E+00 
121.5, 58.5, 0.00000E+00 
130.5, 58.5, 0.00000E+00 
139.5, 58.5, 0.00000E+00 
148.5, 58.5, 0.00000E+00 
157.5, 58.5, 0.00000E+00 
166.5, 58.5, 0.00000E+00 
175.5, 58.5, 0.00000E+00 
-175.5, 49.5, 2.46914E-08 
-166.5, 49.5, 7.40741E-08 
-157.5, 49.5, 5.92593E-07 
-148.5, 49.5, 1.25926E-06 
-139.5, 49.5, 3.38272E-06 
-130.5, 49.5, 9.38272E-06 
-121.5, 49.5, 1.36049E-05 
-112.5, 49.5, 1.61975E-05 
-103.5, 49.5, 1.67160E-05 
-94.5, 49.5, 2.26420E-05 
-85.5, 49.5, 2.77037E-05 
-76.5, 49.5, 2.07901E-05 
-67.5, 49.5, 6.02469E-06 
-58.5, 49.5, 3.95062E-07 
-49.5, 49.5, 0.00000E+00 
-40.5, 49.5, 0.00000E+00 
-31.5, 49.5, 0.00000E+00 
-22.5, 49.5, 0.00000E+00 
-13.5, 49.5, 0.00000E+00 
-4.5, 49.5, 0.00000E+00 
4.5, 49.5, 0.00000E+00 
13.5, 49.5, 0.00000E+00 
22.5, 49.5, 9.87654E-08 
31.5, 49.5, 9.38272E-07 
40.5, 49.5, 4.93827E-06 
49.5, 49.5, 1.03457E-05 
58.5, 49.5, 9.23457E-06 
67.5, 49.5, 3.80247E-06 
76.5, 49.5, 8.88889E-07 
85.5, 49.5, 2.22222E-07 
94.5, 49.5, 2.46914E-08 
103.5, 49.5, 0.00000E+00 
112.5, 49.5, 0.00000E+00 
121.5, 49.5, 0.00000E+00 
130.5, 49.5, 0.00000E+00 
139.5, 49.5, 0.00000E+00 
148.5, 49.5, 0.00000E+00 
157.5, 49.5, 0.00000E+00 
166.5, 49.5, 0.00000E+00 
175.5, 49.5, 0.00000E+00 
-175.5, 40.5, 0.00000E+00 
-166.5, 40.5, 2.46914E-08 
-157.5, 40.5, 4.44444E-07 
-148.5, 40.5, 1.60494E-06 
-139.5, 40.5, 4.49383E-06 
-130.5, 40.5, 1.03704E-05 
-121.5, 40.5, 1.89877E-05 
-112.5, 40.5, 2.38272E-05 
-103.5, 40.5, 2.58025E-05 
-94.5, 40.5, 2.71111E-05 
-85.5, 40.5, 2.80741E-05 
-76.5, 40.5, 1.87901E-05 
-67.5, 40.5, 5.53086E-06 
-58.5, 40.5, 6.41975E-07 
-49.5, 40.5, 2.46914E-08 
-40.5, 40.5, 0.00000E+00 
-31.5, 40.5, 0.00000E+00 
-22.5, 40.5, 0.00000E+00 
-13.5, 40.5, 0.00000E+00 
-4.5, 40.5, 0.00000E+00 
4.5, 40.5, 0.00000E+00 
13.5, 40.5, 0.00000E+00 
22.5, 40.5, 0.00000E+00 
31.5, 40.5, 5.92593E-07 
40.5, 40.5, 3.43210E-06 
49.5, 40.5, 1.07160E-05 
58.5, 40.5, 1.13827E-05 
67.5, 40.5, 5.40741E-06 
76.5, 40.5, 1.25926E-06 
85.5, 40.5, 2.22222E-07 
94.5, 40.5, 2.46914E-08 
103.5, 40.5, 0.00000E+00 
112.5, 40.5, 0.00000E+00 
121.5, 40.5, 0.00000E+00 
130.5, 40.5, 0.00000E+00 
139.5, 40.5, 0.00000E+00 
148.5, 40.5, 0.00000E+00 
157.5, 40.5, 0.00000E+00 
166.5, 40.5, 0.00000E+00 
175.5, 40.5, 0.00000E+00 
-175.5, 31.5, 0.00000E+00 
-166.5, 31.5, 7.40741E-08 
-157.5, 31.5, 2.71605E-07 
-148.5, 31.5, 1.65432E-06 
-139.5, 31.5, 5.28395E-06 
-130.5, 31.5, 1.22716E-05 
-121.5, 31.5, 2.62469E-05 
-112.5, 31.5, 3.38025E-05 
-103.5, 31.5, 3.63457E-05 
-94.5, 31.5, 3.49136E-05 
-85.5, 31.5, 3.14074E-05 
-76.5, 31.5, 2.12099E-05 
-67.5, 31.5, 6.09877E-06 
-58.5, 31.5, 5.92593E-07 
-49.5, 31.5, 2.46914E-08 
-40.5, 31.5, 0.00000E+00 
-31.5, 31.5, 0.00000E+00 
-22.5, 31.5, 0.00000E+00 
-13.5, 31.5, 0.00000E+00 
-4.5, 31.5, 0.00000E+00 
4.5, 31.5, 0.00000E+00 
13.5, 31.5, 0.00000E+00 
22.5, 31.5, 0.00000E+00 
31.5, 31.5, 4.93827E-08 
40.5, 31.5, 1.58025E-06 
49.5, 31.5, 7.62963E-06 
58.5, 31.5, 1.07654E-05 
67.5, 31.5, 7.13580E-06 
76.5, 31.5, 1.87654E-06 
85.5, 31.5, 1.97531E-07 
94.5, 31.5, 2.46914E-08 
103.5, 31.5, 2.46914E-08 
112.5, 31.5, 0.00000E+00 
121.5, 31.5, 0.00000E+00 
130.5, 31.5, 0.00000E+00 
139.5, 31.5, 0.00000E+00 
148.5, 31.5, 0.00000E+00 
157.5, 31.5, 0.00000E+00 
166.5, 31.5, 0.00000E+00 
175.5, 31.5, 0.00000E+00 
-175.5, 22.5, 0.00000E+00 
-166.5, 22.5, 2.46914E-08 
-157.5, 22.5, 2.96296E-07 
-148.5, 22.5, 1.72840E-06 
-139.5, 22.5, 5.48148E-06 
-130.5, 22.5, 1.52099E-05 
-121.5, 22.5, 3.22963E-05 
-112.5, 22.5, 4.45432E-05 
-103.5, 22.5, 4.99753E-05 
-94.5, 22.5, 4.41481E-05 
-85.5, 22.5, 3.95802E-05 
-76.5, 22.5, 2.37778E-05 
-67.5, 22.5, 7.23457E-06 
-58.5, 22.5, 9.38272E-07 
-49.5, 22.5, 0.00000E+00 
-40.5, 22.5, 0.00000E+00 
-31.5, 22.5, 0.00000E+00 
-22.5, 22.5, 0.00000E+00 
-13.5, 22.5, 0.00000E+00 
-4.5, 22.5, 0.00000E+00 
4.5, 22.5, 0.00000E+00 
13.5, 22.5, 0.00000E+00 
22.5, 22.5, 0.00000E+00 
31.5, 22.5, 0.00000E+00 
40.5, 22.5, 3.45679E-07 
49.5, 22.5, 3.75309E-06 
58.5, 22.5, 7.65432E-06 
67.5, 22.5, 6.54321E-06 
76.5, 22.5, 1.82716E-06 
85.5, 22.5, 2.46914E-07 
94.5, 22.5, 9.87654E-08 
103.5, 22.5, 2.46914E-08 
112.5, 22.5, 0.00000E+00 
121.5, 22.5, 0.00000E+00 
130.5, 22.5, 0.00000E+00 
139.5, 22.5, 0.00000E+00 
148.5, 22.5, 0.00000E+00 
157.5, 22.5, 0.00000E+00 
166.5, 22.5, 0.00000E+00 
175.5, 22.5, 0.00000E+00 
-175.5, 13.5, 0.00000E+00 
-166.5, 13.5, 7.40741E-08 
-157.5, 13.5, 3.95062E-07 
-148.5, 13.5, 1.40741E-06 
-139.5, 13.5, 5.18519E-06 
-130.5, 13.5, 1.61728E-05 
-121.5, 13.5, 3.34568E-05 
-112.5, 13.5, 5.52593E-05 
-103.5, 13.5, 6.37037E-05 
-94.5, 13.5, 6.46420E-05 
-85.5, 13.5, 5.31605E-05 
-76.5, 13.5, 3.50123E-05 
-67.5, 13.5, 1.23704E-05 
-58.5, 13.5, 1.75309E-06 
-49.5, 13.5, 7.40741E-08 
-40.5, 13.5, 0.00000E+00 
-31.5, 13.5, 0.00000E+00 
-22.5, 13.5, 0.00000E+00 
-13.5, 13.5, 0.00000E+00 
-4.5, 13.5, 0.00000E+00 
4.5, 13.5, 0.00000E+00 
13.5, 13.5, 0.00000E+00 
22.5, 13.5, 0.00000E+00 
31.5, 13.5, 0.00000E+00 
40.5, 13.5, 4.93827E-08 
49.5, 13.5, 1.40741E-06 
58.5, 13.5, 4.19753E-06 
67.5, 13.5, 4.93827E-06 
76.5, 13.5, 1.55556E-06 
85.5, 13.5, 3.45679E-07 
94.5, 13.5, 2.46914E-08 
103.5, 13.5, 0.00000E+00 
112.5, 13.5, 0.00000E+00 
121.5, 13.5, 0.00000E+00 
130.5, 13.5, 0.00000E+00 
139.5, 13.5, 0.00000E+00 
148.5, 13.5, 0.00000E+00 
157.5, 13.5, 0.00000E+00 
166.5, 13.5, 0.00000E+00 
175.5, 13.5, 0.00000E+00 
-175.5, 4.5, 0.00000E+00 
-166.5, 4.5, 4.93827E-08 
-157.5, 4.5, 7.65432E-07 
-148.5, 4.5, 1.06173E-06 
-139.5, 4.5, 4.02469E-06 
-130.5, 4.5, 1.30617E-05 
-121.5, 4.5, 2.93333E-05 
-112.5, 4.5, 5.72840E-05 
-103.5, 4.5, 7.72840E-05 
-94.5, 4.5, 8.34074E-05 
-85.5, 4.5, 7.85185E-05 
-76.5, 4.5, 5.42469E-05 
-67.5, 4.5, 2.20247E-05 
-58.5, 4.5, 3.80247E-06 
-49.5, 4.5, 3.70370E-07 
-40.5, 4.5, 0.00000E+00 
-31.5, 4.5, 0.00000E+00 
-22.5, 4.5, 0.00000E+00 
-13.5, 4.5, 0.00000E+00 
-4.5, 4.5, 0.00000E+00 
4.5, 4.5, 0.00000E+00 
13.5, 4.5, 0.00000E+00 
22.5, 4.5, 0.00000E+00 
31.5, 4.5, 0.00000E+00 
40.5, 4.5, 0.00000E+00 
49.5, 4.5, 6.17284E-07 
58.5, 4.5, 2.59259E-06 
67.5, 4.5, 3.48148E-06 
76.5, 4.5, 1.90123E-06 
85.5, 4.5, 4.19753E-07 
94.5, 4.5, 7.40741E-08 
103.5, 4.5, 0.00000E+00 
112.5, 4.5, 0.00000E+00 
121.5, 4.5, 0.00000E+00 
130.5, 4.5, 0.00000E+00 
139.5, 4.5, 0.00000E+00 
148.5, 4.5, 0.00000E+00 
157.5, 4.5, 0.00000E+00 
166.5, 4.5, 0.00000E+00 
175.5, 4.5, 0.00000E+00 
-175.5, -4.5, 0.00000E+00 
-166.5, -4.5, 7.40741E-08 
-157.5, -4.5, 2.71605E-07 
-148.5, -4.5, 7.40741E-07 
-139.5, -4.5, 2.66667E-06 
-130.5, -4.5, 9.80247E-06 
-121.5, -4.5, 2.40741E-05 
-112.5, -4.5, 4.89136E-05 
-103.5, -4.5, 7.47160E-05 
-94.5, -4.5, 9.18519E-05 
-85.5, -4.5, 9.93333E-05 
-76.5, -4.5, 8.06667E-05 
-67.5, -4.5, 3.99506E-05 
-58.5, -4.5, 8.19753E-06 
-49.5, -4.5, 7.16049E-07 
-40.5, -4.5, 4.93827E-08 
-31.5, -4.5, 0.00000E+00 
-22.5, -4.5, 0.00000E+00 
-13.5, -4.5, 0.00000E+00 
-4.5, -4.5, 0.00000E+00 
4.5, -4.5, 0.00000E+00 
13.5, -4.5, 0.00000E+00 
22.5, -4.5, 0.00000E+00 
31.5, -4.5, 0.00000E+00 
40.5, -4.5, 9.87654E-08 
49.5, -4.5, 2.46914E-07 
58.5, -4.5, 1.08642E-06 
67.5, -4.5, 1.55556E-06 
76.5, -4.5, 1.18519E-06 
85.5, -4.5, 2.46914E-07 
94.5, -4.5, 2.46914E-08 
103.5, -4.5, 0.00000E+00 
112.5, -4.5, 0.00000E+00 
121.5, -4.5, 0.00000E+00 
130.5, -4.5, 0.00000E+00 
139.5, -4.5, 0.00000E+00 
148.5, -4.5, 0.00000E+00 
157.5, -4.5, 0.00000E+00 
166.5, -4.5, 0.00000E+00 
175.5, -4.5, 0.00000E+00 
-175.5, -13.5, 0.00000E+00 
-166.5, -13.5, 0.00000E+00 
-157.5, -13.5, 2.22222E-07 
-148.5, -13.5, 5.67901E-07 
-139.5, -13.5, 1.75309E-06 
-130.5, -13.5, 6.54321E-06 
-121.5, -13.5, 1.84198E-05 
-112.5, -13.5, 4.05185E-05 
-103.5, -13.5, 6.57037E-05 
-94.5, -13.5, 8.87160E-05 
-85.5, -13.5, 1.09284E-04 
-76.5, -13.5, 1.07086E-04 
-67.5, -13.5, 6.38765E-05 
-58.5, -13.5, 1.91852E-05 
-49.5, -13.5, 1.95062E-06 
-40.5, -13.5, 4.93827E-08 
-31.5, -13.5, 0.00000E+00 
-22.5, -13.5, 0.00000E+00 
-13.5, -13.5, 0.00000E+00 
-4.5, -13.5, 0.00000E+00 
4.5, -13.5, 0.00000E+00 
13.5, -13.5, 0.00000E+00 
22.5, -13.5, 0.00000E+00 
31.5, -13.5, 0.00000E+00 
40.5, -13.5, 4.93827E-08 
49.5, -13.5, 2.22222E-07 
58.5, -13.5, 9.38272E-07 
67.5, -13.5, 1.70370E-06 
76.5, -13.5, 7.40741E-07 
85.5, -13.5, 3.45679E-07 
94.5, -13.5, 4.93827E-08 
103.5, -13.5, 0.00000E+00 
112.5, -13.5, 0.00000E+00 
121.5, -13.5, 0.00000E+00 
130.5, -13.5, 0.00000E+00 
139.5, -13.5, 0.00000E+00 
148.5, -13.5, 0.00000E+00 
157.5, -13.5, 0.00000E+00 
166.5, -13.5, 0.00000E+00 
175.5, -13.5, 0.00000E+00 
-175.5, -22.5, 0.00000E+00 
-166.5, -22.5, 2.46914E-08 
-157.5, -22.5, 1.48148E-07 
-148.5, -22.5, 2.46914E-07 
-139.5, -22.5, 1.67901E-06 
-130.5, -22.5, 4.61728E-06 
-121.5, -22.5, 1.35309E-05 
-112.5, -22.5, 3.16543E-05 
-103.5, -22.5, 5.69630E-05 
-94.5, -22.5, 7.97037E-05 
-85.5, -22.5, 1.08963E-04 
-76.5, -22.5, 1.22099E-04 
-67.5, -22.5, 9.24444E-05 
-58.5, -22.5, 3.76790E-05 
-49.5, -22.5, 6.44444E-06 
-40.5, -22.5, 4.19753E-07 
-31.5, -22.5, 0.00000E+00 
-22.5, -22.5, 0.00000E+00 
-13.5, -22.5, 0.00000E+00 
-4.5, -22.5, 0.00000E+00 
4.5, -22.5, 0.00000E+00 
13.5, -22.5, 0.00000E+00 
22.5, -22.5, 0.00000E+00 
31.5, -22.5, 0.00000E+00 
40.5, -22.5, 2.46914E-08 
49.5, -22.5, 1.72840E-07 
58.5, -22.5, 6.41975E-07 
67.5, -22.5, 1.18519E-06 
76.5, -22.5, 6.66667E-07 
85.5, -22.5, 1.48148E-07 
94.5, -22.5, 2.46914E-08 
103.5, -22.5, 0.00000E+00 
112.5, -22.5, 0.00000E+00 
121.5, -22.5, 0.00000E+00 
130.5, -22.5, 0.00000E+00 
139.5, -22.5, 0.00000E+00 
148.5, -22.5, 0.00000E+00 
157.5, -22.5, 0.00000E+00 
166.5, -22.5, 0.00000E+00 
175.5, -22.5, 0.00000E+00 
-175.5, -31.5, 0.00000E+00 
-166.5, -31.5, 0.00000E+00 
-157.5, -31.5, 1.72840E-07 
-148.5, -31.5, 4.19753E-07 
-139.5, -31.5, 1.11111E-06 
-130.5, -31.5, 3.62963E-06 
-121.5, -31.5, 1.06914E-05 
-112.5, -31.5, 2.46173E-05 
-103.5, -31.5, 4.68395E-05 
-94.5, -31.5, 7.32099E-05 
-85.5, -31.5, 1.07012E-04 
-76.5, -31.5, 1.30840E-04 
-67.5, -31.5, 1.18741E-04 
-58.5, -31.5, 6.26173E-05 
-49.5, -31.5, 1.63210E-05 
-40.5, -31.5, 1.60494E-06 
-31.5, -31.5, 4.93827E-08 
-22.5, -31.5, 0.00000E+00 
-13.5, -31.5, 0.00000E+00 
-4.5, -31.5, 0.00000E+00 
4.5, -31.5, 0.00000E+00 
13.5, -31.5, 0.00000E+00 
22.5, -31.5, 0.00000E+00 
31.5, -31.5, 0.00000E+00 
40.5, -31.5, 0.00000E+00 
49.5, -31.5, 1.48148E-07 
58.5, -31.5, 4.93827E-07 
67.5, -31.5, 8.64198E-07 
76.5, -31.5, 1.08642E-06 
85.5, -31.5, 2.22222E-07 
94.5, -31.5, 7.40741E-08 
103.5, -31.5, 0.00000E+00 
112.5, -31.5, 0.00000E+00 
121.5, -31.5, 0.00000E+00 
130.5, -31.5, 0.00000E+00 
139.5, -31.5, 0.00000E+00 
148.5, -31.5, 0.00000E+00 
157.5, -31.5, 0.00000E+00 
166.5, -31.5, 0.00000E+00 
175.5, -31.5, 0.00000E+00 
-175.5, -40.5, 0.00000E+00 
-166.5, -40.5, 4.93827E-08 
-157.5, -40.5, 2.46914E-07 
-148.5, -40.5, 7.40741E-07 
-139.5, -40.5, 1.58025E-06 
-130.5, -40.5, 4.19753E-06 
-121.5, -40.5, 1.02222E-05 
-112.5, -40.5, 2.05926E-05 
-103.5, -40.5, 4.02222E-05 
-94.5, -40.5, 6.07160E-05 
-85.5, -40.5, 9.13580E-05 
-76.5, -40.5, 1.18963E-04 
-67.5, -40.5, 1.17580E-04 
-58.5, -40.5, 8.06914E-05 
-49.5, -40.5, 2.63457E-05 
-40.5, -40.5, 4.96296E-06 
-31.5, -40.5, 3.20988E-07 
-22.5, -40.5, 0.00000E+00 
-13.5, -40.5, 0.00000E+00 
-4.5, -40.5, 0.00000E+00 
4.5, -40.5, 0.00000E+00 
13.5, -40.5, 0.00000E+00 
22.5, -40.5, 0.00000E+00 
31.5, -40.5, 0.00000E+00 
40.5, -40.5, 2.46914E-08 
49.5, -40.5, 4.93827E-08 
58.5, -40.5, 5.67901E-07 
67.5, -40.5, 1.06173E-06 
76.5, -40.5, 8.88889E-07 
85.5, -40.5, 1.23457E-07 
94.5, -40.5, 2.46914E-08 
103.5, -40.5, 0.00000E+00 
112.5, -40.5, 0.00000E+00 
121.5, -40.5, 0.00000E+00 
130.5, -40.5, 0.00000E+00 
139.5, -40.5, 0.00000E+00 
148.5, -40.5, 0.00000E+00 
157.5, -40.5, 0.00000E+00 
166.5, -40.5, 0.00000E+00 
175.5, -40.5, 0.00000E+00 
-175.5, -49.5, 2.46914E-08 
-166.5, -49.5, 7.40741E-08 
-157.5, -49.5, 5.92593E-07 
-148.5, -49.5, 1.16049E-06 
-139.5, -49.5, 2.09877E-06 
-130.5, -49.5, 5.23457E-06 
-121.5, -49.5, 8.46914E-06 
-112.5, -49.5, 1.64691E-05 
-103.5, -49.5, 3.03210E-05 
-94.5, -49.5, 4.46173E-05 
-85.5, -49.5, 6.34815E-05 
-76.5, -49.5, 8.53580E-05 
-67.5, -49.5, 8.81975E-05 
-58.5, -49.5, 6.56790E-05 
-49.5, -49.5, 2.90617E-05 
-40.5, -49.5, 6.93827E-06 
-31.5, -49.5, 7.90123E-07 
-22.5, -49.5, 9.87654E-08 
-13.5, -49.5, 0.00000E+00 
-4.5, -49.5, 0.00000E+00 
4.5, -49.5, 0.00000E+00 
13.5, -49.5, 0.00000E+00 
22.5, -49.5, 0.00000E+00 
31.5, -49.5, 0.00000E+00 
40.5, -49.5, 0.00000E+00 
49.5, -49.5, 2.46914E-08 
58.5, -49.5, 6.41975E-07 
67.5, -49.5, 5.43210E-07 
76.5, -49.5, 1.03704E-06 
85.5, -49.5, 9.87654E-08 
94.5, -49.5, 0.00000E+00 
103.5, -49.5, 0.00000E+00 
112.5, -49.5, 0.00000E+00 
121.5, -49.5, 0.00000E+00 
130.5, -49.5, 0.00000E+00 
139.5, -49.5, 0.00000E+00 
148.5, -49.5, 0.00000E+00 
157.5, -49.5, 0.00000E+00 
166.5, -49.5, 2.46914E-08 
175.5, -49.5, 0.00000E+00 
-175.5, -58.5, 4.93827E-08 
-166.5, -58.5, 5.18519E-07 
-157.5, -58.5, 8.88889E-07 
-148.5, -58.5, 1.62963E-06 
-139.5, -58.5, 2.79012E-06 
-130.5, -58.5, 4.37037E-06 
-121.5, -58.5, 6.66667E-06 
-112.5, -58.5, 1.20741E-05 
-103.5, -58.5, 1.98272E-05 
-94.5, -58.5, 2.54568E-05 
-85.5, -58.5, 3.62716E-05 
-76.5, -58.5, 4.45432E-05 
-67.5, -58.5, 4.55309E-05 
-58.5, -58.5, 3.53580E-05 
-49.5, -58.5, 1.73580E-05 
-40.5, -58.5, 5.40741E-06 
-31.5, -58.5, 8.14815E-07 
-22.5, -58.5, 1.23457E-07 
-13.5, -58.5, 0.00000E+00 
-4.5, -58.5, 0.00000E+00 
4.5, -58.5, 0.00000E+00 
13.5, -58.5, 0.00000E+00 
22.5, -58.5, 0.00000E+00 
31.5, -58.5, 0.00000E+00 
40.5, -58.5, 2.46914E-08 
49.5, -58.5, 4.93827E-08 
58.5, -58.5, 3.45679E-07 
67.5, -58.5, 6.41975E-07 
76.5, -58.5, 3.45679E-07 
85.5, -58.5, 1.72840E-07 
94.5, -58.5, 0.00000E+00 
103.5, -58.5, 0.00000E+00 
112.5, -58.5, 0.00000E+00 
121.5, -58.5, 0.00000E+00 
130.5, -58.5, 0.00000E+00 
139.5, -58.5, 0.00000E+00 
148.5, -58.5, 0.00000E+00 
157.5, -58.5, 0.00000E+00 
166.5, -58.5, 0.00000E+00 
175.5, -58.5, 2.46914E-08 
-175.5, -67.5, 1.97531E-07 
-166.5, -67.5, 4.69136E-07 
-157.5, -67.5, 1.16049E-06 
-148.5, -67.5, 1.53086E-06 
-139.5, -67.5, 2.12346E-06 
-130.5, -67.5, 3.25926E-06 
-121.5, -67.5, 4.83951E-06 
-112.5, -67.5, 6.69136E-06 
-103.5, -67.5, 9.53086E-06 
-94.5, -67.5, 1.15802E-05 
-85.5, -67.5, 1.43704E-05 
-76.5, -67.5, 1.86173E-05 
-67.5, -67.5, 1.65926E-05 
-58.5, -67.5, 1.17284E-05 
-49.5, -67.5, 5.43210E-06 
-40.5, -67.5, 1.97531E-06 
-31.5, -67.5, 4.93827E-07 
-22.5, -67.5, 7.40741E-08 
-13.5, -67.5, 2.46914E-08 
-4.5, -67.5, 2.46914E-08 
4.5, -67.5, 0.00000E+00 
13.5, -67.5, 0.00000E+00 
22.5, -67.5, 0.00000E+00 
31.5, -67.5, 0.00000E+00 
40.5, -67.5, 0.00000E+00 
49.5, -67.5, 7.40741E-08 
58.5, -67.5, 1.48148E-07 
67.5, -67.5, 3.95062E-07 
76.5, -67.5, 3.45679E-07 
85.5, -67.5, 1.48148E-07 
94.5, -67.5, 0.00000E+00 
103.5, -67.5, 0.00000E+00 
112.5, -67.5, 0.00000E+00 
121.5, -67.5, 0.00000E+00 
130.5, -67.5, 0.00000E+00 
139.5, -67.5, 0.00000E+00 
148.5, -67.5, 0.00000E+00 
157.5, -67.5, 0.00000E+00 
166.5, -67.5, 0.00000E+00 
175.5, -67.5, 0.00000E+00 
-175.5, -76.5, 7.40741E-08 
-166.5, -76.5, 2.96296E-07 
-157.5, -76.5, 8.39506E-07 
-148.5, -76.5, 1.50617E-06 
-139.5, -76.5, 1.20988E-06 
-130.5, -76.5, 2.56790E-06 
-121.5, -76.5, 2.69136E-06 
-112.5, -76.5, 3.50617E-06 
-103.5, -76.5, 4.41975E-06 
-94.5, -76.5, 5.16049E-06 
-85.5, -76.5, 5.77778E-06 
-76.5, -76.5, 5.55556E-06 
-67.5, -76.5, 4.39506E-06 
-58.5, -76.5, 2.91358E-06 
-49.5, -76.5, 9.13580E-07 
-40.5, -76.5, 6.91358E-07 
-31.5, -76.5, 1.48148E-07 
-22.5, -76.5, 2.46914E-08 
-13.5, -76.5, 4.93827E-08 
-4.5, -76.5, 0.00000E+00 
4.5, -76.5, 0.00000E+00 
13.5, -76.5, 2.46914E-08 
22.5, -76.5, 0.00000E+00 
31.5, -76.5, 0.00000E+00 
40.5, -76.5, 4.93827E-08 
49.5, -76.5, 0.00000E+00 
58.5, -76.5, 1.23457E-07 
67.5, -76.5, 1.97531E-07 
76.5, -76.5, 7.40741E-08 
85.5, -76.5, 4.93827E-08 
94.5, -76.5, 2.46914E-08 
103.5, -76.5, 0.00000E+00 
112.5, -76.5, 0.00000E+00 
121.5, -76.5, 0.00000E+00 
130.5, -76.5, 0.00000E+00 
139.5, -76.5, 0.00000E+00 
148.5, -76.5, 0.00000E+00 
157.5, -76.5, 0.00000E+00 
166.5, -76.5, 0.00000E+00 
175.5, -76.5, 2.46914E-08 
-175.5, -85.5, 7.40741E-08 
-166.5, -85.5, 1.72840E-07 
-157.5, -85.5, 7.65432E-07 
-148.5, -85.5, 6.91358E-07 
-139.5, -85.5, 7.90123E-07 
-130.5, -85.5, 1.13580E-06 
-121.5, -85.5, 1.48148E-06 
-112.5, -85.5, 2.41975E-06 
-103.5, -85.5, 2.61728E-06 
-94.5, -85.5, 1.82716E-06 
-85.5, -85.5, 1.90123E-06 
-76.5, -85.5, 2.09877E-06 
-67.5, -85.5, 1.45679E-06 
-58.5, -85.5, 6.17284E-07 
-49.5, -85.5, 1.97531E-07 
-40.5, -85.5, 1.48148E-07 
-31.5, -85.5, 4.93827E-08 
-22.5, -85.5, 0.00000E+00 
-13.5, -85.5, 0.00000E+00 
-4.5, -85.5, 0.00000E+00 
4.5, -85.5, 0.00000E+00 
13.5, -85.5, 0.00000E+00 
22.5, -85.5, 2.46914E-08 
31.5, -85.5, 2.46914E-08 
40.5, -85.5, 4.93827E-08 
49.5, -85.5, 7.40741E-08 
58.5, -85.5, 1.97531E-07 
67.5, -85.5, 9.87654E-08 
76.5, -85.5, 4.93827E-08 
85.5, -85.5, 4.93827E-08 
94.5, -85.5, 0.00000E+00 
103.5, -85.5, 0.00000E+00 
112.5, -85.5, 0.00000E+00 
121.5, -85.5, 0.00000E+00 
130.5, -85.5, 0.00000E+00 
139.5, -85.5, 0.00000E+00 
148.5, -85.5, 0.00000E+00 
157.5, -85.5, 0.00000E+00 
166.5, -85.5, 0.00000E+00 
175.5, -85.5, 0.00000E+00 
-175.5, -94.5, 0.00000E+00 
-166.5, -94.5, 9.87654E-08 
-157.5, -94.5, 7.40741E-08 
-148.5, -94.5, 3.45679E-07 
-139.5, -94.5, 4.69136E-07 
-130.5, -94.5, 5.18519E-07 
-121.5, -94.5, 9.38272E-07 
-112.5, -94.5, 1.45679E-06 
-103.5, -94.5, 1.28395E-06 
-94.5, -94.5, 1.23457E-06 
-85.5, -94.5, 1.30864E-06 
-76.5, -94.5, 1.01235E-06 
-67.5, -94.5, 3.95062E-07 
-58.5, -94.5, 9.87654E-08 
-49.5, -94.5, 2.46914E-08 
-40.5, -94.5, 0.00000E+00 
-31.5, -94.5, 0.00000E+00 
-22.5, -94.5, 0.00000E+00 
-13.5, -94.5, 0.00000E+00 
-4.5, -94.5, 0.00000E+00 
4.5, -94.5, 0.00000E+00 
13.5, -94.5, 0.00000E+00 
22.5, -94.5, 2.46914E-08 
31.5, -94.5, 2.46914E-08 
40.5, -94.5, 1.72840E-07 
49.5, -94.5, 4.93827E-08 
58.5, -94.5, 1.72840E-07 
67.5, -94.5, 1.48148E-07 
76.5, -94.5, 0.00000E+00 
85.5, -94.5, 2.46914E-08 
94.5, -94.5, 0.00000E+00 
103.5, -94.5, 0.00000E+00 
112.5, -94.5, 0.00000E+00 
121.5, -94.5, 0.00000E+00 
130.5, -94.5, 0.00000E+00 
139.5, -94.5, 0.00000E+00 
148.5, -94.5, 0.00000E+00 
157.5, -94.5, 0.00000E+00 
166.5, -94.5, 0.00000E+00 
175.5, -94.5, 0.00000E+00 
-175.5, -103.5, 0.00000E+00 
-166.5, -103.5, 0.00000E+00 
-157.5, -103.5, 1.23457E-07 
-148.5, -103.5, 1.97531E-07 
-139.5, -103.5, 1.97531E-07 
-130.5, -103.5, 4.44444E-07 
-121.5, -103.5, 8.88889E-07 
-112.5, -103.5, 1.11111E-06 
-103.5, -103.5, 1.23457E-06 
-94.5, -103.5, 1.06173E-06 
-85.5, -103.5, 9.13580E-07 
-76.5, -103.5, 3.20988E-07 
-67.5, -103.5, 2.71605E-07 
-58.5, -103.5, 4.93827E-08 
-49.5, -103.5, 0.00000E+00 
-40.5, -103.5, 0.00000E+00 
-31.5, -103.5, 0.00000E+00 
-22.5, -103.5, 0.00000E+00 
-13.5, -103.5, 0.00000E+00 
-4.5, -103.5, 0.00000E+00 
4.5, -103.5, 0.00000E+00 
13.5, -103.5, 0.00000E+00 
22.5, -103.5, 2.46914E-08 
31.5, -103.5, 9.87654E-08 
40.5, -103.5, 2.22222E-07 
49.5, -103.5, 2.96296E-07 
58.5, -103.5, 3.20988E-07 
67.5, -103.5, 1.97531E-07 
76.5, -103.5, 9.87654E-08 
85.5, -103.5, 2.46914E-08 
94.5, -103.5, 0.00000E+00 
103.5, -103.5, 0.00000E+00 
112.5, -103.5, 0.00000E+00 
121.5, -103.5, 0.00000E+00 
130.5, -103.5, 0.00000E+00 
139.5, -103.5, 0.00000E+00 
148.5, -103.5, 0.00000E+00 
157.5, -103.5, 0.00000E+00 
166.5, -103.5, 0.00000E+00 
175.5, -103.5, 0.00000E+00 
-175.5, -112.5, 0.00000E+00 
-166.5, -112.5, 2.46914E-08 
-157.5, -112.5, 9.87654E-08 
-148.5, -112.5, 4.93827E-08 
-139.5, -112.5, 1.48148E-07 
-130.5, -112.5, 5.18519E-07 
-121.5, -112.5, 1.08642E-06 
-112.5, -112.5, 1.35802E-06 
-103.5, -112.5, 1.35802E-06 
-94.5, -112.5, 1.82716E-06 
-85.5, -112.5, 9.62963E-07 
-76.5, -112.5, 5.43210E-07 
-67.5, -112.5, 1.48148E-07 
-58.5, -112.5, 4.93827E-08 
-49.5, -112.5, 4.93827E-08 
-40.5, -112.5, 0.00000E+00 
-31.5, -112.5, 0.00000E+00 
-22.5, -112.5, 0.00000E+00 
-13.5, -112.5, 0.00000E+00 
-4.5, -112.5, 0.00000E+00 
4.5, -112.5, 0.00000E+00 
13.5, -112.5, 2.46914E-08 
22.5, -112.5, 0.00000E+00 
31.5, -112.5, 7.40741E-08 
40.5, -112.5, 5.43210E-07 
49.5, -112.5, 4.69136E-07 
58.5, -112.5, 6.17284E-07 
67.5, -112.5, 2.96296E-07 
76.5, -112.5, 1.23457E-07 
85.5, -112.5, 0.00000E+00 
94.5, -112.5, 0.00000E+00 
103.5, -112.5, 0.00000E+00 
112.5, -112.5, 0.00000E+00 
121.5, -112.5, 0.00000E+00 
130.5, -112.5, 0.00000E+00 
139.5, -112.5, 0.00000E+00 
148.5, -112.5, 0.00000E+00 
157.5, -112.5, 0.00000E+00 
166.5, -112.5, 0.00000E+00 
175.5, -112.5, 0.00000E+00 
-175.5, -121.5, 0.00000E+00 
-166.5, -121.5, 2.46914E-08 
-157.5, -121.5, 9.87654E-08 
-148.5, -121.5, 9.87654E-08 
-139.5, -121.5, 2.22222E-07 
-130.5, -121.5, 4.69136E-07 
-121.5, -121.5, 1.01235E-06 
-112.5, -121.5, 1.72840E-06 
-103.5, -121.5, 2.12346E-06 
-94.5, -121.5, 1.80247E-06 
-85.5, -121.5, 1.28395E-06 
-76.5, -121.5, 5.43210E-07 
-67.5, -121.5, 2.46914E-08 
-58.5, -121.5, 0.00000E+00 
-49.5, -121.5, 0.00000E+00 
-40.5, -121.5, 0.00000E+00 
-31.5, -121.5, 0.00000E+00 
-22.5, -121.5, 0.00000E+00 
-13.5, -121.5, 0.00000E+00 
-4.5, -121.5, 0.00000E+00 
4.5, -121.5, 0.00000E+00 
13.5, -121.5, 0.00000E+00 
22.5, -121.5, 2.46914E-08 
31.5, -121.5, 2.71605E-07 
40.5, -121.5, 5.43210E-07 
49.5, -121.5, 1.28395E-06 
58.5, -121.5, 8.64198E-07 
67.5, -121.5, 2.71605E-07 
76.5, -121.5, 2.46914E-08 
85.5, -121.5, 0.00000E+00 
94.5, -121.5, 0.00000E+00 
103.5, -121.5, 0.00000E+00 
112.5, -121.5, 0.00000E+00 
121.5, -121.5, 0.00000E+00 
130.5, -121.5, 0.00000E+00 
139.5, -121.5, 0.00000E+00 
148.5, -121.5, 0.00000E+00 
157.5, -121.5, 0.00000E+00 
166.5, -121.5, 0.00000E+00 
175.5, -121.5, 0.00000E+00 
-175.5, -130.5, 0.00000E+00 
-166.5, -130.5, 0.00000E+00 
-157.5, -130.5, 2.46914E-08 
-148.5, -130.5, 9.87654E-08 
-139.5, -130.5, 1.72840E-07 
-130.5, -130.5, 8.39506E-07 
-121.5, -130.5, 1.16049E-06 
-112.5, -130.5, 2.24691E-06 
-103.5, -130.5, 2.44444E-06 
-94.5, -130.5, 2.44444E-06 
-85.5, -130.5, 1.40741E-06 
-76.5, -130.5, 7.40741E-07 
-67.5, -130.5, 9.87654E-08 
-58.5, -130.5, 0.00000E+00 
-49.5, -130.5, 0.00000E+00 
-40.5, -130.5, 0.00000E+00 
-31.5, -130.5, 0.00000E+00 
-22.5, -130.5, 0.00000E+00 
-13.5, -130.5, 0.00000E+00 
-4.5, -130.5, 0.00000E+00 
4.5, -130.5, 0.00000E+00 
13.5, -130.5, 0.00000E+00 
22.5, -130.5, 0.00000E+00 
31.5, -130.5, 2.71605E-07 
40.5, -130.5, 8.39506E-07 
49.5, -130.5, 1.48148E-06 
58.5, -130.5, 1.20988E-06 
67.5, -130.5, 4.93827E-07 
76.5, -130.5, 2.46914E-08 
85.5, -130.5, 0.00000E+00 
94.5, -130.5, 0.00000E+00 
103.5, -130.5, 0.00000E+00 
112.5, -130.5, 0.00000E+00 
121.5, -130.5, 0.00000E+00 
130.5, -130.5, 0.00000E+00 
139.5, -130.5, 0.00000E+00 
148.5, -130.5, 0.00000E+00 
157.5, -130.5, 0.00000E+00 
166.5, -130.5, 0.00000E+00 
175.5, -130.5, 0.00000E+00 
-175.5, -139.5, 0.00000E+00 
-166.5, -139.5, 0.00000E+00 
-157.5, -139.5, 1.72840E-07 
-148.5, -139.5, 1.72840E-07 
-139.5, -139.5, 2.71605E-07 
-130.5, -139.5, 7.65432E-07 
-121.5, -139.5, 1.33333E-06 
-112.5, -139.5, 2.07407E-06 
-103.5, -139.5, 2.76543E-06 
-94.5, -139.5, 2.76543E-06 
-85.5, -139.5, 1.92593E-06 
-76.5, -139.5, 6.66667E-07 
-67.5, -139.5, 1.97531E-07 
-58.5, -139.5, 0.00000E+00 
-49.5, -139.5, 2.46914E-08 
-40.5, -139.5, 0.00000E+00 
-31.5, -139.5, 0.00000E+00 
-22.5, -139.5, 0.00000E+00 
-13.5, -139.5, 0.00000E+00 
-4.5, -139.5, 0.00000E+00 
4.5, -139.5, 0.00000E+00 
13.5, -139.5, 0.00000E+00 
22.5, -139.5, 0.00000E+00 
31.5, -139.5, 2.46914E-08 
40.5, -139.5, 4.44444E-07 
49.5, -139.5, 1.11111E-06 
58.5, -139.5, 1.43210E-06 
67.5, -139.5, 6.17284E-07 
76.5, -139.5, 9.87654E-08 
85.5, -139.5, 2.46914E-08 
94.5, -139.5, 0.00000E+00 
103.5, -139.5, 0.00000E+00 
112.5, -139.5, 0.00000E+00 
121.5, -139.5, 0.00000E+00 
130.5, -139.5, 0.00000E+00 
139.5, -139.5, 0.00000E+00 
148.5, -139.5, 0.00000E+00 
157.5, -139.5, 0.00000E+00 
166.5, -139.5, 0.00000E+00 
175.5, -139.5, 0.00000E+00 
-175.5, -148.5, 0.00000E+00 
-166.5, -148.5, 9.87654E-08 
-157.5, -148.5, 2.46914E-07 
-148.5, -148.5, 1.97531E-07 
-139.5, -148.5, 4.19753E-07 
-130.5, -148.5, 5.92593E-07 
-121.5, -148.5, 2.04938E-06 
-112.5, -148.5, 2.56790E-06 
-103.5, -148.5, 2.71605E-06 
-94.5, -148.5, 3.06173E-06 
-85.5, -148.5, 1.97531E-06 
-76.5, -148.5, 1.08642E-06 
-67.5, -148.5, 2.46914E-07 
-58.5, -148.5, 7.40741E-08 
-49.5, -148.5, 0.00000E+00 
-40.5, -148.5, 0.00000E+00 
-31.5, -148.5, 0.00000E+00 
-22.5, -148.5, 0.00000E+00 
-13.5, -148.5, 0.00000E+00 
-4.5, -148.5, 0.00000E+00 
4.5, -148.5, 0.00000E+00 
13.5, -148.5, 0.00000E+00 
22.5, -148.5, 0.00000E+00 
31.5, -148.5, 0.00000E+00 
40.5, -148.5, 1.97531E-07 
49.5, -148.5, 6.17284E-07 
58.5, -148.5, 1.30864E-06 
67.5, -148.5, 3.95062E-07 
76.5, -148.5, 1.23457E-07 
85.5, -148.5, 4.93827E-08 
94.5, -148.5, 0.00000E+00 
103.5, -148.5, 0.00000E+00 
112.5, -148.5, 0.00000E+00 
121.5, -148.5, 0.00000E+00 
130.5, -148.5, 0.00000E+00 
139.5, -148.5, 0.00000E+00 
148.5, -148.5, 0.00000E+00 
157.5, -148.5, 0.00000E+00 
166.5, -148.5, 0.00000E+00 
175.5, -148.5, 0.00000E+00 
-175.5, -157.5, 2.46914E-08 
-166.5, -157.5, 4.19753E-07 
-157.5, -157.5, 5.67901E-07 
-148.5, -157.5, 9.62963E-07 
-139.5, -157.5, 8.64198E-07 
-130.5, -157.5, 1.55556E-06 
-121.5, -157.5, 2.22222E-06 
-112.5, -157.5, 3.58025E-06 
-103.5, -157.5, 3.50617E-06 
-94.5, -157.5, 4.27160E-06 
-85.5, -157.5, 3.18519E-06 
-76.5, -157.5, 1.62963E-06 
-67.5, -157.5, 3.20988E-07 
-58.5, -157.5, 9.87654E-08 
-49.5, -157.5, 0.00000E+00 
-40.5, -157.5, 0.00000E+00 
-31.5, -157.5, 0.00000E+00 
-22.5, -157.5, 0.00000E+00 
-13.5, -157.5, 0.00000E+00 
-4.5, -157.5, 0.00000E+00 
4.5, -157.5, 0.00000E+00 
13.5, -157.5, 0.00000E+00 
22.5, -157.5, 0.00000E+00 
31.5, -157.5, 0.00000E+00 
40.5, -157.5, 1.23457E-07 
49.5, -157.5, 2.96296E-07 
58.5, -157.5, 6.66667E-07 
67.5, -157.5, 3.45679E-07 
76.5, -157.5, 1.48148E-07 
85.5, -157.5, 4.93827E-08 
94.5, -157.5, 0.00000E+00 
103.5, -157.5, 0.00000E+00 
112.5, -157.5, 0.00000E+00 
121.5, -157.5, 0.00000E+00 
130.5, -157.5, 0.00000E+00 
139.5, -157.5, 0.00000E+00 
148.5, -157.5, 0.00000E+00 
157.5, -157.5, 0.00000E+00 
166.5, -157.5, 0.00000E+00 
175.5, -157.5, 0.00000E+00 
-175.5, -166.5, 2.46914E-07 
-166.5, -166.5, 8.14815E-07 
-157.5, -166.5, 1.70370E-06 
-148.5, -166.5, 2.22222E-06 
-139.5, -166.5, 2.00000E-06 
-130.5, -166.5, 2.59259E-06 
-121.5, -166.5, 3.92593E-06 
-112.5, -166.5, 5.40741E-06 
-103.5, -166.5, 5.65432E-06 
-94.5, -166.5, 6.51852E-06 
-85.5, -166.5, 5.97531E-06 
-76.5, -166.5, 4.12346E-06 
-67.5, -166.5, 1.45679E-06 
-58.5, -166.5, 1.48148E-07 
-49.5, -166.5, 0.00000E+00 
-40.5, -166.5, 0.00000E+00 
-31.5, -166.5, 0.00000E+00 
-22.5, -166.5, 0.00000E+00 
-13.5, -166.5, 0.00000E+00 
-4.5, -166.5, 0.00000E+00 
4.5, -166.5, 0.00000E+00 
13.5, -166.5, 0.00000E+00 
22.5, -166.5, 0.00000E+00 
31.5, -166.5, 0.00000E+00 
40.5, -166.5, 2.46914E-08 
49.5, -166.5, 2.46914E-07 
58.5, -166.5, 4.44444E-07 
67.5, -166.5, 3.20988E-07 
76.5, -166.5, 1.23457E-07 
85.5, -166.5, 0.00000E+00 
94.5, -166.5, 0.00000E+00 
103.5, -166.5, 0.00000E+00 
112.5, -166.5, 0.00000E+00 
121.5, -166.5, 0.00000E+00 
130.5, -166.5, 0.00000E+00 
139.5, -166.5, 0.00000E+00 
148.5, -166.5, 0.00000E+00 
157.5, -166.5, 0.00000E+00 
166.5, -166.5, 2.46914E-08 
175.5, -166.5, 4.93827E-08 
-175.5, -175.5, 5.43210E-07 
-166.5, -175.5, 1.50617E-06 
-157.5, -175.5, 3.87654E-06 
-148.5, -175.5, 4.91358E-06 
-139.5, -175.5, 4.96296E-06 
-130.5, -175.5, 5.85185E-06 
-121.5, -175.5, 7.55556E-06 
-112.5, -175.5, 9.85185E-06 
-103.5, -175.5, 1.10123E-05 
-94.5, -175.5, 1.20494E-05 
-85.5, -175.5, 1.21235E-05 
-76.5, -175.5, 1.11111E-05 
-67.5, -175.5, 4.91358E-06 
-58.5, -175.5, 1.28395E-06 
-49.5, -175.5, 9.87654E-08 
-40.5, -175.5, 0.00000E+00 
-31.5, -175.5, 0.00000E+00 
-22.5, -175.5, 0.00000E+00 
-13.5, -175.5, 0.00000E+00 
-4.5, -175.5, 0.00000E+00 
4.5, -175.5, 0.00000E+00 
13.5, -175.5, 0.00000E+00 
22.5, -175.5, 0.00000E+00 
31.5, -175.5, 0.00000E+00 
40.5, -175.5, 0.00000E+00 
49.5, -175.5, 1.97531E-07 
58.5, -175.5, 2.96296E-07 
67.5, -175.5, 1.72840E-07 
76.5, -175.5, 4.93827E-08 
85.5, -175.5, 2.46914E-08 
94.5, -175.5, 0.00000E+00 
103.5, -175.5, 0.00000E+00 
112.5, -175.5, 0.00000E+00 
121.5, -175.5, 0.00000E+00 
130.5, -175.5, 0.00000E+00 
139.5, -175.5, 0.00000E+00 
148.5, -175.5, 0.00000E+00 
157.5, -175.5, 0.00000E+00 
166.5, -175.5, 0.00000E+00 
175.5, -175.5, 1.23457E-07 
