x, y, probability density 
-175.5, 175.5, 4.93827E-08 
-166.5, 175.5, 2.46914E-08 
-157.5, 175.5, 0.00000E+00 
-148.5, 175.5, 0.00000E+00 
-139.5, 175.5, 0.00000E+00 
-130.5, 175.5, 0.00000E+00 
-121.5, 175.5, 0.00000E+00 
-112.5, 175.5, 0.00000E+00 
-103.5, 175.5, 0.00000E+00 
-94.5, 175.5, 0.00000E+00 
-85.5, 175.5, 2.46914E-08 
-76.5, 175.5, 6.41975E-07 
-67.5, 175.5, 5.92593E-07 
-58.5, 175.5, 7.90123E-07 
-49.5, 175.5, 1.48148E-07 
-40.5, 175.5, 4.93827E-08 
-31.5, 175.5, 0.00000E+00 
-22.5, 175.5, 0.00000E+00 
-13.5, 175.5, 0.00000E+00 
-4.5, 175.5, 0.00000E+00 
4.5, 175.5, 0.00000E+00 
13.5, 175.5, 0.00000E+00 
22.5, 175.5, 0.00000E+00 
31.5, 175.5, 0.00000E+00 
40.5, 175.5, 0.00000E+00 
49.5, 175.5, 9.87654E-08 
58.5, 175.5, 1.33333E-06 
67.5, 175.5, 5.13580E-06 
76.5, 175.5, 1.09383E-05 
85.5, 175.5, 1.40494E-05 
94.5, 175.5, 1.42963E-05 
103.5, 175.5, 1.47901E-05 
112.5, 175.5, 1.65679E-05 
121.5, 175.5, 1.71852E-05 
130.5, 175.5, 1.67901E-05 
139.5, 175.5, 1.25926E-05 
148.5, 175.5, 7.90123E-06 
157.5, 175.5, 4.59259E-06 
166.5, 175.5, 2.09877E-06 
175.5, 175.5, 6.66667E-07 
-175.5, 166.5, 0.00000E+00 
-166.5, 166.5, 0.00000E+00 
-157.5, 166.5, 0.00000E+00 
-148.5, 166.5, 0.00000E+00 
-139.5, 166.5, 0.00000E+00 
-130.5, 166.5, 0.00000E+00 
-121.5, 166.5, 0.00000E+00 
-112.5, 166.5, 0.00000E+00 
-103.5, 166.5, 0.00000E+00 
-94.5, 166.5, 0.00000E+00 
-85.5, 166.5, 2.46914E-08 
-76.5, 166.5, 4.44444E-07 
-67.5, 166.5, 8.39506E-07 
-58.5, 166.5, 7.65432E-07 
-49.5, 166.5, 2.22222E-07 
-40.5, 166.5, 2.46914E-08 
-31.5, 166.5, 2.46914E-08 
-22.5, 166.5, 0.00000E+00 
-13.5, 166.5, 0.00000E+00 
-4.5, 166.5, 0.00000E+00 
4.5, 166.5, 0.00000E+00 
13.5, 166.5, 0.00000E+00 
22.5, 166.5, 0.00000E+00 
31.5, 166.5, 0.00000E+00 
40.5, 166.5, 0.00000E+00 
49.5, 166.5, 2.46914E-08 
58.5, 166.5, 2.46914E-07 
67.5, 166.5, 1.33333E-06 
76.5, 166.5, 3.75309E-06 
85.5, 166.5, 5.30864E-06 
94.5, 166.5, 6.88889E-06 
103.5, 166.5, 7.62963E-06 
112.5, 166.5, 8.86420E-06 
121.5, 166.5, 9.08642E-06 
130.5, 166.5, 7.85185E-06 
139.5, 166.5, 4.79012E-06 
148.5, 166.5, 3.01235E-06 
157.5, 166.5, 1.72840E-06 
166.5, 166.5, 6.17284E-07 
175.5, 166.5, 9.87654E-08 
-175.5, 157.5, 0.00000E+00 
-166.5, 157.5, 0.00000E+00 
-157.5, 157.5, 0.00000E+00 
-148.5, 157.5, 0.00000E+00 
-139.5, 157.5, 0.00000E+00 
-130.5, 157.5, 0.00000E+00 
-121.5, 157.5, 0.00000E+00 
-112.5, 157.5, 0.00000E+00 
-103.5, 157.5, 0.00000E+00 
-94.5, 157.5, 2.46914E-08 
-85.5, 157.5, 2.46914E-08 
-76.5, 157.5, 4.19753E-07 
-67.5, 157.5, 1.06173E-06 
-58.5, 157.5, 1.65432E-06 
-49.5, 157.5, 7.65432E-07 
-40.5, 157.5, 4.93827E-08 
-31.5, 157.5, 0.00000E+00 
-22.5, 157.5, 0.00000E+00 
-13.5, 157.5, 0.00000E+00 
-4.5, 157.5, 0.00000E+00 
4.5, 157.5, 0.00000E+00 
13.5, 157.5, 0.00000E+00 
22.5, 157.5, 0.00000E+00 
31.5, 157.5, 0.00000E+00 
40.5, 157.5, 0.00000E+00 
49.5, 157.5, 0.00000E+00 
58.5, 157.5, 1.48148E-07 
67.5, 157.5, 3.95062E-07 
76.5, 157.5, 1.75309E-06 
85.5, 157.5, 3.13580E-06 
94.5, 157.5, 4.02469E-06 
103.5, 157.5, 4.71605E-06 
112.5, 157.5, 5.92593E-06 
121.5, 157.5, 6.51852E-06 
130.5, 157.5, 4.88889E-06 
139.5, 157.5, 2.39506E-06 
148.5, 157.5, 1.01235E-06 
157.5, 157.5, 3.70370E-07 
166.5, 157.5, 9.87654E-08 
175.5, 157.5, 7.40741E-08 
-175.5, 148.5, 0.00000E+00 
-166.5, 148.5, 0.00000E+00 
-157.5, 148.5, 0.00000E+00 
-148.5, 148.5, 0.00000E+00 
-139.5, 148.5, 0.00000E+00 
-130.5, 148.5, 0.00000E+00 
-121.5, 148.5, 0.00000E+00 
-112.5, 148.5, 0.00000E+00 
-103.5, 148.5, 0.00000E+00 
-94.5, 148.5, 0.00000E+00 
-85.5, 148.5, 2.46914E-08 
-76.5, 148.5, 5.67901E-07 
-67.5, 148.5, 1.55556E-06 
-58.5, 148.5, 2.07407E-06 
-49.5, 148.5, 1.40741E-06 
-40.5, 148.5, 2.96296E-07 
-31.5, 148.5, 2.46914E-08 
-22.5, 148.5, 0.00000E+00 
-13.5, 148.5, 0.00000E+00 
-4.5, 148.5, 0.00000E+00 
4.5, 148.5, 0.00000E+00 
13.5, 148.5, 0.00000E+00 
22.5, 148.5, 0.00000E+00 
31.5, 148.5, 0.00000E+00 
40.5, 148.5, 0.00000E+00 
49.5, 148.5, 0.00000E+00 
58.5, 148.5, 2.46914E-08 
67.5, 148.5, 2.46914E-07 
76.5, 148.5, 9.62963E-07 
85.5, 148.5, 2.07407E-06 
94.5, 148.5, 3.65432E-06 
103.5, 148.5, 4.14815E-06 
112.5, 148.5, 5.38272E-06 
121.5, 148.5, 5.38272E-06 
130.5, 148.5, 3.90123E-06 
139.5, 148.5, 1.85185E-06 
148.5, 148.5, 8.39506E-07 
157.5, 148.5, 2.71605E-07 
166.5, 148.5, 7.40741E-08 
175.5, 148.5, 2.46914E-08 
-175.5, 139.5, 0.00000E+00 
-166.5, 139.5, 0.00000E+00 
-157.5, 139.5, 0.00000E+00 
-148.5, 139.5, 0.00000E+00 
-139.5, 139.5, 0.00000E+00 
-130.5, 139.5, 0.00000E+00 
-121.5, 139.5, 0.00000E+00 
-112.5, 139.5, 0.00000E+00 
-103.5, 139.5, 0.00000E+00 
-94.5, 139.5, 2.46914E-08 
-85.5, 139.5, 1.97531E-07 
-76.5, 139.5, 4.69136E-07 
-67.5, 139.5, 1.95062E-06 
-58.5, 139.5, 3.03704E-06 
-49.5, 139.5, 2.41975E-06 
-40.5, 139.5, 1.13580E-06 
-31.5, 139.5, 1.72840E-07 
-22.5, 139.5, 0.00000E+00 
-13.5, 139.5, 0.00000E+00 
-4.5, 139.5, 0.00000E+00 
4.5, 139.5, 0.00000E+00 
13.5, 139.5, 0.00000E+00 
22.5, 139.5, 0.00000E+00 
31.5, 139.5, 0.00000E+00 
40.5, 139.5, 0.00000E+00 
49.5, 139.5, 0.00000E+00 
58.5, 139.5, 0.00000E+00 
67.5, 139.5, 3.20988E-07 
76.5, 139.5, 8.88889E-07 
85.5, 139.5, 2.37037E-06 
94.5, 139.5, 3.48148E-06 
103.5, 139.5, 5.20988E-06 
112.5, 139.5, 5.20988E-06 
121.5, 139.5, 5.55556E-06 
130.5, 139.5, 4.17284E-06 
139.5, 139.5, 2.09877E-06 
148.5, 139.5, 4.93827E-07 
157.5, 139.5, 2.46914E-07 
166.5, 139.5, 2.46914E-08 
175.5, 139.5, 0.00000E+00 
-175.5, 130.5, 0.00000E+00 
-166.5, 130.5, 0.00000E+00 
-157.5, 130.5, 0.00000E+00 
-148.5, 130.5, 0.00000E+00 
-139.5, 130.5, 0.00000E+00 
-130.5, 130.5, 0.00000E+00 
-121.5, 130.5, 0.00000E+00 
-112.5, 130.5, 0.00000E+00 
-103.5, 130.5, 0.00000E+00 
-94.5, 130.5, 0.00000E+00 
-85.5, 130.5, 1.23457E-07 
-76.5, 130.5, 5.43210E-07 
-67.5, 130.5, 1.72840E-06 
-58.5, 130.5, 3.20988E-06 
-49.5, 130.5, 3.20988E-06 
-40.5, 130.5, 1.55556E-06 
-31.5, 130.5, 1.23457E-07 
-22.5, 130.5, 0.00000E+00 
-13.5, 130.5, 0.00000E+00 
-4.5, 130.5, 0.00000E+00 
4.5, 130.5, 0.00000E+00 
13.5, 130.5, 0.00000E+00 
22.5, 130.5, 0.00000E+00 
31.5, 130.5, 0.00000E+00 
40.5, 130.5, 0.00000E+00 
49.5, 130.5, 0.00000E+00 
58.5, 130.5, 0.00000E+00 
67.5, 130.5, 1.72840E-07 
76.5, 130.5, 9.87654E-07 
85.5, 130.5, 1.67901E-06 
94.5, 130.5, 3.43210E-06 
103.5, 130.5, 4.64198E-06 
112.5, 130.5, 6.22222E-06 
121.5, 130.5, 6.24691E-06 
130.5, 130.5, 4.22222E-06 
139.5, 130.5, 1.92593E-06 
148.5, 130.5, 3.70370E-07 
157.5, 130.5, 1.23457E-07 
166.5, 130.5, 2.46914E-08 
175.5, 130.5, 0.00000E+00 
-175.5, 121.5, 0.00000E+00 
-166.5, 121.5, 0.00000E+00 
-157.5, 121.5, 0.00000E+00 
-148.5, 121.5, 0.00000E+00 
-139.5, 121.5, 0.00000E+00 
-130.5, 121.5, 0.00000E+00 
-121.5, 121.5, 0.00000E+00 
-112.5, 121.5, 0.00000E+00 
-103.5, 121.5, 0.00000E+00 
-94.5, 121.5, 0.00000E+00 
-85.5, 121.5, 2.46914E-08 
-76.5, 121.5, 3.70370E-07 
-67.5, 121.5, 8.88889E-07 
-58.5, 121.5, 2.02469E-06 
-49.5, 121.5, 2.12346E-06 
-40.5, 121.5, 1.16049E-06 
-31.5, 121.5, 2.96296E-07 
-22.5, 121.5, 4.93827E-08 
-13.5, 121.5, 0.00000E+00 
-4.5, 121.5, 0.00000E+00 
4.5, 121.5, 0.00000E+00 
13.5, 121.5, 0.00000E+00 
22.5, 121.5, 0.00000E+00 
31.5, 121.5, 0.00000E+00 
40.5, 121.5, 0.00000E+00 
49.5, 121.5, 0.00000E+00 
58.5, 121.5, 0.00000E+00 
67.5, 121.5, 1.48148E-07 
76.5, 121.5, 6.91358E-07 
85.5, 121.5, 1.53086E-06 
94.5, 121.5, 2.51852E-06 
103.5, 121.5, 3.55556E-06 
112.5, 121.5, 4.61728E-06 
121.5, 121.5, 4.54321E-06 
130.5, 121.5, 3.48148E-06 
139.5, 121.5, 1.82716E-06 
148.5, 121.5, 5.18519E-07 
157.5, 121.5, 1.48148E-07 
166.5, 121.5, 0.00000E+00 
175.5, 121.5, 2.46914E-08 
-175.5, 112.5, 0.00000E+00 
-166.5, 112.5, 0.00000E+00 
-157.5, 112.5, 0.00000E+00 
-148.5, 112.5, 0.00000E+00 
-139.5, 112.5, 0.00000E+00 
-130.5, 112.5, 0.00000E+00 
-121.5, 112.5, 0.00000E+00 
-112.5, 112.5, 0.00000E+00 
-103.5, 112.5, 0.00000E+00 
-94.5, 112.5, 0.00000E+00 
-85.5, 112.5, 0.00000E+00 
-76.5, 112.5, 2.96296E-07 
-67.5, 112.5, 6.17284E-07 
-58.5, 112.5, 1.06173E-06 
-49.5, 112.5, 1.45679E-06 
-40.5, 112.5, 6.17284E-07 
-31.5, 112.5, 3.95062E-07 
-22.5, 112.5, 4.93827E-08 
-13.5, 112.5, 0.00000E+00 
-4.5, 112.5, 0.00000E+00 
4.5, 112.5, 0.00000E+00 
13.5, 112.5, 0.00000E+00 
22.5, 112.5, 0.00000E+00 
31.5, 112.5, 0.00000E+00 
40.5, 112.5, 0.00000E+00 
49.5, 112.5, 0.00000E+00 
58.5, 112.5, 0.00000E+00 
67.5, 112.5, 1.23457E-07 
76.5, 112.5, 4.93827E-07 
85.5, 112.5, 1.20988E-06 
94.5, 112.5, 1.90123E-06 
103.5, 112.5, 2.56790E-06 
112.5, 112.5, 2.54321E-06 
121.5, 112.5, 3.53086E-06 
130.5, 112.5, 2.32099E-06 
139.5, 112.5, 9.87654E-07 
148.5, 112.5, 3.45679E-07 
157.5, 112.5, 4.93827E-08 
166.5, 112.5, 4.93827E-08 
175.5, 112.5, 0.00000E+00 
-175.5, 103.5, 0.00000E+00 
-166.5, 103.5, 0.00000E+00 
-157.5, 103.5, 0.00000E+00 
-148.5, 103.5, 0.00000E+00 
-139.5, 103.5, 0.00000E+00 
-130.5, 103.5, 0.00000E+00 
-121.5, 103.5, 0.00000E+00 
-112.5, 103.5, 0.00000E+00 
-103.5, 103.5, 0.00000E+00 
-94.5, 103.5, 0.00000E+00 
-85.5, 103.5, 2.46914E-08 
-76.5, 103.5, 7.40741E-08 
-67.5, 103.5, 2.46914E-07 
-58.5, 103.5, 5.92593E-07 
-49.5, 103.5, 4.93827E-07 
-40.5, 103.5, 1.72840E-07 
-31.5, 103.5, 4.93827E-08 
-22.5, 103.5, 0.00000E+00 
-13.5, 103.5, 2.46914E-08 
-4.5, 103.5, 0.00000E+00 
4.5, 103.5, 0.00000E+00 
13.5, 103.5, 0.00000E+00 
22.5, 103.5, 0.00000E+00 
31.5, 103.5, 0.00000E+00 
40.5, 103.5, 0.00000E+00 
49.5, 103.5, 2.46914E-08 
58.5, 103.5, 2.46914E-08 
67.5, 103.5, 1.48148E-07 
76.5, 103.5, 3.45679E-07 
85.5, 103.5, 8.39506E-07 
94.5, 103.5, 1.38272E-06 
103.5, 103.5, 1.65432E-06 
112.5, 103.5, 2.27160E-06 
121.5, 103.5, 2.22222E-06 
130.5, 103.5, 1.48148E-06 
139.5, 103.5, 8.88889E-07 
148.5, 103.5, 2.71605E-07 
157.5, 103.5, 9.87654E-08 
166.5, 103.5, 0.00000E+00 
175.5, 103.5, 0.00000E+00 
-175.5, 94.5, 0.00000E+00 
-166.5, 94.5, 0.00000E+00 
-157.5, 94.5, 0.00000E+00 
-148.5, 94.5, 0.00000E+00 
-139.5, 94.5, 0.00000E+00 
-130.5, 94.5, 0.00000E+00 
-121.5, 94.5, 0.00000E+00 
-112.5, 94.5, 0.00000E+00 
-103.5, 94.5, 0.00000E+00 
-94.5, 94.5, 0.00000E+00 
-85.5, 94.5, 2.46914E-08 
-76.5, 94.5, 1.48148E-07 
-67.5, 94.5, 3.20988E-07 
-58.5, 94.5, 1.97531E-07 
-49.5, 94.5, 1.48148E-07 
-40.5, 94.5, 4.93827E-08 
-31.5, 94.5, 4.93827E-08 
-22.5, 94.5, 4.93827E-08 
-13.5, 94.5, 0.00000E+00 
-4.5, 94.5, 2.46914E-08 
4.5, 94.5, 0.00000E+00 
13.5, 94.5, 0.00000E+00 
22.5, 94.5, 0.00000E+00 
31.5, 94.5, 0.00000E+00 
40.5, 94.5, 0.00000E+00 
49.5, 94.5, 4.93827E-08 
58.5, 94.5, 2.46914E-08 
67.5, 94.5, 1.97531E-07 
76.5, 94.5, 4.93827E-07 
85.5, 94.5, 9.38272E-07 
94.5, 94.5, 1.30864E-06 
103.5, 94.5, 1.43210E-06 
112.5, 94.5, 1.40741E-06 
121.5, 94.5, 1.90123E-06 
130.5, 94.5, 9.87654E-07 
139.5, 94.5, 6.17284E-07 
148.5, 94.5, 1.97531E-07 
157.5, 94.5, 1.97531E-07 
166.5, 94.5, 4.93827E-08 
175.5, 94.5, 0.00000E+00 
-175.5, 85.5, 0.00000E+00 
-166.5, 85.5, 0.00000E+00 
-157.5, 85.5, 0.00000E+00 
-148.5, 85.5, 0.00000E+00 
-139.5, 85.5, 0.00000E+00 
-130.5, 85.5, 0.00000E+00 
-121.5, 85.5, 0.00000E+00 
-112.5, 85.5, 0.00000E+00 
-103.5, 85.5, 0.00000E+00 
-94.5, 85.5, 0.00000E+00 
-85.5, 85.5, 7.40741E-08 
-76.5, 85.5, 9.87654E-08 
-67.5, 85.5, 2.22222E-07 
-58.5, 85.5, 1.72840E-07 
-49.5, 85.5, 4.93827E-08 
-40.5, 85.5, 2.46914E-08 
-31.5, 85.5, 4.93827E-08 
-22.5, 85.5, 2.46914E-08 
-13.5, 85.5, 0.00000E+00 
-4.5, 85.5, 0.00000E+00 
4.5, 85.5, 4.93827E-08 
13.5, 85.5, 0.00000E+00 
22.5, 85.5, 0.00000E+00 
31.5, 85.5, 0.00000E+00 
40.5, 85.5, 4.93827E-08 
49.5, 85.5, 1.23457E-07 
58.5, 85.5, 1.72840E-07 
67.5, 85.5, 6.17284E-07 
76.5, 85.5, 1.18519E-06 
85.5, 85.5, 8.64198E-07 
94.5, 85.5, 1.30864E-06 
103.5, 85.5, 1.06173E-06 
112.5, 85.5, 1.48148E-06 
121.5, 85.5, 1.65432E-06 
130.5, 85.5, 1.38272E-06 
139.5, 85.5, 4.93827E-07 
148.5, 85.5, 3.70370E-07 
157.5, 85.5, 3.45679E-07 
166.5, 85.5, 1.23457E-07 
175.5, 85.5, 4.93827E-08 
-175.5, 76.5, 2.46914E-08 
-166.5, 76.5, 2.46914E-08 
-157.5, 76.5, 0.00000E+00 
-148.5, 76.5, 0.00000E+00 
-139.5, 76.5, 0.00000E+00 
-130.5, 76.5, 0.00000E+00 
-121.5, 76.5, 0.00000E+00 
-112.5, 76.5, 0.00000E+00 
-103.5, 76.5, 0.00000E+00 
-94.5, 76.5, 0.00000E+00 
-85.5, 76.5, 7.40741E-08 
-76.5, 76.5, 1.23457E-07 
-67.5, 76.5, 4.69136E-07 
-58.5, 76.5, 7.40741E-08 
-49.5, 76.5, 9.87654E-08 
-40.5, 76.5, 0.00000E+00 
-31.5, 76.5, 0.00000E+00 
-22.5, 76.5, 0.00000E+00 
-13.5, 76.5, 0.00000E+00 
-4.5, 76.5, 0.00000E+00 
4.5, 76.5, 0.00000E+00 
13.5, 76.5, 0.00000E+00 
22.5, 76.5, 2.46914E-08 
31.5, 76.5, 1.23457E-07 
40.5, 76.5, 3.20988E-07 
49.5, 76.5, 7.16049E-07 
58.5, 76.5, 1.33333E-06 
67.5, 76.5, 1.70370E-06 
76.5, 76.5, 2.49383E-06 
85.5, 76.5, 2.76543E-06 
94.5, 76.5, 2.44444E-06 
103.5, 76.5, 2.76543E-06 
112.5, 76.5, 3.13580E-06 
121.5, 76.5, 2.00000E-06 
130.5, 76.5, 1.65432E-06 
139.5, 76.5, 1.18519E-06 
148.5, 76.5, 6.91358E-07 
157.5, 76.5, 2.96296E-07 
166.5, 76.5, 1.72840E-07 
175.5, 76.5, 4.93827E-08 
-175.5, 67.5, 0.00000E+00 
-166.5, 67.5, 0.00000E+00 
-157.5, 67.5, 0.00000E+00 
-148.5, 67.5, 0.00000E+00 
-139.5, 67.5, 0.00000E+00 
-130.5, 67.5, 0.00000E+00 
-121.5, 67.5, 0.00000E+00 
-112.5, 67.5, 0.00000E+00 
-103.5, 67.5, 0.00000E+00 
-94.5, 67.5, 2.46914E-08 
-85.5, 67.5, 4.93827E-08 
-76.5, 67.5, 5.43210E-07 
-67.5, 67.5, 6.17284E-07 
-58.5, 67.5, 2.96296E-07 
-49.5, 67.5, 4.93827E-08 
-40.5, 67.5, 0.00000E+00 
-31.5, 67.5, 0.00000E+00 
-22.5, 67.5, 0.00000E+00 
-13.5, 67.5, 0.00000E+00 
-4.5, 67.5, 0.00000E+00 
4.5, 67.5, 0.00000E+00 
13.5, 67.5, 2.46914E-08 
22.5, 67.5, 1.23457E-07 
31.5, 67.5, 4.69136E-07 
40.5, 67.5, 1.50617E-06 
49.5, 67.5, 2.46914E-06 
58.5, 67.5, 4.93827E-06 
67.5, 67.5, 7.70370E-06 
76.5, 67.5, 8.81481E-06 
85.5, 67.5, 7.38272E-06 
94.5, 67.5, 6.79012E-06 
103.5, 67.5, 5.16049E-06 
112.5, 67.5, 4.09877E-06 
121.5, 67.5, 4.04938E-06 
130.5, 67.5, 3.08642E-06 
139.5, 67.5, 1.92593E-06 
148.5, 67.5, 1.33333E-06 
157.5, 67.5, 8.14815E-07 
166.5, 67.5, 2.71605E-07 
175.5, 67.5, 1.23457E-07 
-175.5, 58.5, 2.46914E-08 
-166.5, 58.5, 0.00000E+00 
-157.5, 58.5, 0.00000E+00 
-148.5, 58.5, 0.00000E+00 
-139.5, 58.5, 0.00000E+00 
-130.5, 58.5, 0.00000E+00 
-121.5, 58.5, 0.00000E+00 
-112.5, 58.5, 0.00000E+00 
-103.5, 58.5, 0.00000E+00 
-94.5, 58.5, 4.93827E-08 
-85.5, 58.5, 2.46914E-07 
-76.5, 58.5, 1.11111E-06 
-67.5, 58.5, 1.20988E-06 
-58.5, 58.5, 4.19753E-07 
-49.5, 58.5, 4.93827E-08 
-40.5, 58.5, 0.00000E+00 
-31.5, 58.5, 0.00000E+00 
-22.5, 58.5, 0.00000E+00 
-13.5, 58.5, 0.00000E+00 
-4.5, 58.5, 0.00000E+00 
4.5, 58.5, 0.00000E+00 
13.5, 58.5, 2.46914E-08 
22.5, 58.5, 7.40741E-08 
31.5, 58.5, 7.16049E-07 
40.5, 58.5, 3.90123E-06 
49.5, 58.5, 9.67901E-06 
58.5, 58.5, 1.82716E-05 
67.5, 58.5, 2.36543E-05 
76.5, 58.5, 2.19753E-05 
85.5, 58.5, 1.74815E-05 
94.5, 58.5, 1.39259E-05 
103.5, 58.5, 1.07901E-05 
112.5, 58.5, 8.51852E-06 
121.5, 58.5, 6.61728E-06 
130.5, 58.5, 4.09877E-06 
139.5, 58.5, 3.06173E-06 
148.5, 58.5, 1.30864E-06 
157.5, 58.5, 8.39506E-07 
166.5, 58.5, 2.71605E-07 
175.5, 58.5, 4.93827E-08 
-175.5, 49.5, 0.00000E+00 
-166.5, 49.5, 0.00000E+00 
-157.5, 49.5, 0.00000E+00 
-148.5, 49.5, 0.00000E+00 
-139.5, 49.5, 0.00000E+00 
-130.5, 49.5, 0.00000E+00 
-121.5, 49.5, 0.00000E+00 
-112.5, 49.5, 0.00000E+00 
-103.5, 49.5, 0.00000E+00 
-94.5, 49.5, 2.46914E-08 
-85.5, 49.5, 3.95062E-07 
-76.5, 49.5, 9.87654E-07 
-67.5, 49.5, 1.25926E-06 
-58.5, 49.5, 4.19753E-07 
-49.5, 49.5, 9.87654E-08 
-40.5, 49.5, 0.00000E+00 
-31.5, 49.5, 0.00000E+00 
-22.5, 49.5, 0.00000E+00 
-13.5, 49.5, 0.00000E+00 
-4.5, 49.5, 0.00000E+00 
4.5, 49.5, 0.00000E+00 
13.5, 49.5, 0.00000E+00 
22.5, 49.5, 7.40741E-08 
31.5, 49.5, 5.67901E-07 
40.5, 49.5, 4.98765E-06 
49.5, 49.5, 1.95309E-05 
58.5, 49.5, 4.00247E-05 
67.5, 49.5, 4.99012E-05 
76.5, 49.5, 4.49877E-05 
85.5, 49.5, 3.45185E-05 
94.5, 49.5, 2.40247E-05 
103.5, 49.5, 1.86914E-05 
112.5, 49.5, 1.24691E-05 
121.5, 49.5, 9.33333E-06 
130.5, 49.5, 5.95062E-06 
139.5, 49.5, 2.39506E-06 
148.5, 49.5, 9.87654E-07 
157.5, 49.5, 4.93827E-07 
166.5, 49.5, 1.97531E-07 
175.5, 49.5, 4.93827E-08 
-175.5, 40.5, 0.00000E+00 
-166.5, 40.5, 0.00000E+00 
-157.5, 40.5, 0.00000E+00 
-148.5, 40.5, 0.00000E+00 
-139.5, 40.5, 0.00000E+00 
-130.5, 40.5, 0.00000E+00 
-121.5, 40.5, 0.00000E+00 
-112.5, 40.5, 0.00000E+00 
-103.5, 40.5, 0.00000E+00 
-94.5, 40.5, 0.00000E+00 
-85.5, 40.5, 2.96296E-07 
-76.5, 40.5, 9.87654E-07 
-67.5, 40.5, 1.40741E-06 
-58.5, 40.5, 5.18519E-07 
-49.5, 40.5, 0.00000E+00 
-40.5, 40.5, 0.00000E+00 
-31.5, 40.5, 0.00000E+00 
-22.5, 40.5, 0.00000E+00 
-13.5, 40.5, 0.00000E+00 
-4.5, 40.5, 0.00000E+00 
4.5, 40.5, 0.00000E+00 
13.5, 40.5, 0.00000E+00 
22.5, 40.5, 0.00000E+00 
31.5, 40.5, 1.72840E-07 
40.5, 40.5, 3.18519E-06 
49.5, 40.5, 1.86914E-05 
58.5, 40.5, 4.63457E-05 
67.5, 40.5, 7.00247E-05 
76.5, 40.5, 6.35802E-05 
85.5, 40.5, 4.75062E-05 
94.5, 40.5, 3.37284E-05 
103.5, 40.5, 2.23457E-05 
112.5, 40.5, 1.44444E-05 
121.5, 40.5, 9.60494E-06 
130.5, 40.5, 5.38272E-06 
139.5, 40.5, 1.95062E-06 
148.5, 40.5, 1.01235E-06 
157.5, 40.5, 2.22222E-07 
166.5, 40.5, 1.23457E-07 
175.5, 40.5, 2.46914E-08 
-175.5, 31.5, 0.00000E+00 
-166.5, 31.5, 0.00000E+00 
-157.5, 31.5, 0.00000E+00 
-148.5, 31.5, 0.00000E+00 
-139.5, 31.5, 0.00000E+00 
-130.5, 31.5, 0.00000E+00 
-121.5, 31.5, 0.00000E+00 
-112.5, 31.5, 0.00000E+00 
-103.5, 31.5, 0.00000E+00 
-94.5, 31.5, 2.46914E-08 
-85.5, 31.5, 2.46914E-07 
-76.5, 31.5, 8.14815E-07 
-67.5, 31.5, 1.06173E-06 
-58.5, 31.5, 3.20988E-07 
-49.5, 31.5, 2.46914E-08 
-40.5, 31.5, 0.00000E+00 
-31.5, 31.5, 0.00000E+00 
-22.5, 31.5, 0.00000E+00 
-13.5, 31.5, 0.00000E+00 
-4.5, 31.5, 0.00000E+00 
4.5, 31.5, 0.00000E+00 
13.5, 31.5, 0.00000E+00 
22.5, 31.5, 0.00000E+00 
31.5, 31.5, 7.40741E-08 
40.5, 31.5, 9.13580E-07 
49.5, 31.5, 9.45679E-06 
58.5, 31.5, 3.61728E-05 
67.5, 31.5, 6.47160E-05 
76.5, 31.5, 6.80494E-05 
85.5, 31.5, 5.04444E-05 
94.5, 31.5, 3.68889E-05 
103.5, 31.5, 2.66914E-05 
112.5, 31.5, 1.78272E-05 
121.5, 31.5, 1.14568E-05 
130.5, 31.5, 5.75309E-06 
139.5, 31.5, 2.09877E-06 
148.5, 31.5, 6.91358E-07 
157.5, 31.5, 2.22222E-07 
166.5, 31.5, 7.40741E-08 
175.5, 31.5, 0.00000E+00 
-175.5, 22.5, 0.00000E+00 
-166.5, 22.5, 0.00000E+00 
-157.5, 22.5, 0.00000E+00 
-148.5, 22.5, 0.00000E+00 
-139.5, 22.5, 0.00000E+00 
-130.5, 22.5, 0.00000E+00 
-121.5, 22.5, 0.00000E+00 
-112.5, 22.5, 0.00000E+00 
-103.5, 22.5, 0.00000E+00 
-94.5, 22.5, 4.93827E-08 
-85.5, 22.5, 1.48148E-07 
-76.5, 22.5, 1.38272E-06 
-67.5, 22.5, 1.25926E-06 
-58.5, 22.5, 3.45679E-07 
-49.5, 22.5, 2.46914E-08 
-40.5, 22.5, 0.00000E+00 
-31.5, 22.5, 0.00000E+00 
-22.5, 22.5, 0.00000E+00 
-13.5, 22.5, 0.00000E+00 
-4.5, 22.5, 0.00000E+00 
4.5, 22.5, 0.00000E+00 
13.5, 22.5, 0.00000E+00 
22.5, 22.5, 0.00000E+00 
31.5, 22.5, 0.00000E+00 
40.5, 22.5, 3.20988E-07 
49.5, 22.5, 3.33333E-06 
58.5, 22.5, 1.98765E-05 
67.5, 22.5, 4.34321E-05 
76.5, 22.5, 5.71111E-05 
85.5, 22.5, 4.92840E-05 
94.5, 22.5, 3.69877E-05 
103.5, 22.5, 3.05432E-05 
112.5, 22.5, 2.29630E-05 
121.5, 22.5, 1.47654E-05 
130.5, 22.5, 8.76543E-06 
139.5, 22.5, 2.41975E-06 
148.5, 22.5, 5.43210E-07 
157.5, 22.5, 7.40741E-08 
166.5, 22.5, 0.00000E+00 
175.5, 22.5, 2.46914E-08 
-175.5, 13.5, 0.00000E+00 
-166.5, 13.5, 0.00000E+00 
-157.5, 13.5, 0.00000E+00 
-148.5, 13.5, 0.00000E+00 
-139.5, 13.5, 0.00000E+00 
-130.5, 13.5, 0.00000E+00 
-121.5, 13.5, 0.00000E+00 
-112.5, 13.5, 0.00000E+00 
-103.5, 13.5, 0.00000E+00 
-94.5, 13.5, 0.00000E+00 
-85.5, 13.5, 4.44444E-07 
-76.5, 13.5, 1.28395E-06 
-67.5, 13.5, 1.85185E-06 
-58.5, 13.5, 6.66667E-07 
-49.5, 13.5, 1.23457E-07 
-40.5, 13.5, 0.00000E+00 
-31.5, 13.5, 0.00000E+00 
-22.5, 13.5, 0.00000E+00 
-13.5, 13.5, 0.00000E+00 
-4.5, 13.5, 0.00000E+00 
4.5, 13.5, 0.00000E+00 
13.5, 13.5, 0.00000E+00 
22.5, 13.5, 0.00000E+00 
31.5, 13.5, 0.00000E+00 
40.5, 13.5, 9.87654E-08 
49.5, 13.5, 1.23457E-06 
58.5, 13.5, 8.64198E-06 
67.5, 13.5, 2.67407E-05 
76.5, 13.5, 4.60247E-05 
85.5, 13.5, 4.92593E-05 
94.5, 13.5, 4.23457E-05 
103.5, 13.5, 4.11852E-05 
112.5, 13.5, 3.20000E-05 
121.5, 13.5, 2.12593E-05 
130.5, 13.5, 1.04938E-05 
139.5, 13.5, 3.77778E-06 
148.5, 13.5, 1.03704E-06 
157.5, 13.5, 1.72840E-07 
166.5, 13.5, 2.46914E-08 
175.5, 13.5, 0.00000E+00 
-175.5, 4.5, 0.00000E+00 
-166.5, 4.5, 0.00000E+00 
-157.5, 4.5, 0.00000E+00 
-148.5, 4.5, 0.00000E+00 
-139.5, 4.5, 0.00000E+00 
-130.5, 4.5, 0.00000E+00 
-121.5, 4.5, 0.00000E+00 
-112.5, 4.5, 0.00000E+00 
-103.5, 4.5, 0.00000E+00 
-94.5, 4.5, 2.46914E-08 
-85.5, 4.5, 7.16049E-07 
-76.5, 4.5, 2.44444E-06 
-67.5, 4.5, 3.20988E-06 
-58.5, 4.5, 1.58025E-06 
-49.5, 4.5, 1.23457E-07 
-40.5, 4.5, 0.00000E+00 
-31.5, 4.5, 0.00000E+00 
-22.5, 4.5, 0.00000E+00 
-13.5, 4.5, 0.00000E+00 
-4.5, 4.5, 0.00000E+00 
4.5, 4.5, 0.00000E+00 
13.5, 4.5, 0.00000E+00 
22.5, 4.5, 0.00000E+00 
31.5, 4.5, 0.00000E+00 
40.5, 4.5, 0.00000E+00 
49.5, 4.5, 2.46914E-07 
58.5, 4.5, 3.65432E-06 
67.5, 4.5, 1.81235E-05 
76.5, 4.5, 3.60988E-05 
85.5, 4.5, 4.58025E-05 
94.5, 4.5, 4.82716E-05 
103.5, 4.5, 4.76790E-05 
112.5, 4.5, 4.52593E-05 
121.5, 4.5, 3.35556E-05 
130.5, 4.5, 1.77284E-05 
139.5, 4.5, 5.18519E-06 
148.5, 4.5, 1.48148E-06 
157.5, 4.5, 1.23457E-07 
166.5, 4.5, 2.46914E-08 
175.5, 4.5, 0.00000E+00 
-175.5, -4.5, 0.00000E+00 
-166.5, -4.5, 0.00000E+00 
-157.5, -4.5, 0.00000E+00 
-148.5, -4.5, 0.00000E+00 
-139.5, -4.5, 0.00000E+00 
-130.5, -4.5, 0.00000E+00 
-121.5, -4.5, 0.00000E+00 
-112.5, -4.5, 0.00000E+00 
-103.5, -4.5, 2.46914E-08 
-94.5, -4.5, 7.40741E-08 
-85.5, -4.5, 6.91358E-07 
-76.5, -4.5, 3.70370E-06 
-67.5, -4.5, 5.50617E-06 
-58.5, -4.5, 3.16049E-06 
-49.5, -4.5, 7.65432E-07 
-40.5, -4.5, 4.93827E-08 
-31.5, -4.5, 0.00000E+00 
-22.5, -4.5, 0.00000E+00 
-13.5, -4.5, 0.00000E+00 
-4.5, -4.5, 0.00000E+00 
4.5, -4.5, 0.00000E+00 
13.5, -4.5, 0.00000E+00 
22.5, -4.5, 0.00000E+00 
31.5, -4.5, 0.00000E+00 
40.5, -4.5, 0.00000E+00 
49.5, -4.5, 1.97531E-07 
58.5, -4.5, 1.55556E-06 
67.5, -4.5, 1.09383E-05 
76.5, -4.5, 2.63210E-05 
85.5, -4.5, 4.02963E-05 
94.5, -4.5, 4.66914E-05 
103.5, -4.5, 5.38519E-05 
112.5, -4.5, 5.44938E-05 
121.5, -4.5, 4.79012E-05 
130.5, -4.5, 2.73827E-05 
139.5, -4.5, 9.77778E-06 
148.5, -4.5, 1.87654E-06 
157.5, -4.5, 2.71605E-07 
166.5, -4.5, 2.46914E-08 
175.5, -4.5, 0.00000E+00 
-175.5, -13.5, 0.00000E+00 
-166.5, -13.5, 0.00000E+00 
-157.5, -13.5, 0.00000E+00 
-148.5, -13.5, 0.00000E+00 
-139.5, -13.5, 0.00000E+00 
-130.5, -13.5, 0.00000E+00 
-121.5, -13.5, 0.00000E+00 
-112.5, -13.5, 0.00000E+00 
-103.5, -13.5, 0.00000E+00 
-94.5, -13.5, 9.87654E-08 
-85.5, -13.5, 8.14815E-07 
-76.5, -13.5, 4.00000E-06 
-67.5, -13.5, 8.09877E-06 
-58.5, -13.5, 5.72840E-06 
-49.5, -13.5, 1.53086E-06 
-40.5, -13.5, 7.40741E-08 
-31.5, -13.5, 2.46914E-08 
-22.5, -13.5, 0.00000E+00 
-13.5, -13.5, 0.00000E+00 
-4.5, -13.5, 0.00000E+00 
4.5, -13.5, 0.00000E+00 
13.5, -13.5, 0.00000E+00 
22.5, -13.5, 0.00000E+00 
31.5, -13.5, 0.00000E+00 
40.5, -13.5, 0.00000E+00 
49.5, -13.5, 2.46914E-08 
58.5, -13.5, 8.88889E-07 
67.5, -13.5, 5.30864E-06 
76.5, -13.5, 1.72840E-05 
85.5, -13.5, 2.65432E-05 
94.5, -13.5, 3.61728E-05 
103.5, -13.5, 4.67901E-05 
112.5, -13.5, 5.45185E-05 
121.5, -13.5, 5.02469E-05 
130.5, -13.5, 3.27160E-05 
139.5, -13.5, 1.23210E-05 
148.5, -13.5, 3.06173E-06 
157.5, -13.5, 3.95062E-07 
166.5, -13.5, 4.93827E-08 
175.5, -13.5, 0.00000E+00 
-175.5, -22.5, 0.00000E+00 
-166.5, -22.5, 0.00000E+00 
-157.5, -22.5, 0.00000E+00 
-148.5, -22.5, 0.00000E+00 
-139.5, -22.5, 0.00000E+00 
-130.5, -22.5, 0.00000E+00 
-121.5, -22.5, 0.00000E+00 
-112.5, -22.5, 0.00000E+00 
-103.5, -22.5, 0.00000E+00 
-94.5, -22.5, 4.93827E-08 
-85.5, -22.5, 8.14815E-07 
-76.5, -22.5, 3.77778E-06 
-67.5, -22.5, 9.77778E-06 
-58.5, -22.5, 9.58025E-06 
-49.5, -22.5, 3.30864E-06 
-40.5, -22.5, 3.70370E-07 
-31.5, -22.5, 0.00000E+00 
-22.5, -22.5, 0.00000E+00 
-13.5, -22.5, 0.00000E+00 
-4.5, -22.5, 0.00000E+00 
4.5, -22.5, 0.00000E+00 
13.5, -22.5, 0.00000E+00 
22.5, -22.5, 0.00000E+00 
31.5, -22.5, 0.00000E+00 
40.5, -22.5, 0.00000E+00 
49.5, -22.5, 4.93827E-08 
58.5, -22.5, 5.43210E-07 
67.5, -22.5, 3.90123E-06 
76.5, -22.5, 1.10864E-05 
85.5, -22.5, 1.97037E-05 
94.5, -22.5, 2.41481E-05 
103.5, -22.5, 3.18765E-05 
112.5, -22.5, 4.13086E-05 
121.5, -22.5, 4.35309E-05 
130.5, -22.5, 3.10370E-05 
139.5, -22.5, 1.51852E-05 
148.5, -22.5, 3.80247E-06 
157.5, -22.5, 5.67901E-07 
166.5, -22.5, 0.00000E+00 
175.5, -22.5, 0.00000E+00 
-175.5, -31.5, 0.00000E+00 
-166.5, -31.5, 0.00000E+00 
-157.5, -31.5, 0.00000E+00 
-148.5, -31.5, 0.00000E+00 
-139.5, -31.5, 0.00000E+00 
-130.5, -31.5, 0.00000E+00 
-121.5, -31.5, 0.00000E+00 
-112.5, -31.5, 0.00000E+00 
-103.5, -31.5, 0.00000E+00 
-94.5, -31.5, 0.00000E+00 
-85.5, -31.5, 2.22222E-07 
-76.5, -31.5, 2.96296E-06 
-67.5, -31.5, 7.43210E-06 
-58.5, -31.5, 1.13086E-05 
-49.5, -31.5, 6.51852E-06 
-40.5, -31.5, 1.20988E-06 
-31.5, -31.5, 7.40741E-08 
-22.5, -31.5, 2.46914E-08 
-13.5, -31.5, 0.00000E+00 
-4.5, -31.5, 0.00000E+00 
4.5, -31.5, 0.00000E+00 
13.5, -31.5, 0.00000E+00 
22.5, -31.5, 0.00000E+00 
31.5, -31.5, 0.00000E+00 
40.5, -31.5, 0.00000E+00 
49.5, -31.5, 2.46914E-08 
58.5, -31.5, 2.46914E-07 
67.5, -31.5, 2.79012E-06 
76.5, -31.5, 8.22222E-06 
85.5, -31.5, 1.37778E-05 
94.5, -31.5, 1.59012E-05 
103.5, -31.5, 2.10370E-05 
112.5, -31.5, 2.78765E-05 
121.5, -31.5, 3.20247E-05 
130.5, -31.5, 2.64444E-05 
139.5, -31.5, 1.33333E-05 
148.5, -31.5, 3.77778E-06 
157.5, -31.5, 6.17284E-07 
166.5, -31.5, 9.87654E-08 
175.5, -31.5, 0.00000E+00 
-175.5, -40.5, 0.00000E+00 
-166.5, -40.5, 0.00000E+00 
-157.5, -40.5, 0.00000E+00 
-148.5, -40.5, 0.00000E+00 
-139.5, -40.5, 0.00000E+00 
-130.5, -40.5, 0.00000E+00 
-121.5, -40.5, 0.00000E+00 
-112.5, -40.5, 0.00000E+00 
-103.5, -40.5, 0.00000E+00 
-94.5, -40.5, 2.46914E-08 
-85.5, -40.5, 3.20988E-07 
-76.5, -40.5, 1.70370E-06 
-67.5, -40.5, 6.64198E-06 
-58.5, -40.5, 1.01728E-05 
-49.5, -40.5, 7.23457E-06 
-40.5, -40.5, 2.61728E-06 
-31.5, -40.5, 2.96296E-07 
-22.5, -40.5, 0.00000E+00 
-13.5, -40.5, 0.00000E+00 
-4.5, -40.5, 0.00000E+00 
4.5, -40.5, 0.00000E+00 
13.5, -40.5, 0.00000E+00 
22.5, -40.5, 0.00000E+00 
31.5, -40.5, 0.00000E+00 
40.5, -40.5, 0.00000E+00 
49.5, -40.5, 0.00000E+00 
58.5, -40.5, 2.96296E-07 
67.5, -40.5, 2.19753E-06 
76.5, -40.5, 7.70370E-06 
85.5, -40.5, 1.21235E-05 
94.5, -40.5, 1.28395E-05 
103.5, -40.5, 1.37284E-05 
112.5, -40.5, 1.54074E-05 
121.5, -40.5, 2.14074E-05 
130.5, -40.5, 2.01235E-05 
139.5, -40.5, 1.14321E-05 
148.5, -40.5, 3.35802E-06 
157.5, -40.5, 6.91358E-07 
166.5, -40.5, 7.40741E-08 
175.5, -40.5, 0.00000E+00 
-175.5, -49.5, 0.00000E+00 
-166.5, -49.5, 0.00000E+00 
-157.5, -49.5, 0.00000E+00 
-148.5, -49.5, 0.00000E+00 
-139.5, -49.5, 0.00000E+00 
-130.5, -49.5, 0.00000E+00 
-121.5, -49.5, 0.00000E+00 
-112.5, -49.5, 0.00000E+00 
-103.5, -49.5, 0.00000E+00 
-94.5, -49.5, 0.00000E+00 
-85.5, -49.5, 1.48148E-07 
-76.5, -49.5, 1.13580E-06 
-67.5, -49.5, 4.46914E-06 
-58.5, -49.5, 8.81481E-06 
-49.5, -49.5, 7.92593E-06 
-40.5, -49.5, 3.30864E-06 
-31.5, -49.5, 9.87654E-07 
-22.5, -49.5, 4.93827E-08 
-13.5, -49.5, 0.00000E+00 
-4.5, -49.5, 0.00000E+00 
4.5, -49.5, 0.00000E+00 
13.5, -49.5, 0.00000E+00 
22.5, -49.5, 0.00000E+00 
31.5, -49.5, 0.00000E+00 
40.5, -49.5, 0.00000E+00 
49.5, -49.5, 0.00000E+00 
58.5, -49.5, 2.71605E-07 
67.5, -49.5, 2.37037E-06 
76.5, -49.5, 7.95062E-06 
85.5, -49.5, 1.14815E-05 
94.5, -49.5, 1.18025E-05 
103.5, -49.5, 1.13580E-05 
112.5, -49.5, 1.19012E-05 
121.5, -49.5, 1.49136E-05 
130.5, -49.5, 1.42222E-05 
139.5, -49.5, 8.00000E-06 
148.5, -49.5, 3.28395E-06 
157.5, -49.5, 8.39506E-07 
166.5, -49.5, 7.40741E-08 
175.5, -49.5, 2.46914E-08 
-175.5, -58.5, 0.00000E+00 
-166.5, -58.5, 0.00000E+00 
-157.5, -58.5, 0.00000E+00 
-148.5, -58.5, 0.00000E+00 
-139.5, -58.5, 0.00000E+00 
-130.5, -58.5, 0.00000E+00 
-121.5, -58.5, 0.00000E+00 
-112.5, -58.5, 0.00000E+00 
-103.5, -58.5, 0.00000E+00 
-94.5, -58.5, 0.00000E+00 
-85.5, -58.5, 1.97531E-07 
-76.5, -58.5, 1.16049E-06 
-67.5, -58.5, 3.33333E-06 
-58.5, -58.5, 6.07407E-06 
-49.5, -58.5, 6.32099E-06 
-40.5, -58.5, 3.67901E-06 
-31.5, -58.5, 1.16049E-06 
-22.5, -58.5, 2.46914E-07 
-13.5, -58.5, 0.00000E+00 
-4.5, -58.5, 0.00000E+00 
4.5, -58.5, 0.00000E+00 
13.5, -58.5, 0.00000E+00 
22.5, -58.5, 0.00000E+00 
31.5, -58.5, 0.00000E+00 
40.5, -58.5, 0.00000E+00 
49.5, -58.5, 4.93827E-08 
58.5, -58.5, 3.70370E-07 
67.5, -58.5, 2.98765E-06 
76.5, -58.5, 8.44444E-06 
85.5, -58.5, 1.29630E-05 
94.5, -58.5, 1.04444E-05 
103.5, -58.5, 9.55556E-06 
112.5, -58.5, 1.04691E-05 
121.5, -58.5, 1.22222E-05 
130.5, -58.5, 1.28395E-05 
139.5, -58.5, 7.23457E-06 
148.5, -58.5, 4.00000E-06 
157.5, -58.5, 1.18519E-06 
166.5, -58.5, 1.23457E-07 
175.5, -58.5, 4.93827E-08 
-175.5, -67.5, 0.00000E+00 
-166.5, -67.5, 0.00000E+00 
-157.5, -67.5, 0.00000E+00 
-148.5, -67.5, 0.00000E+00 
-139.5, -67.5, 0.00000E+00 
-130.5, -67.5, 0.00000E+00 
-121.5, -67.5, 0.00000E+00 
-112.5, -67.5, 0.00000E+00 
-103.5, -67.5, 0.00000E+00 
-94.5, -67.5, 0.00000E+00 
-85.5, -67.5, 2.71605E-07 
-76.5, -67.5, 6.17284E-07 
-67.5, -67.5, 2.69136E-06 
-58.5, -67.5, 4.19753E-06 
-49.5, -67.5, 4.02469E-06 
-40.5, -67.5, 3.48148E-06 
-31.5, -67.5, 1.06173E-06 
-22.5, -67.5, 2.46914E-07 
-13.5, -67.5, 7.40741E-08 
-4.5, -67.5, 0.00000E+00 
4.5, -67.5, 0.00000E+00 
13.5, -67.5, 0.00000E+00 
22.5, -67.5, 0.00000E+00 
31.5, -67.5, 0.00000E+00 
40.5, -67.5, 0.00000E+00 
49.5, -67.5, 9.87654E-08 
58.5, -67.5, 6.91358E-07 
67.5, -67.5, 4.39506E-06 
76.5, -67.5, 1.25926E-05 
85.5, -67.5, 1.43457E-05 
94.5, -67.5, 1.16790E-05 
103.5, -67.5, 9.75309E-06 
112.5, -67.5, 1.07407E-05 
121.5, -67.5, 1.15802E-05 
130.5, -67.5, 1.31605E-05 
139.5, -67.5, 8.34568E-06 
148.5, -67.5, 3.82716E-06 
157.5, -67.5, 1.85185E-06 
166.5, -67.5, 4.93827E-07 
175.5, -67.5, 7.40741E-08 
-175.5, -76.5, 0.00000E+00 
-166.5, -76.5, 0.00000E+00 
-157.5, -76.5, 0.00000E+00 
-148.5, -76.5, 0.00000E+00 
-139.5, -76.5, 0.00000E+00 
-130.5, -76.5, 0.00000E+00 
-121.5, -76.5, 0.00000E+00 
-112.5, -76.5, 0.00000E+00 
-103.5, -76.5, 0.00000E+00 
-94.5, -76.5, 0.00000E+00 
-85.5, -76.5, 1.23457E-07 
-76.5, -76.5, 5.67901E-07 
-67.5, -76.5, 2.14815E-06 
-58.5, -76.5, 2.86420E-06 
-49.5, -76.5, 2.61728E-06 
-40.5, -76.5, 1.80247E-06 
-31.5, -76.5, 9.38272E-07 
-22.5, -76.5, 2.46914E-07 
-13.5, -76.5, 7.40741E-08 
-4.5, -76.5, 2.46914E-08 
4.5, -76.5, 2.46914E-08 
13.5, -76.5, 0.00000E+00 
22.5, -76.5, 0.00000E+00 
31.5, -76.5, 0.00000E+00 
40.5, -76.5, 0.00000E+00 
49.5, -76.5, 4.93827E-08 
58.5, -76.5, 1.40741E-06 
67.5, -76.5, 6.54321E-06 
76.5, -76.5, 1.41975E-05 
85.5, -76.5, 1.73086E-05 
94.5, -76.5, 1.25432E-05 
103.5, -76.5, 1.06914E-05 
112.5, -76.5, 1.08395E-05 
121.5, -76.5, 1.26420E-05 
130.5, -76.5, 1.32840E-05 
139.5, -76.5, 9.58025E-06 
148.5, -76.5, 4.88889E-06 
157.5, -76.5, 2.44444E-06 
166.5, -76.5, 5.67901E-07 
175.5, -76.5, 1.23457E-07 
-175.5, -85.5, 2.46914E-08 
-166.5, -85.5, 0.00000E+00 
-157.5, -85.5, 0.00000E+00 
-148.5, -85.5, 0.00000E+00 
-139.5, -85.5, 0.00000E+00 
-130.5, -85.5, 0.00000E+00 
-121.5, -85.5, 0.00000E+00 
-112.5, -85.5, 0.00000E+00 
-103.5, -85.5, 0.00000E+00 
-94.5, -85.5, 0.00000E+00 
-85.5, -85.5, 9.87654E-08 
-76.5, -85.5, 3.95062E-07 
-67.5, -85.5, 1.08642E-06 
-58.5, -85.5, 1.30864E-06 
-49.5, -85.5, 1.33333E-06 
-40.5, -85.5, 8.64198E-07 
-31.5, -85.5, 5.67901E-07 
-22.5, -85.5, 7.40741E-08 
-13.5, -85.5, 1.72840E-07 
-4.5, -85.5, 2.46914E-08 
4.5, -85.5, 2.46914E-08 
13.5, -85.5, 2.46914E-08 
22.5, -85.5, 2.46914E-08 
31.5, -85.5, 2.46914E-08 
40.5, -85.5, 7.40741E-08 
49.5, -85.5, 6.91358E-07 
58.5, -85.5, 3.33333E-06 
67.5, -85.5, 1.11111E-05 
76.5, -85.5, 1.82222E-05 
85.5, -85.5, 1.81728E-05 
94.5, -85.5, 1.37778E-05 
103.5, -85.5, 1.23951E-05 
112.5, -85.5, 1.24938E-05 
121.5, -85.5, 1.42716E-05 
130.5, -85.5, 1.26173E-05 
139.5, -85.5, 1.02469E-05 
148.5, -85.5, 6.49383E-06 
157.5, -85.5, 2.98765E-06 
166.5, -85.5, 1.45679E-06 
175.5, -85.5, 1.72840E-07 
-175.5, -94.5, 9.87654E-08 
-166.5, -94.5, 0.00000E+00 
-157.5, -94.5, 0.00000E+00 
-148.5, -94.5, 0.00000E+00 
-139.5, -94.5, 0.00000E+00 
-130.5, -94.5, 0.00000E+00 
-121.5, -94.5, 0.00000E+00 
-112.5, -94.5, 0.00000E+00 
-103.5, -94.5, 0.00000E+00 
-94.5, -94.5, 0.00000E+00 
-85.5, -94.5, 7.40741E-08 
-76.5, -94.5, 3.70370E-07 
-67.5, -94.5, 7.90123E-07 
-58.5, -94.5, 6.66667E-07 
-49.5, -94.5, 4.19753E-07 
-40.5, -94.5, 2.22222E-07 
-31.5, -94.5, 1.23457E-07 
-22.5, -94.5, 9.87654E-08 
-13.5, -94.5, 7.40741E-08 
-4.5, -94.5, 9.87654E-08 
4.5, -94.5, 1.23457E-07 
13.5, -94.5, 4.93827E-08 
22.5, -94.5, 2.46914E-08 
31.5, -94.5, 1.48148E-07 
40.5, -94.5, 5.92593E-07 
49.5, -94.5, 2.79012E-06 
58.5, -94.5, 8.98765E-06 
67.5, -94.5, 1.99012E-05 
76.5, -94.5, 2.70617E-05 
85.5, -94.5, 2.29630E-05 
94.5, -94.5, 1.77778E-05 
103.5, -94.5, 1.40494E-05 
112.5, -94.5, 1.44938E-05 
121.5, -94.5, 1.43457E-05 
130.5, -94.5, 1.46173E-05 
139.5, -94.5, 1.18272E-05 
148.5, -94.5, 7.50617E-06 
157.5, -94.5, 3.82716E-06 
166.5, -94.5, 1.85185E-06 
175.5, -94.5, 4.93827E-07 
-175.5, -103.5, 2.46914E-08 
-166.5, -103.5, 0.00000E+00 
-157.5, -103.5, 0.00000E+00 
-148.5, -103.5, 0.00000E+00 
-139.5, -103.5, 0.00000E+00 
-130.5, -103.5, 0.00000E+00 
-121.5, -103.5, 0.00000E+00 
-112.5, -103.5, 0.00000E+00 
-103.5, -103.5, 0.00000E+00 
-94.5, -103.5, 2.46914E-08 
-85.5, -103.5, 2.46914E-08 
-76.5, -103.5, 2.22222E-07 
-67.5, -103.5, 3.95062E-07 
-58.5, -103.5, 2.22222E-07 
-49.5, -103.5, 7.40741E-08 
-40.5, -103.5, 4.93827E-08 
-31.5, -103.5, 2.46914E-08 
-22.5, -103.5, 2.46914E-08 
-13.5, -103.5, 2.46914E-08 
-4.5, -103.5, 4.93827E-08 
4.5, -103.5, 4.93827E-08 
13.5, -103.5, 9.87654E-08 
22.5, -103.5, 3.20988E-07 
31.5, -103.5, 7.65432E-07 
40.5, -103.5, 2.49383E-06 
49.5, -103.5, 8.02469E-06 
58.5, -103.5, 2.02716E-05 
67.5, -103.5, 3.45926E-05 
76.5, -103.5, 3.96543E-05 
85.5, -103.5, 3.19259E-05 
94.5, -103.5, 2.47160E-05 
103.5, -103.5, 1.90123E-05 
112.5, -103.5, 1.77284E-05 
121.5, -103.5, 1.70864E-05 
130.5, -103.5, 1.74568E-05 
139.5, -103.5, 1.36296E-05 
148.5, -103.5, 9.60494E-06 
157.5, -103.5, 6.64198E-06 
166.5, -103.5, 2.76543E-06 
175.5, -103.5, 7.16049E-07 
-175.5, -112.5, 7.40741E-08 
-166.5, -112.5, 0.00000E+00 
-157.5, -112.5, 0.00000E+00 
-148.5, -112.5, 0.00000E+00 
-139.5, -112.5, 0.00000E+00 
-130.5, -112.5, 0.00000E+00 
-121.5, -112.5, 0.00000E+00 
-112.5, -112.5, 0.00000E+00 
-103.5, -112.5, 0.00000E+00 
-94.5, -112.5, 2.46914E-08 
-85.5, -112.5, 1.72840E-07 
-76.5, -112.5, 2.71605E-07 
-67.5, -112.5, 2.71605E-07 
-58.5, -112.5, 2.96296E-07 
-49.5, -112.5, 1.72840E-07 
-40.5, -112.5, 4.93827E-08 
-31.5, -112.5, 0.00000E+00 
-22.5, -112.5, 0.00000E+00 
-13.5, -112.5, 2.46914E-08 
-4.5, -112.5, 2.46914E-08 
4.5, -112.5, 0.00000E+00 
13.5, -112.5, 7.40741E-08 
22.5, -112.5, 5.67901E-07 
31.5, -112.5, 2.39506E-06 
40.5, -112.5, 8.07407E-06 
49.5, -112.5, 2.12840E-05 
58.5, -112.5, 4.65679E-05 
67.5, -112.5, 6.44938E-05 
76.5, -112.5, 6.15309E-05 
85.5, -112.5, 4.54815E-05 
94.5, -112.5, 3.16790E-05 
103.5, -112.5, 2.68889E-05 
112.5, -112.5, 2.39753E-05 
121.5, -112.5, 2.20494E-05 
130.5, -112.5, 2.24444E-05 
139.5, -112.5, 1.88148E-05 
148.5, -112.5, 1.41728E-05 
157.5, -112.5, 9.70370E-06 
166.5, -112.5, 4.61728E-06 
175.5, -112.5, 1.01235E-06 
-175.5, -121.5, 1.48148E-07 
-166.5, -121.5, 2.46914E-08 
-157.5, -121.5, 0.00000E+00 
-148.5, -121.5, 0.00000E+00 
-139.5, -121.5, 0.00000E+00 
-130.5, -121.5, 0.00000E+00 
-121.5, -121.5, 0.00000E+00 
-112.5, -121.5, 0.00000E+00 
-103.5, -121.5, 0.00000E+00 
-94.5, -121.5, 2.46914E-08 
-85.5, -121.5, 2.46914E-08 
-76.5, -121.5, 3.45679E-07 
-67.5, -121.5, 2.71605E-07 
-58.5, -121.5, 1.23457E-07 
-49.5, -121.5, 7.40741E-08 
-40.5, -121.5, 2.46914E-08 
-31.5, -121.5, 0.00000E+00 
-22.5, -121.5, 0.00000E+00 
-13.5, -121.5, 0.00000E+00 
-4.5, -121.5, 0.00000E+00 
4.5, -121.5, 0.00000E+00 
13.5, -121.5, 2.22222E-07 
22.5, -121.5, 5.18519E-07 
31.5, -121.5, 3.75309E-06 
40.5, -121.5, 1.46667E-05 
49.5, -121.5, 4.26173E-05 
58.5, -121.5, 8.57037E-05 
67.5, -121.5, 1.09062E-04 
76.5, -121.5, 1.00123E-04 
85.5, -121.5, 6.92840E-05 
94.5, -121.5, 4.93333E-05 
103.5, -121.5, 3.74568E-05 
112.5, -121.5, 3.35309E-05 
121.5, -121.5, 3.26420E-05 
130.5, -121.5, 3.26420E-05 
139.5, -121.5, 3.05679E-05 
148.5, -121.5, 2.35556E-05 
157.5, -121.5, 1.60494E-05 
166.5, -121.5, 8.46914E-06 
175.5, -121.5, 2.09877E-06 
-175.5, -130.5, 3.20988E-07 
-166.5, -130.5, 2.46914E-08 
-157.5, -130.5, 0.00000E+00 
-148.5, -130.5, 0.00000E+00 
-139.5, -130.5, 0.00000E+00 
-130.5, -130.5, 0.00000E+00 
-121.5, -130.5, 0.00000E+00 
-112.5, -130.5, 0.00000E+00 
-103.5, -130.5, 0.00000E+00 
-94.5, -130.5, 2.46914E-08 
-85.5, -130.5, 7.40741E-08 
-76.5, -130.5, 3.45679E-07 
-67.5, -130.5, 2.46914E-07 
-58.5, -130.5, 7.40741E-08 
-49.5, -130.5, 0.00000E+00 
-40.5, -130.5, 2.46914E-08 
-31.5, -130.5, 0.00000E+00 
-22.5, -130.5, 0.00000E+00 
-13.5, -130.5, 0.00000E+00 
-4.5, -130.5, 0.00000E+00 
4.5, -130.5, 0.00000E+00 
13.5, -130.5, 4.93827E-08 
22.5, -130.5, 2.96296E-07 
31.5, -130.5, 3.25926E-06 
40.5, -130.5, 1.86420E-05 
49.5, -130.5, 6.37778E-05 
58.5, -130.5, 1.32765E-04 
67.5, -130.5, 1.71926E-04 
76.5, -130.5, 1.47481E-04 
85.5, -130.5, 1.06444E-04 
94.5, -130.5, 7.27654E-05 
103.5, -130.5, 5.73827E-05 
112.5, -130.5, 5.20988E-05 
121.5, -130.5, 5.23457E-05 
130.5, -130.5, 5.15309E-05 
139.5, -130.5, 4.82222E-05 
148.5, -130.5, 3.80494E-05 
157.5, -130.5, 2.73333E-05 
166.5, -130.5, 1.31605E-05 
175.5, -130.5, 3.53086E-06 
-175.5, -139.5, 4.44444E-07 
-166.5, -139.5, 9.87654E-08 
-157.5, -139.5, 0.00000E+00 
-148.5, -139.5, 0.00000E+00 
-139.5, -139.5, 0.00000E+00 
-130.5, -139.5, 0.00000E+00 
-121.5, -139.5, 0.00000E+00 
-112.5, -139.5, 0.00000E+00 
-103.5, -139.5, 0.00000E+00 
-94.5, -139.5, 0.00000E+00 
-85.5, -139.5, 1.48148E-07 
-76.5, -139.5, 4.93827E-07 
-67.5, -139.5, 4.44444E-07 
-58.5, -139.5, 2.71605E-07 
-49.5, -139.5, 9.87654E-08 
-40.5, -139.5, 0.00000E+00 
-31.5, -139.5, 0.00000E+00 
-22.5, -139.5, 0.00000E+00 
-13.5, -139.5, 0.00000E+00 
-4.5, -139.5, 0.00000E+00 
4.5, -139.5, 0.00000E+00 
13.5, -139.5, 0.00000E+00 
22.5, -139.5, 1.23457E-07 
31.5, -139.5, 2.17284E-06 
40.5, -139.5, 1.56543E-05 
49.5, -139.5, 6.69383E-05 
58.5, -139.5, 1.59210E-04 
67.5, -139.5, 2.19753E-04 
76.5, -139.5, 1.96321E-04 
85.5, -139.5, 1.44617E-04 
94.5, -139.5, 1.02444E-04 
103.5, -139.5, 8.40000E-05 
112.5, -139.5, 7.97531E-05 
121.5, -139.5, 8.13086E-05 
130.5, -139.5, 8.12099E-05 
139.5, -139.5, 7.34321E-05 
148.5, -139.5, 5.69383E-05 
157.5, -139.5, 4.09877E-05 
166.5, -139.5, 2.08889E-05 
175.5, -139.5, 5.60494E-06 
-175.5, -148.5, 5.18519E-07 
-166.5, -148.5, 2.46914E-08 
-157.5, -148.5, 0.00000E+00 
-148.5, -148.5, 0.00000E+00 
-139.5, -148.5, 0.00000E+00 
-130.5, -148.5, 0.00000E+00 
-121.5, -148.5, 0.00000E+00 
-112.5, -148.5, 0.00000E+00 
-103.5, -148.5, 0.00000E+00 
-94.5, -148.5, 0.00000E+00 
-85.5, -148.5, 2.46914E-07 
-76.5, -148.5, 7.16049E-07 
-67.5, -148.5, 6.66667E-07 
-58.5, -148.5, 2.96296E-07 
-49.5, -148.5, 0.00000E+00 
-40.5, -148.5, 0.00000E+00 
-31.5, -148.5, 2.46914E-08 
-22.5, -148.5, 0.00000E+00 
-13.5, -148.5, 0.00000E+00 
-4.5, -148.5, 0.00000E+00 
4.5, -148.5, 0.00000E+00 
13.5, -148.5, 0.00000E+00 
22.5, -148.5, 7.40741E-08 
31.5, -148.5, 7.65432E-07 
40.5, -148.5, 8.07407E-06 
49.5, -148.5, 4.72593E-05 
58.5, -148.5, 1.37062E-04 
67.5, -148.5, 2.09111E-04 
76.5, -148.5, 2.03037E-04 
85.5, -148.5, 1.55704E-04 
94.5, -148.5, 1.18346E-04 
103.5, -148.5, 1.03037E-04 
112.5, -148.5, 1.03259E-04 
121.5, -148.5, 1.08173E-04 
130.5, -148.5, 1.04000E-04 
139.5, -148.5, 9.30617E-05 
148.5, -148.5, 7.11852E-05 
157.5, -148.5, 4.99506E-05 
166.5, -148.5, 2.42963E-05 
175.5, -148.5, 6.59259E-06 
-175.5, -157.5, 7.16049E-07 
-166.5, -157.5, 4.93827E-08 
-157.5, -157.5, 0.00000E+00 
-148.5, -157.5, 0.00000E+00 
-139.5, -157.5, 0.00000E+00 
-130.5, -157.5, 0.00000E+00 
-121.5, -157.5, 0.00000E+00 
-112.5, -157.5, 0.00000E+00 
-103.5, -157.5, 0.00000E+00 
-94.5, -157.5, 7.40741E-08 
-85.5, -157.5, 1.97531E-07 
-76.5, -157.5, 7.16049E-07 
-67.5, -157.5, 6.17284E-07 
-58.5, -157.5, 3.95062E-07 
-49.5, -157.5, 2.46914E-08 
-40.5, -157.5, 0.00000E+00 
-31.5, -157.5, 0.00000E+00 
-22.5, -157.5, 0.00000E+00 
-13.5, -157.5, 0.00000E+00 
-4.5, -157.5, 0.00000E+00 
4.5, -157.5, 0.00000E+00 
13.5, -157.5, 0.00000E+00 
22.5, -157.5, 0.00000E+00 
31.5, -157.5, 7.40741E-08 
40.5, -157.5, 2.64198E-06 
49.5, -157.5, 2.00494E-05 
58.5, -157.5, 7.55062E-05 
67.5, -157.5, 1.34889E-04 
76.5, -157.5, 1.51235E-04 
85.5, -157.5, 1.27457E-04 
94.5, -157.5, 1.02173E-04 
103.5, -157.5, 9.00494E-05 
112.5, -157.5, 9.57037E-05 
121.5, -157.5, 1.01111E-04 
130.5, -157.5, 1.01481E-04 
139.5, -157.5, 8.60000E-05 
148.5, -157.5, 6.47654E-05 
157.5, -157.5, 4.48395E-05 
166.5, -157.5, 2.29630E-05 
175.5, -157.5, 6.02469E-06 
-175.5, -166.5, 3.45679E-07 
-166.5, -166.5, 4.93827E-08 
-157.5, -166.5, 0.00000E+00 
-148.5, -166.5, 0.00000E+00 
-139.5, -166.5, 0.00000E+00 
-130.5, -166.5, 0.00000E+00 
-121.5, -166.5, 0.00000E+00 
-112.5, -166.5, 0.00000E+00 
-103.5, -166.5, 0.00000E+00 
-94.5, -166.5, 2.46914E-08 
-85.5, -166.5, 7.40741E-08 
-76.5, -166.5, 7.65432E-07 
-67.5, -166.5, 8.14815E-07 
-58.5, -166.5, 5.18519E-07 
-49.5, -166.5, 1.48148E-07 
-40.5, -166.5, 4.93827E-08 
-31.5, -166.5, 0.00000E+00 
-22.5, -166.5, 0.00000E+00 
-13.5, -166.5, 0.00000E+00 
-4.5, -166.5, 0.00000E+00 
4.5, -166.5, 0.00000E+00 
13.5, -166.5, 0.00000E+00 
22.5, -166.5, 2.46914E-08 
31.5, -166.5, 0.00000E+00 
40.5, -166.5, 2.96296E-07 
49.5, -166.5, 5.03704E-06 
58.5, -166.5, 2.74815E-05 
67.5, -166.5, 6.30617E-05 
76.5, -166.5, 8.23457E-05 
85.5, -166.5, 7.60988E-05 
94.5, -166.5, 6.85185E-05 
103.5, -166.5, 6.19506E-05 
112.5, -166.5, 6.75556E-05 
121.5, -166.5, 6.98519E-05 
130.5, -166.5, 7.14568E-05 
139.5, -166.5, 5.80494E-05 
148.5, -166.5, 4.52346E-05 
157.5, -166.5, 3.04198E-05 
166.5, -166.5, 1.50864E-05 
175.5, -166.5, 3.65432E-06 
-175.5, -175.5, 1.72840E-07 
-166.5, -175.5, 0.00000E+00 
-157.5, -175.5, 0.00000E+00 
-148.5, -175.5, 0.00000E+00 
-139.5, -175.5, 0.00000E+00 
-130.5, -175.5, 0.00000E+00 
-121.5, -175.5, 0.00000E+00 
-112.5, -175.5, 0.00000E+00 
-103.5, -175.5, 0.00000E+00 
-94.5, -175.5, 0.00000E+00 
-85.5, -175.5, 9.87654E-08 
-76.5, -175.5, 4.93827E-07 
-67.5, -175.5, 7.16049E-07 
-58.5, -175.5, 6.66667E-07 
-49.5, -175.5, 7.40741E-08 
-40.5, -175.5, 0.00000E+00 
-31.5, -175.5, 0.00000E+00 
-22.5, -175.5, 0.00000E+00 
-13.5, -175.5, 0.00000E+00 
-4.5, -175.5, 0.00000E+00 
4.5, -175.5, 0.00000E+00 
13.5, -175.5, 0.00000E+00 
22.5, -175.5, 0.00000E+00 
31.5, -175.5, 0.00000E+00 
40.5, -175.5, 4.93827E-08 
49.5, -175.5, 9.13580E-07 
58.5, -175.5, 6.24691E-06 
67.5, -175.5, 2.04938E-05 
76.5, -175.5, 3.22222E-05 
85.5, -175.5, 3.55556E-05 
94.5, -175.5, 3.26914E-05 
103.5, -175.5, 3.27407E-05 
112.5, -175.5, 3.78025E-05 
121.5, -175.5, 3.76543E-05 
130.5, -175.5, 3.73580E-05 
139.5, -175.5, 3.10123E-05 
148.5, -175.5, 2.09383E-05 
157.5, -175.5, 1.28889E-05 
166.5, -175.5, 6.91358E-06 
175.5, -175.5, 1.70370E-06 
